seq_num,delay_ms
0,37.5755
1,38.2269
2,40.2103
3,40.6153
4,41.1669
5,36.1753
6,40.8918
7,37.5897
8,37.4489
9,40.6613
10,41.2945
11,39.3567
12,37.4509
13,39.7491
14,43.2934
15,35.5116
16,39.0447
17,37.1257
18,37.2563
19,39.4996
20,39.6157
21,42.922
22,40.5571
23,42.6662
24,39.352
25,40.5687
26,39.5903
27,39.6111
28,39.9909
29,40.6832
30,39.9146
31,40.9369
32,41.1868
33,41.3852
34,41.1699
35,36.6832
36,43.7968
37,40.9601
38,38.7023
39,45.4431
40,39.6933
41,42.5036
42,35.0828
43,38.7586
44,39.3354
45,38.462
46,38.5792
47,38.4301
48,41.3397
49,38.2931
50,42.9556
51,40.3273
52,41.9276
53,46.1948
54,37.3455
55,37.5271
56,39.7519
57,40.7008
58,39.2346
59,39.3128
60,40.6806
61,37.7234
62,40.5718
63,42.6867
64,38.8219
65,41.08
66,42.1997
67,41.5266
68,42.9222
69,41.0015
70,39.5661
71,41.7959
72,41.6005
73,43.3543
74,38.732
75,39.77
76,41.3281
77,37.3042
78,41.9938
79,39.6602
80,45.0286
81,40.0545
82,37.3197
83,39.7534
84,37.8076
85,39.5849
86,41.5934
87,38.7192
88,38.8095
89,41.8179
90,39.4217
91,37.6003
92,41.0221
93,40.0367
94,38.7454
95,40.608
96,42.7376
97,42.3645
98,40.3405
99,37.6658
100,39.743
101,42.8812
102,39.3679
103,39.4861
104,40.7525
105,36.9183
106,38.0213
107,40.2769
108,40.6177
109,37.0078
110,40.5667
111,39.6497
112,43.4202
113,43.5856
114,39.5109
115,42.5862
116,43.6247
117,40.7052
118,40.7601
119,36.9064
120,39.0339
121,39.6453
122,41.4824
123,37.2443
124,39.3068
125,39.5204
126,38.6827
127,37.8778
128,38.9233
129,37.331
130,37.4365
131,40.5186
132,36.6697
133,39.7515
134,40.8832
135,37.6442
136,35.1732
137,41.5478
138,41.2882
139,40.3638
140,42.0128
141,37.5976
142,38.8447
143,37.9019
144,39.1744
145,39.4061
146,38.501
147,39.5871
148,38.7191
149,38.9873
150,36.3894
151,40.0979
152,36.3199
153,40.805
154,42.3209
155,37.5637
156,37.0276
157,36.5579
158,39.9256
159,39.286
160,40.5504
161,36.6513
162,37.7601
163,43.8207
164,45.2375
165,37.9263
166,39.7385
167,38.8589
168,39.4093
169,38.8772
170,42.1595
171,41.4619
172,38.2781
173,39.0901
174,34.3017
175,43.0285
176,35.3451
177,39.2953
178,39.2132
179,35.7762
180,40.7645
181,37.9041
182,37.7079
183,41.5461
184,40.9134
185,40.078
186,40.6822
187,43.8311
188,42.1572
189,37.0152
190,43.0809
191,39.6079
192,44.3093
193,43.6751
194,41.7039
195,38.9955
196,34.0421
197,41.4589
198,39.6304
199,41.8036
200,42.2779
201,40.6033
202,37.8694
203,41.0398
204,37.8105
205,42.8827
206,41.0791
207,41.3786
208,41.5062
209,40.5539
210,42.0148
211,39.617
212,39.7307
213,34.8447
214,42.0016
215,42.0391
216,40.3458
217,38.5319
218,39.2521
219,38.299
220,39.6295
221,38.6627
222,39.8936
223,41.4599
224,40.5145
225,40.5622
226,40.5496
227,42.5455
228,41.8445
229,41.0016
230,42.4337
231,40.0034
232,39.1032
233,35.3603
234,41.6495
235,39.7173
236,42.8262
237,37.1829
238,41.6878
239,37.7275
240,39.377
241,40.8693
242,39.9391
243,40.0682
244,38.3387
245,37.4967
246,42.3909
247,41.6995
248,40.1053
249,36.5124
250,41.6078
251,39.4934
252,43.4205
253,39.5477
254,41.0763
255,40.3904
256,41.1841
257,41.2929
258,44.5753
259,37.4761
260,36.8957
261,37.9045
262,40.4362
263,37.25
264,41.3119
265,41.7473
266,39.8327
267,40.8211
268,40.7232
269,41.1751
270,42.397
271,37.0543
272,39.1554
273,42.2707
274,39.4549
275,40.0235
276,37.1176
277,38.3057
278,41.4763
279,40.8282
280,39.0379
281,37.1733
282,40.692
283,39.2946
284,39.5675
285,40.9286
286,39.1162
287,41.3638
288,37.1087
289,40.0127
290,40.0255
291,40.8813
292,40.9109
293,38.1354
294,38.3756
295,42.4365
296,39.9985
297,39.9182
298,42.0969
299,38.8823
300,40.6506
301,42.1336
302,42.102
303,41.1736
304,38.2924
305,37.7873
306,40.0137
307,36.2918
308,40.5234
309,37.9549
310,37.7879
311,41.1795
312,39.2572
313,39.3461
314,40.3762
315,41.0549
316,41.0946
317,38.3728
318,41.7682
319,37.5967
320,39.6768
321,37.8257
322,39.0727
323,44.0905
324,39.2181
325,39.6948
326,39.8815
327,40.291
328,40.5813
329,40.2098
330,39.157
331,39.6219
332,40.9585
333,39.1132
334,42.7206
335,41.9181
336,38.315
337,35.9162
338,42.2507
339,37.826
340,37.6173
341,36.4545
342,39.8403
343,40.8907
344,41.4212
345,41.7211
346,34.9071
347,35.4428
348,44.3184
349,38.3655
350,40.3773
351,40.7537
352,40.8308
353,39.5192
354,40.7401
355,41.812
356,40.4781
357,42.4903
358,38.7384
359,39.95
360,40.4685
361,40.6451
362,41.8426
363,41.1994
364,38.0753
365,38.6032
366,42.8644
367,39.0768
368,40.826
369,39.0625
370,41.257
371,39.823
372,40.509
373,44.5964
374,41.1364
375,40.7443
376,39.269
377,39.4748
378,42.6091
379,39.8591
380,37.3853
381,40.021
382,41.0399
383,41.2632
384,40.5958
385,37.157
386,39.7227
387,39.9674
388,40.8592
389,39.1623
390,39.2598
391,38.7053
392,38.7966
393,40.2117
394,40.2369
395,39.3161
396,39.5604
397,41.7105
398,39.7418
399,38.8988
400,40.9208
401,37.2209
402,42.6777
403,41.3595
404,41.3945
405,39.0888
406,37.3697
407,38.1629
408,38.3274
409,43.9353
410,41.0857
411,41.7468
412,37.124
413,40.9505
414,40.9946
415,41.0084
416,41.5273
417,41.8831
418,34.5659
419,36.853
420,41.6944
421,38.9744
422,38.1928
423,39.0133
424,41.8422
425,39.2884
426,41.8705
427,41.0908
428,36.9349
429,36.6188
430,35.9796
431,43.4748
432,38.9595
433,38.507
434,39.3091
435,40.8279
436,37.4638
437,40.5868
438,40.6479
439,40.9518
440,40.9745
441,41.2268
442,39.4247
443,42.7077
444,39.4647
445,39.2943
446,37.432
447,41.5242
448,41.5545
449,38.8363
450,39.3936
451,39.7591
452,47.0442
453,40.8704
454,38.0453
455,39.06
456,43.7404
457,41.1588
458,39.5754
459,39.1492
460,37.0337
461,44.8797
462,39.3704
463,37.9277
464,38.418
465,39.4345
466,39.6374
467,39.6375
468,41.7008
469,41.3687
470,42.4523
471,38.6668
472,41.0144
473,37.8955
474,39.956
475,43.1163
476,42.1789
477,40.537
478,40.4685
479,39.7661
480,41.7746
481,38.7553
482,39.507
483,39.9628
484,42.3914
485,40.4137
486,38.6196
487,45.9176
488,41.9104
489,39.0045
490,40.2039
491,38.1501
492,38.658
493,42.1743
494,35.3934
495,41.2233
496,38.2759
497,40.3235
498,42.0902
499,36.0986
500,40.1342
501,38.1426
502,40.0323
503,40.1631
504,41.1754
505,40.2038
506,44.1495
507,38.8922
508,37.8511
509,39.0219
510,39.4154
511,40.5034
512,40.5772
513,40.2048
514,39.2599
515,41.6046
516,40.7774
517,40.8163
518,39.245
519,39.4863
520,41.528
521,42.1991
522,38.7821
523,39.1996
524,41.6645
525,39.8826
526,40.2468
527,41.5968
528,40.647
529,40.71
530,35.8262
531,39.105
532,39.0471
533,37.7593
534,39.773
535,39.7889
536,39.9315
537,41.411
538,41.9141
539,36.1781
540,41.7523
541,40.8627
542,38.6718
543,43.3556
544,37.4914
545,39.1056
546,41.4878
547,40.4898
548,41.3897
549,42.6287
550,39.9023
551,37.9633
552,37.9726
553,38.7392
554,37.8857
555,41.0672
556,41.2107
557,39.2569
558,41.3622
559,39.8608
560,37.2511
561,42.5253
562,40.5726
563,36.6305
564,39.9314
565,38.7365
566,40.7449
567,36.8541
568,39.8711
569,38.9212
570,39.408
571,39.5011
572,39.7117
573,40.0749
574,42.3444
575,40.5509
576,43.3914
577,40.0289
578,40.894
579,43.2077
580,41.9947
581,40.2135
582,34.4154
583,36.2685
584,37.4556
585,39.5937
586,38.1452
587,37.4458
588,38.9229
589,38.9809
590,39.6235
591,37.8245
592,43.2526
593,42.4553
594,38.8085
595,42.3581
596,37.9899
597,41.3535
598,45.6282
599,41.7371
600,38.7872
601,43.858
602,45.8894
603,39.2609
604,38.5914
605,39.6834
606,37.5194
607,37.6792
608,37.9937
609,39.103
610,43.2941
611,41.3322
612,37.5874
613,39.8544
614,35.9935
615,40.567
616,43.1077
617,41.3205
618,38.4026
619,39.0214
620,39.5319
621,40.9225
622,41.0074
623,39.1229
624,43.7002
625,39.8038
626,40.9096
627,38.1632
628,37.8952
629,41.1693
630,41.5427
631,39.7325
632,37.8418
633,39.9563
634,40.08
635,36.3527
636,43.5016
637,43.3667
638,38.3751
639,42.0359
640,37.1669
641,41.5818
642,37.0399
643,40.2643
644,40.3208
645,41.8381
646,36.2931
647,39.8689
648,38.9689
649,35.7786
650,37.8514
651,39.9645
652,38.075
653,38.5168
654,38.8081
655,40.6813
656,41.1496
657,36.2653
658,39.4202
659,39.5877
660,37.1221
661,38.8243
662,38.0245
663,38.0387
664,43.8042
665,43.8704
666,41.0588
667,38.8267
668,36.8928
669,42.0486
670,38.2421
671,38.8614
672,41.9726
673,36.8559
674,39.3343
675,39.3848
676,38.468
677,36.2384
678,40.7079
679,40.5996
680,42.0618
681,40.2438
682,39.5518
683,36.6056
684,36.8599
685,40.3122
686,42.4807
687,38.9919
688,39.1661
689,34.432
690,40.4579
691,40.7201
692,42.8103
693,40.9647
694,41.4226
695,42.6726
696,37.46
697,42.1398
698,35.775
699,38.7827
700,38.4597
701,39.7924
702,39.8008
703,40.0248
704,41.3873
705,40.9336
706,41.143
707,39.9606
708,37.2863
709,40.8859
710,41.1478
711,36.6234
712,42.4897
713,42.6837
714,38.7905
715,39.8725
716,42.723
717,36.8438
718,43.8575
719,41.2685
720,38.4581
721,37.7889
722,38.8421
723,39.198
724,39.2763
725,39.3725
726,39.3945
727,36.892
728,36.1384
729,40.2145
730,39.5812
731,39.8011
732,40.43
733,37.8797
734,39.0353
735,37.0841
736,39.3405
737,38.1168
738,42.2319
739,42.5302
740,42.8499
741,37.2993
742,38.5903
743,38.6964
744,41.7271
745,38.9004
746,43.9209
747,40.013
748,40.0418
749,41.1027
750,40.2015
751,40.8242
752,41.3505
753,43.3599
754,38.0306
755,42.1493
756,42.7996
757,42.9423
758,40.2777
759,43.0639
760,41.7678
761,39.264
762,40.6929
763,36.3651
764,38.5033
765,40.8119
766,37.8843
767,42.6862
768,39.2056
769,38.278
770,38.3371
771,39.384
772,40.589
773,38.036
774,42.4454
775,36.7199
776,39.7806
777,37.1417
778,42.1667
779,41.8334
780,38.8418
781,42.1973
782,39.4856
783,41.4968
784,40.7954
785,42.3605
786,37.7018
787,41.7688
788,41.2113
789,38.2479
790,39.3345
791,44.7054
792,43.9325
793,44.0912
794,37.5588
795,38.1838
796,40.4869
797,38.0488
798,40.0973
799,40.2627
800,38.7152
801,38.8898
802,38.9445
803,38.9714
804,40.2334
805,40.2645
806,40.3386
807,40.5697
808,40.6996
809,40.777
810,40.801
811,37.168
812,41.487
813,41.5982
814,41.6253
815,41.7725
816,40.2727
817,39.3588
818,41.405
819,38.7489
820,39.1891
821,40.7663
822,40.7751
823,33.4576
824,35.2549
825,41.573
826,36.8113
827,41.8396
828,42.1247
829,40.3961
830,39.6489
831,38.7235
832,36.8482
833,39.9002
834,40.431
835,40.8415
836,40.2476
837,40.8199
838,38.9874
839,38.0544
840,41.3077
841,43.269
842,43.5081
843,44.9941
844,39.1172
845,39.7359
846,42.7898
847,39.1232
848,40.2332
849,39.6336
850,42.0044
851,42.235
852,41.943
853,38.467
854,38.6451
855,39.332
856,39.751
857,39.7699
858,39.2526
859,43.732
860,42.1453
861,41.4469
862,39.6523
863,43.3437
864,36.8797
865,38.7582
866,39.6065
867,37.9363
868,39.9257
869,41.5652
870,35.3748
871,43.7771
872,42.8208
873,39.1419
874,39.8041
875,39.2756
876,39.6871
877,39.7532
878,40.2718
879,38.1347
880,41.2608
881,41.9362
882,42.0622
883,39.8177
884,39.8526
885,40.2099
886,40.7182
887,38.8046
888,41.4338
889,44.7844
890,43.7109
891,35.4072
892,37.1598
893,40.1948
894,38.8657
895,39.0942
896,39.2015
897,41.391
898,41.9267
899,39.2548
900,37.9064
901,40.2189
902,39.6846
903,44.1913
904,41.2606
905,40.276
906,40.4398
907,39.664
908,43.8098
909,41.6884
910,42.226
911,39.5684
912,38.1393
913,38.3772
914,34.9905
915,40.2874
916,37.938
917,41.0017
918,38.5416
919,41.5684
920,42.7525
921,41.2689
922,38.6104
923,39.5322
924,38.6543
925,40.9238
926,37.9325
927,38.967
928,40.3467
929,38.6232
930,41.5672
931,42.7925
932,38.2609
933,41.6686
934,38.8891
935,42.0803
936,38.4556
937,45.9351
938,36.8365
939,39.1118
940,41.1803
941,41.1235
942,38.8009
943,38.9219
944,38.3767
945,43.7645
946,40.9573
947,41.2378
948,39.773
949,41.9393
950,41.0019
951,38.3386
952,40.4157
953,44.4693
954,38.7936
955,41.8416
956,42.0027
957,39.2116
958,39.437
959,42.6248
960,38.5073
961,38.8702
962,39.7794
963,37.7182
964,40.1935
965,42.6548
966,41.157
967,39.1654
968,41.6527
969,41.76
970,40.8164
971,37.0944
972,43.2759
973,39.1368
974,40.1452
975,37.1816
976,40.3355
977,39.7047
978,40.0518
979,41.124
980,43.2959
981,37.6804
982,39.897
983,37.8038
984,40.8859
985,38.9208
986,37.9448
987,40.0762
988,41.9738
989,37.2056
990,42.7237
991,41.8287
992,41.3987
993,39.5331
994,42.6743
995,44.8237
996,41.2
997,42.2317
998,40.4873
999,38.2122
1000,41.7503
1001,39.0487
1002,37.7292
1003,43.0348
1004,41.3045
1005,41.8202
1006,40.3356
1007,36.915
1008,43.8508
1009,36.9029
1010,37.1274
1011,37.4288
1012,39.9229
1013,40.2177
1014,41.2177
1015,42.9451
1016,39.903
1017,38.4369
1018,41.3652
1019,42.2271
1020,41.5358
1021,40.4774
1022,38.7204
1023,39.7328
1024,38.9229
1025,40.2987
1026,39.1311
1027,37.2728
1028,41.3967
1029,39.0237
1030,36.2054
1031,36.3037
1032,41.9989
1033,40.5023
1034,34.7351
1035,38.9844
1036,39.7359
1037,39.4232
1038,40.5895
1039,39.2289
1040,37.3405
1041,39.1554
1042,42.1667
1043,38.205
1044,39.4652
1045,42.6678
1046,39.7646
1047,41.8883
1048,36.8826
1049,40.9097
1050,41.9456
1051,40.0298
1052,41.3663
1053,42.2894
1054,41.4709
1055,41.805
1056,37.0343
1057,43.1042
1058,36.8861
1059,40.0965
1060,38.5182
1061,42.7962
1062,38.9228
1063,39.2037
1064,40.5157
1065,43.7397
1066,39.7512
1067,40.9112
1068,40.8613
1069,34.9893
1070,37.4205
1071,40.4183
1072,42.5979
1073,40.6936
1074,40.9933
1075,41.0371
1076,38.098
1077,42.148
1078,42.1935
1079,38.3566
1080,38.8202
1081,39.0166
1082,39.3427
1083,38.4768
1084,42.1334
1085,45.3095
1086,36.7637
1087,38.0552
1088,42.2129
1089,40.902
1090,39.0644
1091,43.1027
1092,43.1619
1093,40.2786
1094,40.4597
1095,38.4681
1096,40.7885
1097,40.0045
1098,39.2976
1099,41.4923
1100,41.6803
1101,38.7911
1102,41.0717
1103,39.026
1104,40.0733
1105,42.4573
1106,41.1581
1107,39.5054
1108,41.7722
1109,41.976
1110,40.5316
1111,42.8972
1112,45.0689
1113,40.8665
1114,42.9208
1115,42.0444
1116,39.332
1117,37.9759
1118,37.7352
1119,40.612
1120,40.6907
1121,37.0132
1122,41.2006
1123,40.3807
1124,37.7155
1125,37.2641
1126,38.1309
1127,41.3325
1128,38.3459
1129,40.9645
1130,39.0708
1131,40.3091
1132,39.9907
1133,41.2285
1134,42.3338
1135,38.9438
1136,39.8759
1137,42.7475
1138,40.4567
1139,39.5344
1140,38.5468
1141,39.1494
1142,40.5729
1143,39.4724
1144,39.8084
1145,42.3003
1146,38.2863
1147,40.1622
1148,38.9482
1149,39.7723
1150,38.9647
1151,41.2512
1152,38.8165
1153,38.9505
1154,41.2187
1155,41.3558
1156,39.0007
1157,42.0406
1158,39.5343
1159,43.7119
1160,42.747
1161,41.5848
1162,36.7422
1163,36.9354
1164,37.6975
1165,41.9148
1166,37.9314
1167,38.5078
1168,38.5776
1169,40.0952
1170,39.1036
1171,39.2109
1172,43.0223
1173,40.468
1174,42.0679
1175,38.3344
1176,41.633
1177,41.7977
1178,38.4325
1179,41.0498
1180,44.5269
1181,42.3567
1182,42.499
1183,37.8376
1184,40.2645
1185,39.4247
1186,42.7639
1187,38.301
1188,35.9702
1189,41.7352
1190,42.1296
1191,37.5177
1192,37.6741
1193,43.8446
1194,37.8541
1195,37.6813
1196,44.6963
1197,39.8825
1198,39.882
1199,41.5542
1200,41.1784
1201,39.3534
1202,42.3618
1203,39.3703
1204,40.0422
1205,39.3807
1206,40.74
1207,41.1474
1208,36.2955
1209,41.3285
1210,43.0153
1211,43.2568
1212,40.1653
1213,38.1633
1214,36.8211
1215,39.4325
1216,40.7822
1217,41.4296
1218,38.6324
1219,36.7579
1220,42.9198
1221,37.3846
1222,41.4965
1223,42.1404
1224,39.3998
1225,39.7021
1226,39.9119
1227,42.7612
1228,40.8425
1229,41.3778
1230,41.4479
1231,35.5582
1232,41.665
1233,37.177
1234,45.4529
1235,38.1962
1236,40.6451
1237,40.1622
1238,41.3411
1239,38.7948
1240,38.9186
1241,38.9812
1242,39.5945
1243,40.3158
1244,38.4685
1245,37.8123
1246,39.2503
1247,38.5496
1248,38.6243
1249,38.9359
1250,39.1257
1251,41.5349
1252,41.7264
1253,36.7975
1254,40.1156
1255,40.3555
1256,40.7411
1257,37.8503
1258,40.8889
1259,36.2848
1260,38.4815
1261,41.7687
1262,39.6212
1263,39.8927
1264,40.3825
1265,40.8443
1266,38.6116
1267,38.7338
1268,40.1968
1269,38.7304
1270,42.9918
1271,43.1199
1272,40.1307
1273,42.368
1274,41.0348
1275,42.0944
1276,40.784
1277,42.9213
1278,39.0432
1279,41.0364
1280,45.2052
1281,41.2618
1282,38.3135
1283,41.4034
1284,38.6079
1285,42.6165
1286,39.7968
1287,39.9712
1288,41.2535
1289,38.4466
1290,43.9121
1291,38.6404
1292,40.7405
1293,40.5831
1294,38.7362
1295,38.1191
1296,38.5022
1297,43.7756
1298,40.4693
1299,32.6529
1300,40.0521
1301,37.8551
1302,39.1949
1303,42.5345
1304,38.594
1305,39.9774
1306,38.2266
1307,41.4204
1308,41.8083
1309,41.1166
1310,39.764
1311,38.7724
1312,38.9117
1313,37.9352
1314,44.1447
1315,37.4789
1316,36.2239
1317,37.5649
1318,39.9515
1319,44.0372
1320,39.5571
1321,39.6511
1322,39.9715
1323,38.4417
1324,41.6584
1325,41.4051
1326,39.792
1327,41.8193
1328,40.1963
1329,39.0198
1330,40.775
1331,42.79
1332,39.4692
1333,37.042
1334,40.1842
1335,39.1402
1336,43.8889
1337,41.1741
1338,38.4991
1339,39.9458
1340,41.1797
1341,40.3082
1342,37.9349
1343,36.5163
1344,42.6134
1345,39.6543
1346,39.6368
1347,37.4026
1348,39.778
1349,40.1857
1350,37.7424
1351,40.8441
1352,40.8888
1353,40.1775
1354,37.186
1355,41.7161
1356,40.9627
1357,38.0526
1358,43.7481
1359,37.0611
1360,38.6184
1361,40.8113
1362,40.2585
1363,39.9149
1364,39.0048
1365,39.6785
1366,40.8355
1367,40.4665
1368,37.8483
1369,41.0282
1370,38.3305
1371,38.3549
1372,37.9719
1373,42.1385
1374,40.5982
1375,40.4661
1376,42.9005
1377,41.2198
1378,35.498
1379,39.5084
1380,37.0621
1381,41.1444
1382,40.7437
1383,38.1121
1384,38.6888
1385,37.1375
1386,39.7398
1387,39.0032
1388,40.106
1389,40.7519
1390,35.8311
1391,40.1558
1392,41.5074
1393,41.9408
1394,35.064
1395,39.1287
1396,42.2589
1397,41.4942
1398,40.7565
1399,41.339
1400,40.4107
1401,39.559
1402,42.2877
1403,38.6981
1404,41.3013
1405,37.0005
1406,37.4712
1407,37.8571
1408,36.3079
1409,37.8847
1410,39.2196
1411,39.593
1412,39.6423
1413,38.5432
1414,40.2654
1415,37.7174
1416,42.011
1417,42.0648
1418,39.1298
1419,40.1874
1420,41.3368
1421,44.6218
1422,42.688
1423,41.8114
1424,38.2418
1425,38.5191
1426,38.7929
1427,40.6049
1428,37.3987
1429,38.892
1430,40.0905
1431,40.2593
1432,40.4651
1433,40.483
1434,40.8398
1435,40.9488
1436,38.0186
1437,38.7021
1438,41.0894
1439,43.1217
1440,37.566
1441,36.5981
1442,38.4981
1443,41.7088
1444,40.9719
1445,40.4598
1446,43.5451
1447,39.2913
1448,40.3776
1449,43.4738
1450,42.7005
1451,40.7935
1452,40.2486
1453,41.618
1454,37.7003
1455,39.7421
1456,39.7988
1457,39.4649
1458,38.7811
1459,45.2293
1460,40.3832
1461,40.5359
1462,44.5443
1463,37.3196
1464,38.6375
1465,42.0082
1466,40.299
1467,38.3234
1468,42.4032
1469,40.537
1470,40.2402
1471,34.523
1472,37.08
1473,40.3662
1474,38.2984
1475,38.8964
1476,38.0661
1477,38.2211
1478,40.2665
1479,39.4013
1480,39.7968
1481,40.0111
1482,40.2765
1483,40.4983
1484,40.7568
1485,42.9183
1486,40.9901
1487,41.141
1488,40.4392
1489,41.4638
1490,41.4915
1491,41.9401
1492,41.5455
1493,43.0211
1494,35.4519
1495,40.2884
1496,36.7634
1497,37.7718
1498,40.8806
1499,37.4234
1500,38.6115
1501,38.6546
1502,41.9309
1503,40.9716
1504,43.0124
1505,42.4358
1506,38.5946
1507,38.9744
1508,42.102
1509,40.8857
1510,38.8941
1511,39.2679
1512,37.3469
1513,40.2041
1514,37.551
1515,38.592
1516,41.1638
1517,37.1822
1518,41.2021
1519,41.7162
1520,40.2585
1521,40.531
1522,38.7669
1523,38.6097
1524,39.1264
1525,39.4927
1526,38.6067
1527,39.1903
1528,40.5142
1529,41.2054
1530,39.3927
1531,40.4151
1532,42.4314
1533,40.4992
1534,42.5076
1535,38.1966
1536,41.3019
1537,39.1867
1538,38.4036
1539,40.5847
1540,40.8136
1541,39.5593
1542,35.5678
1543,41.7
1544,40.8915
1545,41.9825
1546,42.1522
1547,41.2193
1548,38.5722
1549,38.6531
1550,42.9529
1551,38.0563
1552,38.3916
1553,42.8951
1554,39.2525
1555,45.05
1556,37.1656
1557,35.3816
1558,39.9759
1559,43.0221
1560,39.6188
1561,38.0638
1562,39.1257
1563,41.2068
1564,37.4759
1565,42.6389
1566,34.7819
1567,40.109
1568,36.2225
1569,43.5009
1570,36.3337
1571,37.5298
1572,38.3311
1573,38.4036
1574,37.6386
1575,40.2967
1576,43.3612
1577,40.5442
1578,37.5832
1579,36.3295
1580,40.7982
1581,38.8883
1582,41.376
1583,35.3954
1584,37.9677
1585,37.9991
1586,40.215
1587,40.317
1588,38.4851
1589,38.5566
1590,40.6587
1591,38.8225
1592,39.0695
1593,39.2428
1594,41.4336
1595,35.5014
1596,39.8051
1597,40.7359
1598,39.786
1599,40.969
1600,41.2
1601,39.2391
1602,41.423
1603,41.8784
1604,38.7329
1605,41.3282
1606,39.4137
1607,39.6672
1608,39.1347
1609,40.2092
1610,39.4623
1611,40.785
1612,40.8213
1613,39.9166
1614,42.7199
1615,37.1859
1616,38.734
1617,39.6457
1618,39.6618
1619,38.0084
1620,38.6801
1621,42.2133
1622,39.1326
1623,39.6462
1624,35.71
1625,41.7675
1626,39.851
1627,40.4527
1628,37.2381
1629,38.3701
1630,37.9065
1631,38.4788
1632,38.571
1633,38.6029
1634,38.8663
1635,43.1036
1636,39.2262
1637,43.3052
1638,45.4359
1639,40.5318
1640,39.5402
1641,39.7266
1642,40.3779
1643,41.233
1644,37.2972
1645,40.4819
1646,38.2677
1647,39.5666
1648,39.1725
1649,42.4207
1650,36.8775
1651,39.9787
1652,36.9905
1653,41.0806
1654,38.5469
1655,39.7515
1656,40.7814
1657,41.117
1658,41.7153
1659,41.1015
1660,39.0689
1661,42.7674
1662,40.813
1663,37.8682
1664,42.9213
1665,46.0696
1666,38.1968
1667,36.5511
1668,41.6092
1669,42.0655
1670,44.2715
1671,41.4199
1672,38.6596
1673,38.9962
1674,39.3563
1675,39.7996
1676,40.242
1677,40.3481
1678,40.366
1679,40.4232
1680,41.035
1681,37.3812
1682,40.7071
1683,41.863
1684,42.588
1685,38.6423
1686,35.7655
1687,37.565
1688,42.0159
1689,41.2687
1690,37.443
1691,39.5742
1692,36.5827
1693,44.6464
1694,42.8399
1695,43.0255
1696,39.4309
1697,39.4623
1698,42.0762
1699,37.4426
1700,37.6331
1701,38.0373
1702,38.2961
1703,40.3045
1704,38.4962
1705,38.5817
1706,39.1324
1707,40.3074
1708,39.3804
1709,40.4993
1710,40.596
1711,41.6548
1712,39.8231
1713,41.0065
1714,41.3264
1715,40.692
1716,41.8932
1717,42.0635
1718,42.1676
1719,41.2325
1720,42.6329
1721,36.701
1722,45.0305
1723,38.8697
1724,37.9806
1725,40.2827
1726,40.2361
1727,43.8598
1728,41.8694
1729,38.0717
1730,39.6731
1731,40.1646
1732,40.4553
1733,40.6641
1734,39.3505
1735,38.4135
1736,42.5055
1737,39.7368
1738,43.0577
1739,40.0639
1740,43.4057
1741,38.7079
1742,45.2194
1743,39.8564
1744,39.3313
1745,39.564
1746,42.2179
1747,42.0569
1748,37.2333
1749,41.5572
1750,41.6408
1751,43.3702
1752,40.6812
1753,40.5932
1754,38.7338
1755,40.7423
1756,39.8663
1757,36.9808
1758,36.7983
1759,38.1497
1760,39.1887
1761,38.9544
1762,40.4312
1763,40.9798
1764,40.1011
1765,39.218
1766,40.2264
1767,41.4999
1768,38.9921
1769,41.7128
1770,43.5303
1771,38.0037
1772,40.0254
1773,40.3552
1774,41.8375
1775,39.2064
1776,38.359
1777,40.2572
1778,37.1621
1779,41.976
1780,43.586
1781,44.0717
1782,42.2106
1783,42.2223
1784,38.2519
1785,39.8595
1786,42.5927
1787,38.4399
1788,37.7995
1789,37.5011
1790,40.5114
1791,37.8506
1792,39.1048
1793,40.6061
1794,40.8681
1795,40.5956
1796,38.7246
1797,43.0394
1798,36.7298
1799,44.0914
1800,39.8358
1801,40.3727
1802,44.8428
1803,39.9744
1804,35.1686
1805,37.4809
1806,39.9688
1807,43.0194
1808,42.4996
1809,41.9909
1810,40.4795
1811,37.5587
1812,38.8173
1813,38.875
1814,41.0176
1815,39.3098
1816,41.0278
1817,37.8544
1818,43.3308
1819,40.0586
1820,41.6423
1821,38.7992
1822,39.852
1823,42.9957
1824,37.9732
1825,37.3583
1826,37.3232
1827,38.1171
1828,41.2048
1829,43.2562
1830,41.5063
1831,41.8367
1832,42.166
1833,39.7335
1834,39.9011
1835,36.3196
1836,40.8976
1837,44.1647
1838,37.1916
1839,42.3814
1840,39.386
1841,41.0096
1842,41.0349
1843,39.5607
1844,40.0847
1845,39.5311
1846,40.0572
1847,39.3637
1848,39.4874
1849,39.4996
1850,38.5413
1851,36.3081
1852,40.1021
1853,43.3741
1854,40.8875
1855,40.6054
1856,40.7285
1857,38.9198
1858,37.0468
1859,38.4691
1860,41.7905
1861,38.1222
1862,37.7189
1863,40.8715
1864,39.0579
1865,41.115
1866,39.2921
1867,35.7189
1868,39.7373
1869,38.8637
1870,41.4029
1871,41.1566
1872,40.1921
1873,37.8572
1874,42.2467
1875,38.4872
1876,41.7389
1877,40.1711
1878,43.1796
1879,39.4905
1880,41.0145
1881,40.6821
1882,40.7113
1883,41.8541
1884,38.8626
1885,41.3055
1886,39.9144
1887,40.0444
1888,39.4441
1889,38.4874
1890,42.8103
1891,40.8325
1892,41.0589
1893,37.9475
1894,42.9766
1895,40.0529
1896,42.611
1897,42.8793
1898,36.1642
1899,44.2336
1900,36.8535
1901,37.5597
1902,38.8556
1903,40.862
1904,40.3319
1905,37.5003
1906,38.5689
1907,38.3577
1908,41.6952
1909,40.7706
1910,42.4319
1911,40.5964
1912,41.6048
1913,40.2052
1914,37.5703
1915,37.6551
1916,40.9929
1917,41.0118
1918,41.2377
1919,41.4661
1920,41.6409
1921,38.8907
1922,42.0326
1923,38.1125
1924,39.7059
1925,35.9144
1926,39.6255
1927,36.1147
1928,36.33
1929,37.4276
1930,41.6021
1931,41.0389
1932,40.9932
1933,42.0255
1934,40.8063
1935,41.3128
1936,42.1799
1937,38.4104
1938,42.0113
1939,42.1494
1940,42.2038
1941,41.2062
1942,42.3963
1943,41.3885
1944,42.5371
1945,41.2606
1946,41.8158
1947,40.2079
1948,37.496
1949,38.1367
1950,38.1778
1951,41.556
1952,41.5963
1953,39.3208
1954,36.9522
1955,40.0825
1956,40.175
1957,40.4442
1958,40.8796
1959,41.3174
1960,42.5913
1961,37.9018
1962,35.1764
1963,40.9872
1964,41.0346
1965,33.537
1966,40.884
1967,42.3022
1968,37.1819
1969,41.425
1970,37.5587
1971,37.8338
1972,37.8864
1973,38.3759
1974,40.4961
1975,38.5593
1976,38.5744
1977,38.6777
1978,39.3317
1979,39.7457
1980,40.874
1981,40.2495
1982,42.2756
1983,42.4254
1984,38.966
1985,39.585
1986,40.6547
1987,39.0187
1988,41.4666
1989,40.7001
1990,40.8752
1991,39.7017
1992,42.149
1993,39.7572
1994,43.8318
1995,38.5005
1996,40.2064
1997,38.2629
1998,38.6998
1999,42.719
2000,41.5224
2001,36.6382
2002,39.8743
2003,37.3398
2004,40.6568
2005,37.6828
2006,41.5446
2007,42.9573
2008,40.1018
2009,42.1547
2010,40.7766
2011,36.0888
2012,41.5097
2013,41.02
2014,40.7505
2015,38.3379
2016,37.3706
2017,39.4821
2018,38.735
2019,42.1356
2020,41.0671
2021,37.5801
2022,40.7339
2023,37.7881
2024,42.1206
2025,38.2023
2026,38.3172
2027,39.0764
2028,40.4345
2029,39.5939
2030,42.1713
2031,42.7983
2032,41.4516
2033,44.3148
2034,40.6648
2035,37.7874
2036,37.9475
2037,38.4013
2038,36.5163
2039,43.8189
2040,39.784
2041,40.4759
2042,40.4912
2043,41.7281
2044,37.8253
2045,39.8969
2046,40.9455
2047,42.3921
2048,41.535
2049,38.7225
2050,38.8538
2051,38.9857
2052,43.2695
2053,38.3337
2054,39.5276
2055,38.5562
2056,39.5862
2057,39.9938
2058,41.1036
2059,40.5897
2060,40.6705
2061,42.7655
2062,38.8283
2063,39.6502
2064,37.7507
2065,41.9169
2066,42.2537
2067,41.2789
2068,39.3446
2069,42.401
2070,43.6589
2071,41.1117
2072,36.1583
2073,42.5257
2074,41.6978
2075,38.7697
2076,39.302
2077,38.762
2078,41.2393
2079,39.033
2080,42.1628
2081,41.2753
2082,42.0011
2083,39.3007
2084,40.7704
2085,39.8384
2086,34.3629
2087,42.923
2088,39.1404
2089,37.9692
2090,35.5491
2091,38.3835
2092,39.2252
2093,39.3933
2094,39.4984
2095,39.9688
2096,40.3219
2097,40.4301
2098,37.5403
2099,39.7796
2100,37.4052
2101,39.59
2102,39.1685
2103,41.2126
2104,41.2648
2105,39.8982
2106,42.5281
2107,40.6171
2108,41.6255
2109,38.64
2110,42.9112
2111,40.1244
2112,36.458
2113,34.9512
2114,39.7615
2115,40.0874
2116,40.1351
2117,42.4811
2118,38.1204
2119,39.281
2120,39.491
2121,37.7109
2122,40.7901
2123,40.4172
2124,38.5008
2125,40.513
2126,40.0085
2127,39.2333
2128,39.685
2129,43.9474
2130,40.0683
2131,41.3566
2132,41.2298
2133,38.5082
2134,38.3391
2135,37.1846
2136,40.1931
2137,42.502
2138,37.4015
2139,37.678
2140,38.6815
2141,39.1401
2142,41.7183
2143,39.8888
2144,37.0255
2145,36.0648
2146,38.2107
2147,40.4616
2148,41.412
2149,41.5
2150,39.6973
2151,40.6794
2152,42.8979
2153,39.8308
2154,40.6059
2155,42.0939
2156,40.0676
2157,42.4973
2158,41.5058
2159,41.7033
2160,42.2233
2161,38.37
2162,39.9749
2163,40.0467
2164,40.2347
2165,44.3015
2166,45.1384
2167,34.156
2168,41.2087
2169,39.3753
2170,34.6252
2171,44.4271
2172,38.3778
2173,38.5611
2174,38.5997
2175,39.7088
2176,39.8681
2177,38.8799
2178,40.096
2179,42.0638
2180,41.1704
2181,37.1333
2182,37.8473
2183,40.3973
2184,40.4532
2185,44.8308
2186,39.952
2187,36.1013
2188,41.4182
2189,38.5009
2190,42.6993
2191,37.7184
2192,41.2323
2193,37.5094
2194,37.7682
2195,38.4786
2196,38.905
2197,41.0045
2198,41.3579
2199,37.602
2200,39.8436
2201,40.9196
2202,42.4314
2203,40.5597
2204,38.8329
2205,40.8479
2206,39.9403
2207,37.4065
2208,38.7535
2209,38.3191
2210,42.4629
2211,38.6504
2212,43.8841
2213,40.0391
2214,40.2594
2215,40.3565
2216,40.7228
2217,42.267
2218,37.3874
2219,42.4722
2220,38.3032
2221,38.1417
2222,44.2114
2223,42.2703
2224,38.6404
2225,38.7394
2226,38.7478
2227,40.7724
2228,39.197
2229,39.5203
2230,39.8417
2231,39.9991
2232,40.6426
2233,42.1207
2234,41.7417
2235,41.8945
2236,42.0578
2237,42.274
2238,38.1268
2239,36.9452
2240,36.7085
2241,40.7169
2242,37.1878
2243,40.7532
2244,38.7617
2245,37.9722
2246,39.1406
2247,42.2914
2248,40.5428
2249,39.794
2250,40.3089
2251,40.4164
2252,41.2519
2253,41.5822
2254,39.6509
2255,40.1307
2256,42.3122
2257,40.9275
2258,39.1444
2259,39.1839
2260,36.3484
2261,39.4322
2262,36.487
2263,38.139
2264,40.7176
2265,37.504
2266,39.5167
2267,38.5635
2268,37.7537
2269,39.8096
2270,42.0653
2271,38.0783
2272,42.2337
2273,40.6557
2274,44.7394
2275,40.2346
2276,40.3183
2277,41.0548
2278,41.155
2279,40.7403
2280,41.3341
2281,41.5642
2282,42.3673
2283,38.3552
2284,36.018
2285,35.8578
2286,36.9126
2287,38.4248
2288,37.1
2289,37.854
2290,41.2166
2291,36.316
2292,40.5611
2293,41.8403
2294,38.5123
2295,41.5207
2296,43.7305
2297,41.9467
2298,40.5156
2299,38.6269
2300,37.6377
2301,38.788
2302,40.3071
2303,39.3583
2304,38.605
2305,40.7305
2306,40.7791
2307,37.8772
2308,40.9806
2309,38.0671
2310,39.4287
2311,38.8427
2312,38.8734
2313,43.056
2314,39.1144
2315,41.3618
2316,40.7334
2317,40.0572
2318,39.5591
2319,41.7141
2320,45.0032
2321,42.1238
2322,39.4817
2323,37.9094
2324,43.4453
2325,39.6394
2326,39.9414
2327,37.0796
2328,41.3093
2329,41.2368
2330,41.386
2331,37.5995
2332,38.9591
2333,39.2362
2334,38.2447
2335,40.2207
2336,39.7236
2337,39.7892
2338,39.6522
2339,41.1894
2340,41.4991
2341,39.563
2342,41.6706
2343,40.4879
2344,41.7564
2345,39.5519
2346,40.2598
2347,40.7994
2348,38.5705
2349,39.1334
2350,38.2012
2351,41.698
2352,40.7704
2353,41.0032
2354,40.8829
2355,40.9771
2356,35.43
2357,42.5507
2358,38.6284
2359,39.5373
2360,38.907
2361,39.6351
2362,42.1226
2363,40.3568
2364,38.4448
2365,39.0414
2366,41.6041
2367,37.9563
2368,38.7384
2369,38.994
2370,39.4252
2371,40.4879
2372,40.5314
2373,39.9321
2374,41.0859
2375,40.1877
2376,41.7543
2377,41.1335
2378,45.3186
2379,34.954
2380,40.3087
2381,43.5766
2382,36.3286
2383,36.5658
2384,36.6006
2385,36.7265
2386,35.8799
2387,37.9872
2388,40.1127
2389,40.6632
2390,39.371
2391,37.6058
2392,38.9261
2393,41.0564
2394,41.0665
2395,41.8183
2396,35.9353
2397,41.0057
2398,41.2707
2399,36.6882
2400,42.8083
2401,39.9944
2402,38.4018
2403,37.4663
2404,41.1046
2405,39.4483
2406,44.6018
2407,39.6102
2408,39.0176
2409,39.4803
2410,42.0024
2411,37.0221
2412,38.4033
2413,37.8481
2414,38.34
2415,38.2015
2416,39.2438
2417,36.3092
2418,40.5354
2419,39.6207
2420,39.7942
2421,39.1434
2422,40.1538
2423,38.3397
2424,38.5093
2425,38.538
2426,38.8945
2427,42.4078
2428,42.4751
2429,41.6455
2430,41.6812
2431,43.0701
2432,39.2125
2433,39.4959
2434,41.4276
2435,38.8292
2436,41.0088
2437,40.1376
2438,44.486
2439,41.6307
2440,38.9221
2441,38.3823
2442,38.6407
2443,37.6864
2444,38.985
2445,35.7832
2446,39.8236
2447,40.7921
2448,40.9445
2449,42.7116
2450,36.3857
2451,40.499
2452,36.6823
2453,39.9517
2454,44.5226
2455,37.8897
2456,38.7705
2457,39.168
2458,40.8733
2459,41.9726
2460,37.0242
2461,39.4383
2462,37.2909
2463,36.4322
2464,36.5666
2465,36.6876
2466,37.9453
2467,41.1783
2468,41.3394
2469,38.3972
2470,37.8724
2471,38.5831
2472,40.7962
2473,39.1395
2474,40.3803
2475,40.3053
2476,42.7202
2477,41.7825
2478,41.4307
2479,38.9004
2480,41.9497
2481,41.6875
2482,39.7076
2483,38.7161
2484,41.9824
2485,40.47
2486,35.9167
2487,35.9251
2488,38.1814
2489,36.6273
2490,38.9259
2491,42.1482
2492,39.4648
2493,39.5207
2494,39.8858
2495,38.15
2496,38.5825
2497,42.1644
2498,40.3534
2499,40.6775
2500,40.941
2501,40.2431
2502,42.6134
2503,35.6667
2504,37.5009
2505,38.2907
2506,38.3734
2507,39.4594
2508,39.6811
2509,38.6911
2510,38.9005
2511,42.037
2512,39.4843
2513,39.8875
2514,37.159
2515,37.5333
2516,40.4544
2517,40.7406
2518,40.1425
2519,40.4503
2520,39.943
2521,45.2424
2522,42.3605
2523,35.837
2524,37.5342
2525,41.5978
2526,39.9465
2527,40.0087
2528,37.749
2529,40.9388
2530,37.1259
2531,39.2801
2532,38.3984
2533,38.6316
2534,38.64
2535,38.0492
2536,41.5918
2537,40.9635
2538,43.7317
2539,43.3477
2540,39.5647
2541,41.5731
2542,38.4459
2543,35.6837
2544,39.7835
2545,39.1394
2546,39.7609
2547,39.0953
2548,39.9897
2549,42.4813
2550,34.5839
2551,37.5892
2552,37.6127
2553,36.5317
2554,37.1857
2555,37.8814
2556,43.0899
2557,39.1458
2558,40.3737
2559,37.0779
2560,44.7246
2561,38.9105
2562,41.9222
2563,40.9951
2564,39.7542
2565,41.078
2566,41.135
2567,41.1772
2568,38.4515
2569,40.8766
2570,39.6172
2571,37.8839
2572,37.2297
2573,38.3292
2574,39.6046
2575,42.9378
2576,43.5661
2577,43.6052
2578,39.3301
2579,39.4557
2580,40.4657
2581,44.5677
2582,39.8265
2583,42.3042
2584,43.1699
2585,43.2778
2586,39.4197
2587,37.741
2588,40.1908
2589,41.2027
2590,36.4261
2591,42.4993
2592,38.1958
2593,36.8033
2594,42.1052
2595,36.3594
2596,39.3678
2597,40.8447
2598,41.0252
2599,39.7282
2600,40.7367
2601,40.2842
2602,41.9912
2603,43.0819
2604,42.2738
2605,40.9881
2606,43.0884
2607,40.4151
2608,43.5651
2609,40.2444
2610,39.4782
2611,42.2822
2612,40.2022
2613,37.328
2614,37.3583
2615,43.7916
2616,40.112
2617,38.583
2618,39.7871
2619,38.3829
2620,41.1202
2621,39.528
2622,41.7896
2623,37.2588
2624,39.3929
2625,41.1473
2626,39.1277
2627,37.0114
2628,40.6302
2629,39.968
2630,38.0795
2631,39.2065
2632,41.2419
2633,40.2955
2634,41.3563
2635,39.0196
2636,39.5337
2637,38.8061
2638,38.8535
2639,37.8689
2640,40.0347
2641,43.0752
2642,40.2131
2643,37.8896
2644,41.2654
2645,41.856
2646,40.5431
2647,39.1709
2648,37.6284
2649,40.1812
2650,38.2201
2651,35.5171
2652,38.704
2653,42.1977
2654,40.4612
2655,39.2513
2656,33.799
2657,41.3587
2658,38.5798
2659,39.584
2660,35.0186
2661,41.2704
2662,42.3726
2663,38.4214
2664,42.4728
2665,39.4953
2666,38.2346
2667,40.3246
2668,38.2349
2669,39.988
2670,38.2472
2671,43.6283
2672,43.1523
2673,37.2769
2674,38.5062
2675,42.9461
2676,42.2061
2677,40.5245
2678,38.7619
2679,37.718
2680,39.7273
2681,39.3444
2682,40.3616
2683,39.5664
2684,38.4934
2685,40.7273
2686,40.1873
2687,38.5134
2688,39.9072
2689,38.9183
2690,40.2231
2691,41.1899
2692,42.2708
2693,37.0125
2694,42.6398
2695,38.9992
2696,42.1021
2697,41.5067
2698,43.8267
2699,42.0347
2700,40.1604
2701,40.1857
2702,39.3891
2703,39.4231
2704,39.4519
2705,39.6249
2706,44.9142
2707,38.9338
2708,43.4113
2709,36.8417
2710,43.3194
2711,41.6272
2712,38.1627
2713,39.1538
2714,39.6489
2715,43.16
2716,38.716
2717,42.049
2718,37.0721
2719,39.0854
2720,40.4826
2721,39.3134
2722,39.4254
2723,41.4997
2724,41.2211
2725,39.2681
2726,41.4666
2727,37.9901
2728,42.1886
2729,38.3055
2730,38.3956
2731,40.3641
2732,41.6519
2733,40.9189
2734,41.7299
2735,39.2572
2736,42.8177
2737,42.2238
2738,41.604
2739,36.6621
2740,42.9513
2741,43.9899
2742,40.023
2743,37.1758
2744,36.8403
2745,39.1076
2746,35.6591
2747,39.8981
2748,38.9086
2749,40.0989
2750,40.0212
2751,36.4196
2752,40.1735
2753,36.5101
2754,45.2625
2755,43.4451
2756,40.0196
2757,41.0566
2758,39.2225
2759,45.7614
2760,41.8101
2761,39.3598
2762,39.5798
2763,40.6974
2764,45.7058
2765,40.9503
2766,39.0544
2767,40.284
2768,41.4467
2769,40.7743
2770,38.8356
2771,41.823
2772,41.1927
2773,40.9178
2774,36.9533
2775,37.5459
2776,37.8697
2777,41.4018
2778,36.0099
2779,42.0774
2780,36.2896
2781,40.8221
2782,47.2844
2783,39.0595
2784,40.4932
2785,38.5659
2786,38.8634
2787,39.1052
2788,34.1229
2789,42.1827
2790,39.4854
2791,40.7707
2792,39.8708
2793,41.5364
2794,42.1886
2795,38.7766
2796,41.0072
2797,42.365
2798,42.4319
2799,40.4898
2800,42.6145
2801,39.9463
2802,42.0768
2803,39.2683
2804,39.4782
2805,37.6562
2806,40.4155
2807,44.6671
2808,40.9442
2809,41.0583
2810,41.1579
2811,41.2557
2812,41.3984
2813,41.5682
2814,43.056
2815,41.3768
2816,36.7797
2817,40.2395
2818,38.2003
2819,38.3616
2820,40.5757
2821,39.119
2822,43.4166
2823,39.7079
2824,38.8954
2825,39.9114
2826,41.1485
2827,41.1589
2828,38.3632
2829,40.394
2830,42.4392
2831,37.826
2832,36.9904
2833,39.1244
2834,36.4653
2835,39.6116
2836,44.9317
2837,39.371
2838,40.7416
2839,39.419
2840,40.5512
2841,42.6601
2842,42.7281
2843,43.019
2844,41.7391
2845,42.2295
2846,46.2863
2847,42.6174
2848,39.3422
2849,38.4771
2850,37.4544
2851,39.6501
2852,39.6767
2853,39.7891
2854,42.542
2855,40.3983
2856,36.8209
2857,39.9173
2858,39.0483
2859,42.2695
2860,38.6328
2861,40.2375
2862,39.2501
2863,41.2586
2864,42.1468
2865,38.4469
2866,41.5851
2867,41.6478
2868,41.8542
2869,41.9781
2870,41.5395
2871,40.5035
2872,40.8396
2873,40.6984
2874,40.7828
2875,38.8456
2876,42.0601
2877,39.0132
2878,40.3703
2879,40.445
2880,37.0022
2881,39.4948
2882,42.7378
2883,42.9419
2884,37.9697
2885,43.0982
2886,38.3638
2887,39.1861
2888,39.3686
2889,38.6065
2890,42.2817
2891,38.4045
2892,38.7089
2893,37.7481
2894,37.3466
2895,41.3859
2896,39.2745
2897,37.3696
2898,38.6272
2899,41.2958
2900,40.4068
2901,40.4371
2902,35.7009
2903,38.984
2904,38.1235
2905,44.1869
2906,40.2035
2907,40.3704
2908,40.0138
2909,41.1785
2910,39.4
2911,37.5633
2912,40.2851
2913,37.368
2914,37.6235
2915,39.7393
2916,42.885
2917,40.0139
2918,40.0777
2919,39.6227
2920,39.723
2921,41.1206
2922,42.7199
2923,38.9985
2924,44.2384
2925,42.2791
2926,38.509
2927,37.7722
2928,39.9862
2929,40.566
2930,39.6704
2931,34.7841
2932,40.7904
2933,43.3243
2934,41.3379
2935,41.5475
2936,38.91
2937,40.0865
2938,43.3151
2939,38.3833
2940,38.79
2941,40.5047
2942,40.7917
2943,41.0875
2944,38.1775
2945,40.2412
2946,38.3556
2947,41.4796
2948,42.3553
2949,37.4196
2950,38.4533
2951,45.8483
2952,37.4026
2953,41.5028
2954,40.0624
2955,39.9149
2956,41.0125
2957,41.6128
2958,37.5065
2959,38.9615
2960,37.7762
2961,40.7847
2962,39.7931
2963,40.1944
2964,40.5759
2965,41.3762
2966,42.1173
2967,42.3785
2968,38.4697
2969,38.9272
2970,39.4384
2971,39.5814
2972,38.2272
2973,39.3739
2974,41.469
2975,40.5413
2976,39.0272
2977,36.4203
2978,41.8245
2979,39.9926
2980,40.1368
2981,40.156
2982,42.2894
2983,39.5799
2984,36.5884
2985,40.0338
2986,41.5199
2987,40.6332
2988,42.0926
2989,37.861
2990,40.5596
2991,42.1827
2992,40.2072
2993,40.5728
2994,38.0995
2995,40.5382
2996,39.4801
2997,42.9062
2998,40.5575
2999,36.6877
3000,39.2574
3001,38.8086
3002,39.9879
3003,40.6947
3004,40.954
3005,40.2469
3006,41.3764
3007,34.3591
3008,35.5962
3009,44.7849
3010,38.8455
3011,38.8618
3012,36.9017
3013,37.1739
3014,40.114
3015,39.4151
3016,39.4462
3017,39.8605
3018,40.0999
3019,38.5327
3020,37.7836
3021,38.1875
3022,40.3736
3023,35.895
3024,40.3045
3025,41.5145
3026,41.5494
3027,40.5714
3028,38.5845
3029,42.5949
3030,37.7788
3031,39.3361
3032,42.3688
3033,43.5123
3034,39.9759
3035,39.7376
3036,40.1945
3037,39.5669
3038,41.2053
3039,40.4601
3040,41.7385
3041,41.9562
3042,40.3144
3043,43.7647
3044,38.8371
3045,38.5253
3046,39.1056
3047,37.3684
3048,40.4317
3049,44.2826
3050,42.7678
3051,40.2553
3052,41.5333
3053,41.5418
3054,39.6934
3055,40.3344
3056,40.8882
3057,43.3493
3058,37.1979
3059,42.2064
3060,43.7531
3061,39.6993
3062,39.7718
3063,41.078
3064,38.2793
3065,41.3764
3066,42.0531
3067,42.1659
3068,40.56
3069,39.1323
3070,39.4193
3071,39.3305
3072,37.598
3073,44.8594
3074,38.3974
3075,42.9594
3076,40.0232
3077,40.5011
3078,40.7491
3079,38.8671
3080,42.9551
3081,41.4981
3082,43.2026
3083,42.8376
3084,40.0922
3085,38.4737
3086,38.7543
3087,39.069
3088,42.3236
3089,41.3631
3090,42.9007
3091,40.8686
3092,38.7325
3093,35.4517
3094,38.7208
3095,37.7561
3096,39.3202
3097,42.993
3098,37.0077
3099,44.5904
3100,38.3563
3101,35.6319
3102,35.7
3103,41.0982
3104,42.6612
3105,40.7968
3106,40.9359
3107,40.9443
3108,40.274
3109,41.5145
3110,40.5578
3111,42.9495
3112,38.6678
3113,33.8671
3114,39.024
3115,36.13
3116,37.9887
3117,42.0188
3118,39.3152
3119,38.3497
3120,40.6152
3121,38.5442
3122,37.5847
3123,39.2597
3124,39.313
3125,38.4978
3126,40.5471
3127,39.8689
3128,41.329
3129,38.6957
3130,40.967
3131,39.1236
3132,39.4368
3133,39.6401
3134,40.4637
3135,42.4752
3136,42.9759
3137,37.566
3138,41.5744
3139,38.0263
3140,37.2706
3141,38.4066
3142,38.5188
3143,40.3426
3144,37.3528
3145,38.9278
3146,40.767
3147,40.7866
3148,38.795
3149,40.3288
3150,39.6509
3151,38.0588
3152,42.7945
3153,39.902
3154,36.2287
3155,39.3523
3156,37.6258
3157,39.2213
3158,36.7939
3159,39.3776
3160,38.6858
3161,42.4096
3162,39.862
3163,40.1783
3164,40.2729
3165,40.7338
3166,38.8425
3167,38.9201
3168,39.4615
3169,45.4885
3170,40.4457
3171,41.6819
3172,40.1045
3173,40.4151
3174,43.938
3175,40.8758
3176,40.0754
3177,38.9108
3178,40.2216
3179,37.6699
3180,41.8808
3181,39.6829
3182,36.7153
3183,40.4513
3184,39.065
3185,37.3585
3186,40.4338
3187,40.5839
3188,41.018
3189,39.231
3190,42.7269
3191,41.0173
3192,39.2141
3193,41.2391
3194,39.5798
3195,38.9326
3196,37.9535
3197,40.9894
3198,39.3267
3199,38.4932
3200,40.1343
3201,40.2277
3202,37.68
3203,37.8249
3204,41.2355
3205,36.3914
3206,40.4465
3207,38.5114
3208,38.9951
3209,41.4708
3210,41.7169
3211,39.9339
3212,37.5166
3213,39.4315
3214,41.9466
3215,42.4965
3216,42.6175
3217,38.1662
3218,43.8655
3219,38.0868
3220,39.6224
3221,40.0058
3222,40.2026
3223,40.31
3224,40.5728
3225,37.9144
3226,35.3575
3227,41.6681
3228,41.7458
3229,36.2414
3230,41.4474
3231,41.3846
3232,40.0281
3233,44.1559
3234,38.6335
3235,38.7117
3236,38.8009
3237,44.8357
3238,38.916
3239,38.9683
3240,39.5167
3241,40.3568
3242,40.1773
3243,38.7695
3244,37.1125
3245,39.4835
3246,40.2528
3247,40.6028
3248,42.6766
3249,40.6974
3250,42.0479
3251,39.74
3252,39.0789
3253,40.0388
3254,40.3287
3255,41.3438
3256,37.495
3257,43.0467
3258,42.7657
3259,37.9238
3260,39.1495
3261,40.0162
3262,40.378
3263,35.5177
3264,41.0773
3265,38.5426
3266,36.735
3267,39.9346
3268,41.9462
3269,41.9966
3270,42.0051
3271,41.4659
3272,38.6907
3273,41.5743
3274,43.5995
3275,39.633
3276,42.1397
3277,39.4489
3278,41.4857
3279,38.9482
3280,42.0272
3281,38.0748
3282,38.4417
3283,41.8678
3284,39.6155
3285,39.6484
3286,41.1849
3287,35.3283
3288,42.4713
3289,35.9674
3290,39.9802
3291,38.1081
3292,40.3444
3293,41.3529
3294,40.5773
3295,38.6113
3296,40.0311
3297,38.0395
3298,39.2763
3299,40.9497
3300,36.4478
3301,40.5096
3302,40.5693
3303,39.9672
3304,41.2109
3305,40.3767
3306,40.4228
3307,40.8736
3308,40.8874
3309,34.2499
3310,41.8667
3311,42.0622
3312,42.077
3313,41.3388
3314,43.6185
3315,43.6851
3316,43.0301
3317,43.7823
3318,36.914
3319,37.3841
3320,41.6119
3321,37.5722
3322,40.6034
3323,39.5598
3324,41.1132
3325,40.1722
3326,37.6002
3327,40.7136
3328,37.7788
3329,42.8272
3330,39.4076
3331,37.4877
3332,38.0114
3333,43.2264
3334,44.0368
3335,41.8744
3336,36.2818
3337,43.3546
3338,38.6097
3339,38.9777
3340,37.7358
3341,36.7376
3342,41.6765
3343,38.2007
3344,44.2563
3345,36.5062
3346,43.6202
3347,40.7006
3348,37.8592
3349,41.0426
3350,41.1158
3351,45.2168
3352,41.273
3353,39.3687
3354,35.882
3355,41.0531
3356,41.2947
3357,38.3475
3358,37.5477
3359,38.9124
3360,42.1568
3361,41.6471
3362,39.7185
3363,39.7485
3364,37.7679
3365,42.2346
3366,45.5719
3367,41.862
3368,36.3646
3369,39.3787
3370,39.3159
3371,44.8936
3372,38.8234
3373,43.0451
3374,40.8363
3375,43.3043
3376,38.5782
3377,38.9717
3378,39.8571
3379,43.2813
3380,40.2898
3381,40.3177
3382,37.5116
3383,37.6912
3384,37.721
3385,39.8157
3386,39.1982
3387,39.2945
3388,37.9785
3389,40.3483
3390,39.6027
3391,39.5722
3392,38.6779
3393,41.8142
3394,41.1848
3395,41.5686
3396,40.8544
3397,41.0136
3398,42.4194
3399,38.1391
3400,37.2686
3401,41.6297
3402,37.8441
3403,36.8503
3404,41.7524
3405,42.7321
3406,40.0247
3407,37.9588
3408,41.2767
3409,40.5228
3410,40.9547
3411,38.3383
3412,38.5725
3413,40.6415
3414,41.8876
3415,35.6636
3416,41.9509
3417,39.0017
3418,37.1471
3419,38.9253
3420,39.792
3421,38.8589
3422,39.117
3423,38.8958
3424,43.3458
3425,40.0968
3426,38.4328
3427,43.8135
3428,41.4818
3429,37.2808
3430,43.622
3431,37.9019
3432,39.5911
3433,39.6083
3434,40.2912
3435,38.695
3436,38.9849
3437,39.439
3438,37.3967
3439,36.6323
3440,41.5413
3441,43.1977
3442,40.3981
3443,42.7479
3444,37.2458
3445,37.8162
3446,42.0533
3447,38.731
3448,39.0287
3449,39.7742
3450,40.1725
3451,36.4678
3452,40.6943
3453,40.7286
3454,41.0346
3455,41.0917
3456,41.3967
3457,41.8172
3458,38.1799
3459,38.4469
3460,40.5935
3461,40.9736
3462,40.204
3463,40.6517
3464,39.4325
3465,41.7587
3466,42.0942
3467,39.2156
3468,43.1721
3469,40.2699
3470,40.4763
3471,42.7975
3472,43.0068
3473,38.3482
3474,39.5318
3475,37.1739
3476,37.219
3477,37.2515
3478,37.4826
3479,37.491
3480,37.5092
3481,38.18
3482,39.4486
3483,39.938
3484,41.1524
3485,40.9748
3486,41.2742
3487,35.3325
3488,41.3795
3489,40.0748
3490,40.4723
3491,39.4872
3492,39.1229
3493,43.5757
3494,37.1888
3495,43.0276
3496,38.1792
3497,39.198
3498,39.9937
3499,39.2999
3500,39.6673
3501,40.0545
3502,40.5361
3503,38.2787
3504,39.8272
3505,42.9492
3506,41.3915
3507,40.4059
3508,38.6319
3509,43.6416
3510,41.5615
3511,40.2963
3512,42.4488
3513,40.0179
3514,40.0599
3515,44.1847
3516,40.3964
3517,43.7111
3518,40.0712
3519,38.507
3520,39.9464
3521,39.7968
3522,37.4818
3523,35.7992
3524,37.9682
3525,42.2774
3526,39.9108
3527,38.3182
3528,40.7023
3529,38.8879
3530,41.2292
3531,38.521
3532,39.5479
3533,43.2661
3534,39.5982
3535,41.1962
3536,41.6395
3537,40.66
3538,41.8111
3539,38.1358
3540,43.1069
3541,42.3739
3542,37.9397
3543,39.093
3544,37.3751
3545,38.6678
3546,40.8374
3547,38.9858
3548,38.1909
3549,41.2699
3550,38.3606
3551,36.64
3552,41.6484
3553,39.8233
3554,38.0434
3555,40.2175
3556,37.8855
3557,39.333
3558,39.9342
3559,40.0263
3560,40.2636
3561,41.1994
3562,41.7867
3563,42.0946
3564,37.6752
3565,38.0947
3566,38.1032
3567,38.4734
3568,40.4862
3569,37.6404
3570,38.6585
3571,38.6669
3572,37.1306
3573,38.46
3574,38.4725
3575,36.821
3576,38.8888
3577,38.4376
3578,38.48
3579,40.6468
3580,40.9214
3581,40.9948
3582,41.3067
3583,39.4559
3584,39.6407
3585,41.6503
3586,40.1838
3587,40.5851
3588,37.6476
3589,41.9688
3590,42.8951
3591,44.1497
3592,39.2033
3593,40.8973
3594,39.2893
3595,39.6006
3596,41.047
3597,40.8781
3598,40.595
3599,41.6179
3600,40.7568
3601,37.9189
3602,36.9978
3603,37.565
3604,38.9502
3605,39.3138
3606,39.4423
3607,42.559
3608,37.3035
3609,40.8316
3610,43.3937
3611,38.7222
3612,41.8054
3613,40.0475
3614,40.5894
3615,37.7025
3616,41.7316
3617,42.075
3618,41.3513
3619,38.3098
3620,43.6403
3621,39.7294
3622,39.3576
3623,38.4711
3624,42.626
3625,39.9885
3626,41.0271
3627,42.1854
3628,39.7664
3629,40.5343
3630,38.6965
3631,44.9144
3632,41.4685
3633,41.6427
3634,38.5527
3635,42.6121
3636,42.7127
3637,40.863
3638,38.9756
3639,40.4562
3640,36.6644
3641,41.13
3642,37.2665
3643,41.3124
3644,40.8391
3645,40.8907
3646,37.9777
3647,38.7984
3648,38.8443
3649,38.3884
3650,39.4984
3651,40.4067
3652,39.5378
3653,36.8742
3654,41.1123
3655,41.9892
3656,38.0365
3657,41.5923
3658,40.7207
3659,43.8423
3660,40.2307
3661,39.4504
3662,41.1984
3663,38.0017
3664,38.998
3665,39.3466
3666,39.355
3667,39.622
3668,39.6856
3669,40.5177
3670,38.5544
3671,40.7167
3672,41.3225
3673,42.7807
3674,40.2551
3675,40.7549
3676,40.7702
3677,35.9203
3678,40.877
3679,41.9748
3680,39.3083
3681,40.0287
3682,35.8887
3683,39.4718
3684,38.0643
3685,36.6971
3686,39.389
3687,34.1482
3688,39.1567
3689,41.3505
3690,39.9461
3691,40.9856
3692,34.7081
3693,39.6979
3694,41.9333
3695,44.1676
3696,40.5658
3697,41.3546
3698,40.0712
3699,39.6583
3700,41.2725
3701,35.6664
3702,39.7737
3703,40.1379
3704,35.4192
3705,36.4707
3706,37.5426
3707,40.0568
3708,38.9089
3709,36.1909
3710,42.2222
3711,40.47
3712,40.6016
3713,39.7812
3714,40.8305
3715,36.3233
3716,43.5424
3717,41.9702
3718,34.1112
3719,39.1968
3720,40.8691
3721,42.8821
3722,38.9362
3723,38.1615
3724,41.337
3725,39.7206
3726,38.8051
3727,40.6128
3728,41.2908
3729,37.5382
3730,42.1669
3731,43.2429
3732,41.3067
3733,43.4596
3734,38.5246
3735,42.5444
3736,48.1851
3737,39.6207
3738,35.0923
3739,43.7951
3740,37.8801
3741,39.6756
3742,38.3729
3743,39.6158
3744,42.0274
3745,38.8371
3746,41.0803
3747,40.6167
3748,38.0663
3749,39.4677
3750,42.6268
3751,43.6216
3752,40.7399
3753,38.088
3754,41.1632
3755,38.0702
3756,36.4394
3757,39.6199
3758,40.8871
3759,40.5236
3760,42.0669
3761,41.355
3762,41.8378
3763,37.7872
3764,38.1715
3765,39.0759
3766,41.0874
3767,39.2071
3768,38.3813
3769,40.624
3770,39.9308
3771,40.1056
3772,40.4971
3773,35.7792
3774,40.7876
3775,41.029
3776,41.3577
3777,37.9522
3778,38.288
3779,38.6092
3780,39.4411
3781,42.1693
3782,39.1028
3783,41.856
3784,39.1791
3785,41.5547
3786,39.6052
3787,38.9829
3788,40.2284
3789,36.7377
3790,37.1812
3791,43.6207
3792,42.5224
3793,39.6012
3794,38.0465
3795,40.888
3796,42.0273
3797,39.1286
3798,39.1661
3799,44.469
3800,41.6829
3801,41.91
3802,39.9379
3803,37.9879
3804,39.4516
3805,38.4874
3806,40.4996
3807,38.5482
3808,36.6897
3809,37.4953
3810,42.9895
3811,38.0173
3812,40.0275
3813,38.9258
3814,41.973
3815,39.9231
3816,39.9622
3817,40.4007
3818,38.5933
3819,36.6645
3820,40.0705
3821,35.8718
3822,44.08
3823,40.1403
3824,38.4835
3825,40.5686
3826,40.6032
3827,37.2107
3828,39.2967
3829,37.0236
3830,40.1281
3831,40.2896
3832,40.7458
3833,44.0254
3834,38.0661
3835,39.3624
3836,43.2446
3837,40.4079
3838,39.7393
3839,42.1381
3840,37.8457
3841,39.0114
3842,38.1224
3843,38.1309
3844,39.5042
3845,39.2436
3846,39.4548
3847,39.4842
3848,40.9318
3849,40.9551
3850,40.034
3851,40.1804
3852,40.3025
3853,40.8265
3854,41.1928
3855,39.8974
3856,44.1896
3857,42.5865
3858,37.3053
3859,39.6562
3860,38.0283
3861,38.6903
3862,41.8281
3863,39.7052
3864,41.4835
3865,43.8638
3866,39.3351
3867,41.4364
3868,39.7569
3869,39.9907
3870,38.3185
3871,39.6793
3872,40.3495
3873,37.5455
3874,35.7899
3875,38.2035
3876,36.2996
3877,38.8244
3878,38.8357
3879,39.2667
3880,41.2014
3881,41.2989
3882,39.6747
3883,36.0086
3884,38.9946
3885,40.763
3886,39.6946
3887,41.4045
3888,39.3716
3889,38.9887
3890,41.0792
3891,40.6988
3892,38.8099
3893,34.9859
3894,40.1619
3895,40.2756
3896,38.6793
3897,40.9387
3898,37.2149
3899,41.2396
3900,40.2735
3901,42.2967
3902,40.3471
3903,43.5594
3904,40.7763
3905,41.8452
3906,42.2965
3907,42.3049
3908,36.6837
3909,37.7189
3910,37.1761
3911,36.5769
3912,39.728
3913,38.7668
3914,40.1254
3915,40.1803
3916,40.2282
3917,38.5519
3918,38.8797
3919,38.9826
3920,42.3373
3921,39.3721
3922,40.1724
3923,39.2514
3924,39.2987
3925,42.5618
3926,41.2381
3927,41.3744
3928,39.5906
3929,34.6272
3930,42.1058
3931,43.1357
3932,41.2512
3933,42.0022
3934,43.0435
3935,41.0553
3936,43.3344
3937,38.3943
3938,40.4151
3939,38.7119
3940,39.3195
3941,39.5827
3942,41.0132
3943,38.5258
3944,43.5342
3945,40.1876
3946,41.2486
3947,40.1005
3948,43.8292
3949,43.7237
3950,40.4215
3951,37.7401
3952,38.1669
3953,39.1159
3954,42.8872
3955,41.9323
3956,38.0355
3957,41.8875
3958,34.0523
3959,39.1372
3960,40.4311
3961,38.4873
3962,41.5357
3963,43.8711
3964,37.1662
3965,35.502
3966,42.1594
3967,42.1114
3968,38.3927
3969,39.6584
3970,39.7329
3971,36.2172
3972,39.3039
3973,41.7922
3974,40.8662
3975,34.9927
3976,36.2574
3977,34.7889
3978,42.1578
3979,38.2041
3980,35.8029
3981,42.8171
3982,40.4347
3983,42.478
3984,42.782
3985,41.2788
3986,42.4167
3987,41.8318
3988,38.8471
3989,41.6284
3990,37.7754
3991,40.3141
3992,41.5383
3993,38.3315
3994,38.6758
3995,37.8639
3996,39.6004
3997,40.6883
3998,40.6822
3999,41.0213
4000,41.1547
4001,36.3581
4002,41.4706
4003,38.0017
4004,38.6984
4005,39.4409
4006,38.9723
4007,39.9807
4008,37.2361
4009,36.9273
4010,43.9358
4011,37.5429
4012,36.6726
4013,40.8342
4014,38.1775
4015,38.3713
4016,43.1927
4017,41.8744
4018,40.3879
4019,40.4417
4020,39.2258
4021,38.6487
4022,42.2416
4023,37.6193
4024,39.0581
4025,41.6953
4026,39.816
4027,43.197
4028,39.0238
4029,37.9453
4030,40.169
4031,43.2786
4032,40.351
4033,40.4801
4034,43.5554
4035,41.6091
4036,41.6894
4037,39.0739
4038,43.14
4039,39.0808
4040,36.4305
4041,44.3181
4042,37.2024
4043,39.9239
4044,40.2212
4045,38.1875
4046,36.8918
4047,40.9074
4048,40.7889
4049,38.1338
4050,38.2423
4051,39.4123
4052,38.8989
4053,40.0753
4054,42.1228
4055,39.1883
4056,41.3319
4057,40.6503
4058,40.3054
4059,38.4369
4060,38.1052
4061,36.4677
4062,36.3836
4063,40.5156
4064,40.5518
4065,36.9793
4066,34.5349
4067,38.9006
4068,41.9445
4069,41.0229
4070,42.2726
4071,37.6285
4072,38.0774
4073,38.2835
4074,42.4324
4075,38.6098
4076,39.5661
4077,40.0074
4078,40.1543
4079,40.2264
4080,40.3598
4081,42.6677
4082,36.8423
4083,41.3978
4084,42.381
4085,45.8248
4086,39.256
4087,40.4305
4088,40.5094
4089,39.7037
4090,42.0445
4091,40.2182
4092,42.3173
4093,42.3557
4094,36.573
4095,41.9551
4096,37.5814
4097,37.8356
4098,40.0455
4099,41.33
4100,38.4314
4101,40.6183
4102,36.0818
4103,40.0601
4104,36.4543
4105,42.7366
4106,40.8344
4107,38.9572
4108,39.1936
4109,41.2907
4110,43.3274
4111,39.5954
4112,37.8129
4113,38.3563
4114,39.7008
4115,40.0418
4116,41.2465
4117,39.6021
4118,39.7237
4119,37.2558
4120,41.7222
4121,41.3768
4122,36.1629
4123,39.4601
4124,45.6263
4125,40.4384
4126,39.7223
4127,41.2149
4128,41.1584
4129,38.238
4130,38.248
4131,43.9326
4132,39.5021
4133,37.2192
4134,38.3899
4135,40.2046
4136,40.3029
4137,38.067
4138,41.1328
4139,39.6234
4140,37.6868
4141,42.0857
4142,39.472
4143,39.7666
4144,39.8288
4145,40.5344
4146,40.7752
4147,40.3392
4148,42.6465
4149,41.6673
4150,44.9216
4151,42.0203
4152,44.2122
4153,36.6955
4154,41.2961
4155,37.7917
4156,42.9691
4157,40.5925
4158,40.1668
4159,40.5352
4160,40.7099
4161,39.7875
4162,41.8649
4163,40.8803
4164,39.914
4165,39.7789
4166,39.8357
4167,38.967
4168,38.7445
4169,40.9011
4170,38.9623
4171,43.4447
4172,41.7104
4173,40.587
4174,36.9798
4175,40.0473
4176,39.3069
4177,40.5032
4178,37.8955
4179,38.0815
4180,38.7494
4181,40.2184
4182,41.5906
4183,39.3768
4184,40.2746
4185,45.3213
4186,35.6849
4187,36.7697
4188,36.8772
4189,41.2178
4190,39.0452
4191,39.0784
4192,38.2056
4193,38.2905
4194,38.381
4195,40.8104
4196,37.3845
4197,41.674
4198,42.1831
4199,44.0381
4200,37.4886
4201,38.5371
4202,36.8587
4203,40.8885
4204,37.9763
4205,37.0195
4206,38.1484
4207,38.2075
4208,38.2207
4209,38.2292
4210,41.2894
4211,37.3821
4212,39.0905
4213,37.5241
4214,39.6113
4215,37.7559
4216,40.1724
4217,40.2169
4218,41.2839
4219,41.373
4220,38.6413
4221,40.6911
4222,40.1221
4223,41.1918
4224,41.3463
4225,38.6068
4226,37.7499
4227,38.7612
4228,41.0431
4229,40.0687
4230,42.0947
4231,41.1743
4232,40.4949
4233,40.004
4234,42.0129
4235,42.6479
4236,41.7106
4237,40.4789
4238,40.6785
4239,39.884
4240,36.8695
4241,38.1905
4242,38.9165
4243,36.0187
4244,40.5765
4245,38.7069
4246,39.7904
4247,37.8463
4248,40.1227
4249,40.1834
4250,37.6354
4251,41.5329
4252,41.8034
4253,42.841
4254,40.1812
4255,41.2991
4256,39.7391
4257,40.8752
4258,41.168
4259,43.4282
4260,41.2516
4261,39.3847
4262,41.4719
4263,40.5628
4264,40.7194
4265,40.8922
4266,42.3981
4267,38.6277
4268,38.7636
4269,40.1058
4270,40.9146
4271,38.2292
4272,42.2919
4273,42.3152
4274,40.5762
4275,39.9233
4276,38.3771
4277,39.7982
4278,40.1305
4279,40.5965
4280,41.8611
4281,36.2825
4282,41.884
4283,43.0612
4284,39.108
4285,42.2898
4286,38.3973
4287,38.9025
4288,39.3207
4289,40.1356
4290,40.3551
4291,41.1376
4292,37.043
4293,39.2456
4294,37.6682
4295,38.1334
4296,41.3013
4297,41.7578
4298,40.1225
4299,42.1958
4300,42.3199
4301,39.3283
4302,43.585
4303,42.1111
4304,39.1574
4305,42.3113
4306,43.1449
4307,44.4637
4308,38.0986
4309,42.6445
4310,39.6955
4311,39.4727
4312,41.8477
4313,37.2421
4314,39.8287
4315,38.5411
4316,37.7334
4317,37.8585
4318,38.2432
4319,41.314
4320,40.4808
4321,39.4998
4322,39.3003
4323,41.6264
4324,38.6353
4325,37.2228
4326,39.925
4327,38.075
4328,40.3528
4329,39.4531
4330,38.7244
4331,44.9047
4332,36.1321
4333,38.2854
4334,40.3697
4335,38.5507
4336,42.7513
4337,37.4603
4338,37.6028
4339,38.8047
4340,38.9451
4341,39.1797
4342,41.4293
4343,40.4864
4344,40.6275
4345,38.693
4346,40.0344
4347,40.1682
4348,39.6992
4349,42.647
4350,37.5374
4351,42.7293
4352,36.4763
4353,38.5815
4354,44.0011
4355,37.264
4356,37.8215
4357,41.9251
4358,42.3186
4359,38.354
4360,41.8299
4361,44.8212
4362,37.9781
4363,39.335
4364,38.7814
4365,42.5724
4366,39.6784
4367,43.5136
4368,37.8692
4369,43.3804
4370,37.6055
4371,38.4929
4372,38.051
4373,36.259
4374,38.4265
4375,38.743
4376,39.8408
4377,41.1993
4378,40.3918
4379,38.1797
4380,37.941
4381,43.8735
4382,39.4031
4383,37.7844
4384,39.512
4385,44.7019
4386,40.241
4387,40.1675
4388,40.9664
4389,38.692
4390,41.2911
4391,40.1559
4392,40.2943
4393,40.6186
4394,38.4606
4395,39.9833
4396,39.0711
4397,42.7775
4398,42.3451
4399,41.1085
4400,37.447
4401,39.8857
4402,39.2971
4403,36.6835
4404,40.738
4405,43.7465
4406,38.3012
4407,38.541
4408,41.2844
4409,40.6732
4410,39.8211
4411,41.4483
4412,42.7218
4413,45.8416
4414,37.6539
4415,41.1521
4416,40.5212
4417,40.5801
4418,43.1788
4419,39.6974
4420,39.7307
4421,43.1837
4422,41.1922
4423,41.9417
4424,41.1676
4425,37.0714
4426,36.8993
4427,37.3222
4428,39.3603
4429,40.3389
4430,40.7811
4431,41.0973
4432,41.4599
4433,40.4355
4434,40.4654
4435,41.0739
4436,39.6303
4437,41.9697
4438,40.3253
4439,40.9126
4440,36.4467
4441,38.2073
4442,37.6693
4443,38.6505
4444,40.6416
4445,37.8316
4446,35.4518
4447,40.9397
4448,39.66
4449,41.8876
4450,42.9606
4451,39.0725
4452,41.6649
4453,44.8639
4454,40.1759
4455,37.4209
4456,39.5729
4457,39.5889
4458,39.5973
4459,37.0455
4460,37.3402
4461,38.573
4462,37.8934
4463,42.2801
4464,39.6858
4465,39.2621
4466,40.7947
4467,38.3807
4468,38.4119
4469,39.5848
4470,39.6275
4471,40.3119
4472,40.4149
4473,40.7208
4474,41.0759
4475,39.3276
4476,41.4749
4477,37.4846
4478,37.547
4479,34.6423
4480,41.2408
4481,39.2624
4482,39.5705
4483,38.7869
4484,40.9391
4485,36.9595
4486,39.4185
4487,40.0359
4488,41.1013
4489,41.2835
4490,38.3466
4491,39.9709
4492,42.0405
4493,39.169
4494,40.2518
4495,41.2833
4496,45.3493
4497,36.0232
4498,36.6781
4499,38.3986
4500,42.0493
4501,42.0582
4502,39.4182
4503,41.512
4504,37.6238
4505,40.2975
4506,40.819
4507,40.9038
4508,36.0284
4509,40.4007
4510,37.4157
4511,43.0144
4512,41.2876
4513,40.2444
4514,33.6267
4515,37.2772
4516,40.5284
4517,39.9752
4518,40.4475
4519,42.1758
4520,42.3384
4521,40.6974
4522,41.2583
4523,37.7865
4524,38.4446
4525,43.7302
4526,36.7367
4527,39.821
4528,40.697
4529,38.8392
4530,40.9128
4531,39.6562
4532,41.9341
4533,40.8767
4534,43.3878
4535,38.1925
4536,39.338
4537,40.7494
4538,40.6719
4539,37.9981
4540,42.2724
4541,43.0097
4542,38.2412
4543,39.1558
4544,44.7421
4545,37.2772
4546,38.1968
4547,41.4111
4548,42.2999
4549,43.3261
4550,39.039
4551,36.4381
4552,40.5164
4553,38.5283
4554,36.1496
4555,44.7194
4556,42.7489
4557,42.2525
4558,41.4788
4559,39.4155
4560,39.8858
4561,42.2402
4562,39.2574
4563,41.5355
4564,44.8935
4565,39.9961
4566,41.279
4567,36.8231
4568,43.9285
4569,37.9677
4570,35.9786
4571,37.38
4572,39.4689
4573,43.8444
4574,38.1697
4575,36.1771
4576,39.8725
4577,42.4374
4578,42.4917
4579,38.3014
4580,41.3803
4581,38.4378
4582,38.4863
4583,40.444
4584,40.4569
4585,37.6371
4586,40.904
4587,41.4795
4588,38.7576
4589,41.9974
4590,39.0507
4591,39.1072
4592,39.3069
4593,40.9117
4594,40.2562
4595,41.3599
4596,40.3504
4597,42.539
4598,36.7098
4599,38.0934
4600,42.183
4601,42.2062
4602,41.9708
4603,38.2801
4604,40.3616
4605,38.1958
4606,40.7151
4607,40.7363
4608,38.5374
4609,38.8374
4610,42.8544
4611,38.5525
4612,39.7086
4613,40.1193
4614,37.3972
4615,40.4152
4616,38.6025
4617,43.1262
4618,42.621
4619,43.8283
4620,40.7041
4621,40.8181
4622,39.1494
4623,38.6003
4624,37.3843
4625,39.8479
4626,43.561
4627,40.8634
4628,37.8812
4629,37.9424
4630,38.7246
4631,35.4876
4632,40.6868
4633,40.2133
4634,40.2572
4635,40.3695
4636,37.5448
4637,36.9711
4638,37.7542
4639,39.1824
4640,39.7689
4641,40.0458
4642,36.227
4643,40.3673
4644,41.3938
4645,37.1843
4646,36.503
4647,39.9743
4648,41.1625
4649,39.2917
4650,43.6176
4651,41.6793
4652,37.0847
4653,41.0931
4654,38.7977
4655,41.7086
4656,39.0513
4657,41.0848
4658,40.2697
4659,40.3209
4660,43.7597
4661,39.834
4662,38.9521
4663,39.1071
4664,38.0887
4665,38.2726
4666,42.6771
4667,38.766
4668,40.9827
4669,39.3638
4670,40.2694
4671,40.345
4672,38.5065
4673,36.5441
4674,36.6567
4675,36.3758
4676,41.6388
4677,40.8222
4678,42.1453
4679,40.5637
4680,40.6598
4681,34.9528
4682,45.0305
4683,37.5301
4684,39.6267
4685,37.7411
4686,40.1517
4687,37.1774
4688,39.2553
4689,39.9502
4690,37.2602
4691,36.6902
4692,36.8813
4693,37.5237
4694,37.7454
4695,38.5637
4696,39.6233
4697,35.6428
4698,39.0324
4699,39.1363
4700,40.1915
4701,36.4725
4702,36.6401
4703,39.0387
4704,40.0832
4705,41.1919
4706,40.3914
4707,40.4168
4708,39.6939
4709,40.0476
4710,41.3183
4711,37.4348
4712,38.7995
4713,39.097
4714,40.1112
4715,43.1197
4716,39.3
4717,42.6626
4718,39.7679
4719,42.8022
4720,39.898
4721,40.121
4722,44.2522
4723,38.4603
4724,40.6689
4725,41.3004
4726,44.453
4727,41.4724
4728,43.9264
4729,43.2616
4730,42.6097
4731,40.6329
4732,41.9508
4733,43.184
4734,36.3502
4735,42.1501
4736,40.2529
4737,40.5413
4738,39.6241
4739,40.7344
4740,43.7238
4741,40.1912
4742,41.5811
4743,39.1902
4744,42.4388
4745,44.024
4746,38.3214
4747,38.3745
4748,39.8762
4749,40.2081
4750,41.1125
4751,40.3872
4752,44.4215
4753,40.719
4754,39.1504
4755,37.0691
4756,42.0323
4757,40.2719
4758,39.3081
4759,38.6805
4760,38.8131
4761,35.8451
4762,36.7407
4763,37.9718
4764,41.1361
4765,41.5838
4766,39.2018
4767,38.3944
4768,40.104
4769,42.4781
4770,35.331
4771,38.6818
4772,40.2964
4773,38.8373
4774,37.2871
4775,39.8714
4776,40.0426
4777,40.618
4778,41.2374
4779,38.8695
4780,44.1934
4781,39.3394
4782,41.4544
4783,39.4641
4784,40.5133
4785,41.628
4786,40.6954
4787,41.1918
4788,39.6184
4789,42.058
4790,42.5529
4791,38.7525
4792,39.0778
4793,37.1328
4794,39.5188
4795,41.7662
4796,40.3787
4797,35.7668
4798,38.752
4799,36.8244
4800,36.112
4801,37.2749
4802,37.6796
4803,43.1211
4804,38.9938
4805,38.3515
4806,39.721
4807,37.705
4808,40.7904
4809,39.5858
4810,35.0123
4811,38.9763
4812,41.0017
4813,40.0587
4814,39.4036
4815,37.7266
4816,38.3859
4817,42.5093
4818,41.6451
4819,41.6971
4820,38.7767
4821,40.8324
4822,37.0139
4823,37.1878
4824,38.0784
4825,40.4994
4826,39.208
4827,39.4981
4828,39.6145
4829,39.6575
4830,38.6659
4831,39.747
4832,40.3243
4833,39.1405
4834,41.1797
4835,41.2387
4836,39.2472
4837,41.2749
4838,41.4847
4839,41.844
4840,41.4282
4841,37.678
4842,39.0319
4843,39.1085
4844,38.6893
4845,41.1823
4846,38.9536
4847,39.5667
4848,43.6238
4849,37.8939
4850,39.9472
4851,40.1223
4852,39.9848
4853,40.2356
4854,37.6458
4855,40.7207
4856,39.831
4857,40.0551
4858,38.0936
4859,39.6513
4860,39.9329
4861,40.3734
4862,44.968
4863,37.0809
4864,38.703
4865,43.8577
4866,37.8811
4867,38.5765
4868,37.6536
4869,42.1623
4870,40.2954
4871,38.3244
4872,40.6436
4873,40.687
4874,40.6955
4875,42.7239
4876,41.2245
4877,37.4893
4878,40.5671
4879,41.8837
4880,35.967
4881,43.383
4882,34.4382
4883,38.6756
4884,37.4086
4885,42.6879
4886,41.3489
4887,41.6127
4888,39.326
4889,42.4888
4890,36.6033
4891,43.9045
4892,39.8832
4893,42.7013
4894,41.9667
4895,37.3926
4896,43.7659
4897,38.8538
4898,38.9837
4899,40.3685
4900,35.1942
4901,40.0006
4902,36.6567
4903,37.2804
4904,37.351
4905,39.5387
4906,40.5999
4907,38.0286
4908,40.4145
4909,38.529
4910,38.7871
4911,35.9925
4912,42.4064
4913,39.6483
4914,40.816
4915,36.0615
4916,40.1666
4917,40.2343
4918,40.8226
4919,37.9957
4920,41.1633
4921,35.3712
4922,40.4078
4923,37.7564
4924,39.5152
4925,42.7183
4926,42.9357
4927,41.1553
4928,40.3967
4929,40.5436
4930,40.7931
4931,43.4363
4932,37.4899
4933,39.8374
4934,41.9908
4935,34.196
4936,42.4365
4937,40.0124
4938,39.575
4939,42.7072
4940,37.8895
4941,40.9576
4942,38.6889
4943,36.6922
4944,38.9962
4945,38.0373
4946,38.7337
4947,41.1421
4948,38.0076
4949,40.0899
4950,43.52
4951,41.2724
4952,40.565
4953,39.5917
4954,41.757
4955,41.2739
4956,43.7081
4957,34.4446
4958,39.4534
4959,39.8136
4960,40.1949
4961,36.5006
4962,41.435
4963,38.5962
4964,39.8844
4965,37.1069
4966,44.7245
4967,39.3198
4968,39.3595
4969,41.3767
4970,36.7269
4971,39.9209
4972,38.8716
4973,41.4766
4974,37.7499
4975,37.6846
4976,39.8035
4977,39.1866
4978,40.3715
4979,41.725
4980,42.7373
4981,42.5964
4982,40.6537
4983,42.1234
4984,41.322
4985,42.1501
4986,40.6606
4987,39.0547
4988,39.1416
4989,39.0393
4990,44.1941
4991,39.5439
4992,41.1794
4993,39.218
4994,42.1835
4995,42.7424
4996,42.771
4997,42.8357
4998,37.1876
4999,37.9412
5000,45.0401
5001,43.501
5002,39.5404
5003,38.3501
5004,35.7749
5005,37.5356
5006,39.8849
5007,37.9805
5008,38.5513
5009,38.5963
5010,39.6968
5011,39.9736
5012,40.0157
5013,40.4917
5014,41.6087
5015,41.1207
5016,39.0673
5017,41.724
5018,41.0199
5019,44.6856
5020,41.1817
5021,41.5276
5022,39.8763
5023,41.4596
5024,38.4681
5025,41.9423
5026,39.9606
5027,44.2031
5028,41.2486
5029,40.472
5030,39.6069
5031,40.8398
5032,39.8311
5033,39.8723
5034,37.6125
5035,37.6679
5036,40.6766
5037,40.2706
5038,39.2727
5039,40.9112
5040,37.9711
5041,43.6108
5042,40.1874
5043,40.6213
5044,38.7076
5045,39.9334
5046,38.4248
5047,39.7512
5048,35.2828
5049,41.5243
5050,36.1539
5051,38.5228
5052,38.5861
5053,37.6651
5054,40.9696
5055,39.5356
5056,38.8089
5057,40.8397
5058,37.8743
5059,41.0085
5060,39.0279
5061,38.2693
5062,39.2874
5063,38.5141
5064,35.5929
5065,43.7852
5066,39.8354
5067,40.5108
5068,39.673
5069,36.2661
5070,41.296
5071,40.745
5072,38.2323
5073,38.577
5074,38.9782
5075,39.2103
5076,40.683
5077,41.7998
5078,38.9193
5079,40.9766
5080,40.4333
5081,37.4896
5082,41.1734
5083,40.5148
5084,37.8162
5085,41.822
5086,42.6416
5087,43.7635
5088,38.6197
5089,45.688
5090,38.8792
5091,41.05
5092,40.8044
5093,39.363
5094,41.5719
5095,42.1273
5096,43.0036
5097,35.4288
5098,38.6754
5099,40.1598
5100,35.8434
5101,41.348
5102,42.86
5103,37.1322
5104,43.1709
5105,38.2209
5106,39.4726
5107,39.6438
5108,39.439
5109,39.9245
5110,39.2003
5111,43.2498
5112,42.4531
5113,42.4884
5114,40.337
5115,44.5334
5116,38.3466
5117,39.5914
5118,37.4845
5119,40.1358
5120,40.6653
5121,36.1542
5122,43.6614
5123,39.1535
5124,40.9152
5125,41.1042
5126,40.4754
5127,39.7381
5128,38.2467
5129,40.4952
5130,39.5972
5131,41.7197
5132,38.4513
5133,40.1037
5134,36.9568
5135,39.5197
5136,35.3008
5137,40.4618
5138,39.62
5139,41.081
5140,38.8833
5141,42.3055
5142,36.3608
5143,39.7638
5144,39.9018
5145,40.7346
5146,36.8255
5147,37.4231
5148,41.0246
5149,38.1645
5150,38.1032
5151,44.152
5152,39.9435
5153,40.4659
5154,40.5052
5155,41.123
5156,41.4873
5157,41.6866
5158,40.834
5159,41.844
5160,41.1943
5161,40.8203
5162,41.2671
5163,36.1925
5164,37.8059
5165,40.8742
5166,38.003
5167,39.0394
5168,40.963
5169,37.9379
5170,37.7484
5171,40.4223
5172,40.5091
5173,39.5277
5174,44.6222
5175,40.813
5176,37.44
5177,39.5174
5178,39.5423
5179,39.6294
5180,37.7189
5181,41.7723
5182,39.9014
5183,41.3198
5184,36.6396
5185,41.2933
5186,41.3075
5187,41.6342
5188,41.6144
5189,39.743
5190,39.5222
5191,41.6857
5192,39.8827
5193,40.2437
5194,39.6753
5195,43.727
5196,42.1082
5197,40.6638
5198,41.5227
5199,42.0147
5200,38.3229
5201,38.9611
5202,37.15
5203,39.5246
5204,33.7227
5205,38.3849
5206,38.9284
5207,43.3768
5208,40.3751
5209,44.6566
5210,41.2449
5211,42.3289
5212,41.0584
5213,40.5634
5214,38.8043
5215,38.3632
5216,36.8991
5217,37.5125
5218,40.698
5219,40.128
5220,41.7801
5221,39.4239
5222,40.029
5223,40.2089
5224,37.745
5225,43.2384
5226,43.255
5227,39.5085
5228,35.9973
5229,42.5811
5230,41.7117
5231,41.8945
5232,37.2619
5233,37.4278
5234,40.9376
5235,39.4092
5236,41.9097
5237,39.0497
5238,41.3172
5239,38.3765
5240,37.8535
5241,37.8865
5242,41.7255
5243,39.0431
5244,41.4603
5245,41.5232
5246,39.5372
5247,40.3899
5248,40.5753
5249,41.7224
5250,37.146
5251,40.3216
5252,39.4088
5253,38.2464
5254,38.375
5255,41.6571
5256,38.9138
5257,39.3959
5258,42.4523
5259,39.5039
5260,42.7796
5261,39.8172
5262,43.3786
5263,43.5877
5264,36.78
5265,41.5864
5266,41.0076
5267,37.2842
5268,42.3087
5269,37.5663
5270,42.9371
5271,38.8691
5272,41.5951
5273,39.9082
5274,40.5748
5275,37.2378
5276,42.7173
5277,42.9435
5278,40.2646
5279,42.7115
5280,38.8059
5281,41.2937
5282,38.8752
5283,40.0865
5284,40.1165
5285,41.2162
5286,41.2937
5287,37.777
5288,36.9486
5289,36.0371
5290,38.4694
5291,40.1965
5292,40.174
5293,39.6758
5294,40.9589
5295,38.0244
5296,38.3226
5297,39.1641
5298,43.534
5299,39.6307
5300,39.811
5301,40.6577
5302,38.0446
5303,41.4747
5304,41.6653
5305,43.0649
5306,39.9794
5307,40.0216
5308,40.3848
5309,39.1244
5310,38.6273
5311,38.7751
5312,41.3876
5313,38.7294
5314,38.287
5315,43.3595
5316,38.4171
5317,37.5137
5318,39.466
5319,39.4745
5320,38.7701
5321,38.8854
5322,40.2237
5323,43.6645
5324,43.0474
5325,41.3026
5326,39.678
5327,40.2195
5328,38.1057
5329,38.4785
5330,38.4869
5331,39.2642
5332,39.8874
5333,40.5195
5334,42.7186
5335,43.4017
5336,39.4673
5337,43.4377
5338,43.5388
5339,40.5597
5340,37.6602
5341,36.5859
5342,44.7867
5343,36.679
5344,39.8334
5345,40.0999
5346,37.5303
5347,40.9463
5348,41.7658
5349,39.9722
5350,40.4533
5351,41.064
5352,42.0143
5353,43.4563
5354,42.9948
5355,40.0609
5356,36.1477
5357,36.5547
5358,41.3026
5359,39.1625
5360,39.0631
5361,41.1258
5362,41.443
5363,42.2856
5364,43.8833
5365,37.9163
5366,40.4623
5367,40.6838
5368,37.1075
5369,37.8442
5370,38.1375
5371,39.4289
5372,40.288
5373,39.8039
5374,39.8348
5375,41.6349
5376,35.6539
5377,43.2184
5378,41.0895
5379,37.4078
5380,41.6934
5381,41.1019
5382,38.007
5383,38.7287
5384,40.2825
5385,38.7019
5386,40.3357
5387,43.4749
5388,43.7791
5389,38.8839
5390,45.2663
5391,41.7523
5392,40.4869
5393,40.7911
5394,39.0121
5395,39.1393
5396,39.8307
5397,40.9816
5398,40.6277
5399,40.7701
5400,41.0068
5401,40.6515
5402,37.9804
5403,38.2127
5404,38.6065
5405,38.9457
5406,39.2683
5407,40.2975
5408,39.3463
5409,40.3945
5410,40.4042
5411,40.6483
5412,41.0216
5413,39.3606
5414,41.8657
5415,40.0556
5416,40.2386
5417,41.5346
5418,38.9675
5419,39.9906
5420,40.7478
5421,38.1059
5422,40.2644
5423,40.3185
5424,39.3928
5425,41.5647
5426,41.2002
5427,39.3779
5428,40.1982
5429,36.2461
5430,37.2545
5431,37.9788
5432,39.1704
5433,43.2775
5434,38.2481
5435,46.2825
5436,42.67
5437,38.2539
5438,43.346
5439,39.6619
5440,42.3377
5441,37.3901
5442,43.6831
5443,36.8037
5444,42.9107
5445,38.0527
5446,38.3465
5447,39.3654
5448,39.4339
5449,38.0137
5450,38.4844
5451,40.6586
5452,41.4477
5453,38.5022
5454,39.7787
5455,38.6709
5456,39.7229
5457,41.0511
5458,43.4471
5459,37.6007
5460,37.6311
5461,43.3328
5462,38.9388
5463,43.0832
5464,43.1812
5465,40.2181
5466,40.3556
5467,36.7144
5468,41.7726
5469,40.014
5470,37.9426
5471,36.9727
5472,40.2112
5473,41.3457
5474,40.1477
5475,38.9881
5476,39.184
5477,35.2413
5478,39.4607
5479,41.0919
5480,38.2755
5481,42.5046
5482,42.6544
5483,38.1765
5484,39.0444
5485,39.4279
5486,39.6043
5487,37.0764
5488,38.1951
5489,40.6087
5490,45.8195
5491,43.4891
5492,40.7027
5493,39.7372
5494,35.7932
5495,36.5811
5496,39.6158
5497,42.6808
5498,41.7038
5499,39.8091
5500,39.9379
5501,38.0849
5502,41.9896
5503,43.1458
5504,42.3089
5505,39.3767
5506,39.7246
5507,40.7502
5508,43.2435
5509,38.7294
5510,43.7725
5511,41.9958
5512,38.3967
5513,36.4873
5514,40.9791
5515,39.0204
5516,40.7901
5517,38.0415
5518,36.6206
5519,41.1951
5520,39.5317
5521,37.6557
5522,38.1671
5523,37.2668
5524,37.3716
5525,43.38
5526,38.4334
5527,39.6962
5528,39.2973
5529,40.3922
5530,40.5303
5531,39.6255
5532,35.7668
5533,38.1599
5534,40.3465
5535,41.4103
5536,40.6809
5537,40.0412
5538,41.1197
5539,41.2591
5540,40.199
5541,41.2465
5542,39.4582
5543,42.902
5544,43.4725
5545,38.7015
5546,42.5885
5547,38.6324
5548,38.7838
5549,38.8812
5550,40.2577
5551,40.6149
5552,39.6576
5553,39.7503
5554,40.1574
5555,41.1086
5556,40.8828
5557,42.9888
5558,39.0248
5559,39.5895
5560,40.9951
5561,34.2142
5562,39.7653
5563,34.0272
5564,43.4721
5565,39.1225
5566,41.2853
5567,37.2962
5568,37.2619
5569,38.9695
5570,39.0612
5571,39.0951
5572,39.9954
5573,40.0504
5574,40.7025
5575,39.8812
5576,40.4038
5577,38.5751
5578,40.3399
5579,41.634
5580,39.8388
5581,41.2065
5582,42.7456
5583,41.7733
5584,37.8341
5585,40.7314
5586,41.3354
5587,36.8908
5588,37.3556
5589,42.5027
5590,40.6337
5591,39.4035
5592,42.6031
5593,41.8076
5594,39.9109
5595,37.1067
5596,44.4221
5597,39.6113
5598,38.7388
5599,39.7719
5600,36.7893
5601,39.1594
5602,43.3116
5603,38.5639
5604,41.6342
5605,39.1144
5606,42.0591
5607,43.3114
5608,38.4765
5609,40.6475
5610,37.783
5611,38.9531
5612,41.3349
5613,38.9265
5614,42.154
5615,40.9393
5616,40.8417
5617,40.0817
5618,42.1626
5619,39.2646
5620,43.2853
5621,40.0627
5622,36.5219
5623,38.0536
5624,40.9047
5625,42.0095
5626,38.4696
5627,36.8019
5628,43.2635
5629,36.3285
5630,34.6102
5631,43.8985
5632,41.6381
5633,37.9333
5634,36.3643
5635,38.8109
5636,44.8266
5637,41.1179
5638,38.0299
5639,43.2418
5640,40.4087
5641,37.4606
5642,39.7491
5643,42.741
5644,42.8743
5645,38.3613
5646,41.1948
5647,40.2639
5648,39.3289
5649,38.9739
5650,40.4591
5651,40.9072
5652,42.7336
5653,42.5893
5654,38.9697
5655,44.5739
5656,37.5846
5657,36.8592
5658,38.9681
5659,38.0023
5660,38.677
5661,38.9323
5662,36.1258
5663,40.2891
5664,40.889
5665,41.1175
5666,41.3827
5667,37.8806
5668,38.0376
5669,39.1762
5670,36.4445
5671,37.5376
5672,38.2161
5673,40.551
5674,36.6927
5675,37.1351
5676,39.2651
5677,40.9212
5678,41.232
5679,41.2887
5680,40.6581
5681,40.9117
5682,41.317
5683,40.3667
5684,40.4318
5685,40.7795
5686,41.8477
5687,36.1361
5688,43.2259
5689,39.6273
5690,41.8221
5691,37.9904
5692,43.4478
5693,38.1745
5694,40.0604
5695,40.1107
5696,36.4239
5697,40.0886
5698,39.5236
5699,39.9826
5700,40.1761
5701,41.4383
5702,40.5285
5703,37.8449
5704,38.9093
5705,41.8952
5706,41.9427
5707,38.0162
5708,38.7478
5709,39.9489
5710,38.9922
5711,42.3991
5712,39.6071
5713,43.1445
5714,40.6699
5715,42.9937
5716,41.4732
5717,42.5296
5718,36.1044
5719,37.9557
5720,45.3293
5721,40.4399
5722,39.9468
5723,37.3204
5724,41.8479
5725,45.2818
5726,38.3851
5727,43.3598
5728,40.4428
5729,35.7183
5730,39.9162
5731,40.2801
5732,40.5601
5733,38.6184
5734,40.7323
5735,40.9602
5736,41.4083
5737,39.5879
5738,39.9189
5739,39.6069
5740,41.2085
5741,43.2855
5742,34.5327
5743,41.1044
5744,36.6062
5745,38.4198
5746,40.4977
5747,38.9163
5748,38.7848
5749,42.7955
5750,38.3113
5751,43.4417
5752,38.258
5753,38.6052
5754,41.1786
5755,38.2128
5756,39.6625
5757,41.7394
5758,39.7735
5759,35.5346
5760,39.781
5761,38.4248
5762,43.5885
5763,36.9724
5764,37.8104
5765,41.8587
5766,38.8779
5767,42.5863
5768,37.6383
5769,38.3092
5770,38.7502
5771,39.7507
5772,40.603
5773,37.7728
5774,38.2931
5775,39.0222
5776,39.0744
5777,38.3267
5778,40.0794
5779,37.427
5780,38.5753
5781,36.2594
5782,42.5994
5783,39.6124
5784,39.267
5785,38.0916
5786,40.3235
5787,38.8856
5788,38.0343
5789,39.1642
5790,39.1726
5791,39.3119
5792,39.3742
5793,39.7299
5794,44.0062
5795,42.757
5796,40.7705
5797,40.7827
5798,39.9485
5799,39.3176
5800,43.5469
5801,39.7946
5802,41.8864
5803,39.0956
5804,43.4695
5805,40.4441
5806,38.2383
5807,42.2343
5808,39.9482
5809,37.0266
5810,41.4146
5811,39.5485
5812,42.2405
5813,39.9974
5814,38.3652
5815,39.1191
5816,40.3918
5817,40.5487
5818,36.7249
5819,41.1133
5820,40.8373
5821,37.1454
5822,37.3404
5823,39.3524
5824,39.5289
5825,39.7367
5826,39.0542
5827,40.1387
5828,39.1974
5829,39.4429
5830,41.793
5831,42.0895
5832,40.5785
5833,35.1214
5834,42.1526
5835,39.7973
5836,40.0714
5837,40.5316
5838,40.7538
5839,39.2004
5840,41.266
5841,42.7042
5842,40.7255
5843,35.0084
5844,39.1941
5845,39.5833
5846,40.0695
5847,41.3635
5848,41.836
5849,43.0327
5850,41.4137
5851,39.1607
5852,39.1581
5853,36.3902
5854,39.062
5855,39.503
5856,39.5224
5857,40.9919
5858,38.5801
5859,37.965
5860,38.0672
5861,38.4415
5862,36.6379
5863,40.6179
5864,40.6782
5865,39.9254
5866,43.0086
5867,44.1249
5868,38.3335
5869,39.3486
5870,38.5893
5871,40.5041
5872,37.6282
5873,37.7329
5874,37.8034
5875,41.0454
5876,45.3547
5877,38.8602
5878,40.3504
5879,40.5896
5880,43.7945
5881,40.9735
5882,38.185
5883,38.285
5884,38.7391
5885,42.2476
5886,39.1452
5887,40.4296
5888,40.3267
5889,37.4139
5890,34.8413
5891,42.4602
5892,38.1992
5893,38.2076
5894,39.0789
5895,40.4687
5896,40.6193
5897,41.2031
5898,40.4921
5899,36.725
5900,42.2386
5901,38.7443
5902,39.3841
5903,39.8619
5904,39.1102
5905,37.1232
5906,39.2082
5907,40.28
5908,39.3389
5909,44.4477
5910,41.7437
5911,42.4503
5912,39.3176
5913,41.538
5914,40.5464
5915,39.9238
5916,41.414
5917,39.6053
5918,42.8733
5919,42.1746
5920,44.4585
5921,38.1196
5922,36.8374
5923,37.0894
5924,38.5754
5925,43.0744
5926,41.0053
5927,40.0216
5928,38.2082
5929,40.9379
5930,41.5921
5931,42.8892
5932,42.337
5933,41.7786
5934,37.8332
5935,41.8986
5936,40.9454
5937,36.1339
5938,39.6411
5939,41.4597
5940,41.4681
5941,37.5906
5942,39.6016
5943,39.695
5944,38.7135
5945,39.139
5946,38.1586
5947,38.3724
5948,42.4941
5949,39.8973
5950,41.5879
5951,39.9597
5952,41.529
5953,41.022
5954,43.2138
5955,39.12
5956,41.2987
5957,39.4133
5958,38.9162
5959,39.2517
5960,39.7495
5961,40.9792
5962,40.3622
5963,40.593
5964,41.9726
5965,40.9813
5966,43.2585
5967,41.4191
5968,42.4109
5969,41.7149
5970,44.174
5971,38.4394
5972,39.1157
5973,41.3455
5974,40.108
5975,41.1694
5976,39.4758
5977,39.5111
5978,37.4303
5979,42.652
5980,41.1402
5981,39.5083
5982,41.5443
5983,39.8465
5984,42.261
5985,40.2945
5986,36.4595
5987,36.6846
5988,39.7932
5989,44.7165
5990,39.6894
5991,41.3718
5992,45.1591
5993,42.4975
5994,37.768
5995,37.8007
5996,38.2127
5997,37.4175
5998,38.7044
5999,39.9318
6000,40.5615
6001,40.6683
6002,39.8779
6003,41.3015
6004,41.385
6005,39.0302
6006,42.0388
6007,42.4106
6008,42.5635
6009,39.3463
6010,41.6696
6011,36.6821
6012,43.4086
6013,37.5949
6014,41.7598
6015,39.0792
6016,39.2494
6017,39.4098
6018,40.8583
6019,39.9901
6020,37.6796
6021,38.688
6022,38.7588
6023,40.9852
6024,39.0897
6025,38.6503
6026,40.2201
6027,42.2572
6028,40.8831
6029,41.1612
6030,39.0016
6031,39.101
6032,42.5335
6033,38.9945
6034,42.3815
6035,39.2167
6036,41.8048
6037,38.8875
6038,38.4833
6039,39.4918
6040,39.9437
6041,37.2368
6042,38.7836
6043,42.7279
6044,40.2012
6045,40.2441
6046,38.71
6047,40.7353
6048,41.4407
6049,38.617
6050,40.1452
6051,39.7519
6052,37.0385
6053,38.1819
6054,38.5336
6055,40.7462
6056,39.2733
6057,38.7148
6058,36.8492
6059,41.893
6060,41.0461
6061,40.0635
6062,41.1521
6063,40.4438
6064,39.6981
6065,39.9912
6066,42.8111
6067,40.5942
6068,40.9787
6069,43.8449
6070,41.8732
6071,40.3166
6072,37.0519
6073,38.0531
6074,39.1989
6075,40.202
6076,39.3886
6077,39.823
6078,38.0774
6079,40.9954
6080,40.0131
6081,38.6367
6082,42.7454
6083,41.8943
6084,40.0583
6085,38.4095
6086,42.018
6087,41.1185
6088,39.1363
6089,39.0647
6090,40.4214
6091,40.0869
6092,41.3305
6093,42.0836
6094,37.3758
6095,41.7946
6096,42.0729
6097,44.1765
6098,36.246
6099,43.3727
6100,37.8186
6101,38.01
6102,38.3224
6103,39.3467
6104,39.3696
6105,40.8467
6106,38.5722
6107,41.9986
6108,42.2416
6109,40.9461
6110,42.5439
6111,37.9705
6112,43.0818
6113,39.8548
6114,46.9893
6115,39.4414
6116,39.8776
6117,37.8681
6118,39.9746
6119,39.6753
6120,38.85
6121,39.6488
6122,40.1227
6123,40.3997
6124,40.4405
6125,40.6636
6126,38.5666
6127,41.6332
6128,42.1242
6129,42.5132
6130,37.7808
6131,40.326
6132,43.5134
6133,39.8311
6134,41.8898
6135,36.9567
6136,38.1949
6137,38.2459
6138,41.9483
6139,40.0529
6140,42.4324
6141,36.9092
6142,37.3059
6143,37.5258
6144,38.581
6145,40.1481
6146,40.3209
6147,40.3294
6148,37.6917
6149,38.8011
6150,38.1052
6151,38.2689
6152,36.7663
6153,39.0597
6154,40.1903
6155,40.4395
6156,40.7183
6157,42.1545
6158,41.3717
6159,39.4013
6160,41.6015
6161,43.2106
6162,38.8613
6163,41.036
6164,39.1996
6165,37.9833
6166,41.5504
6167,38.6942
6168,39.942
6169,43.3206
6170,43.7144
6171,39.1635
6172,36.1889
6173,38.5769
6174,39.11
6175,41.1957
6176,40.9673
6177,40.9758
6178,41.007
6179,41.7478
6180,40.1855
6181,39.4587
6182,40.049
6183,40.1635
6184,37.5404
6185,45.9096
6186,42.0724
6187,38.1516
6188,41.4901
6189,38.7316
6190,39.0227
6191,43.186
6192,42.4953
6193,45.1649
6194,37.2555
6195,38.1942
6196,41.3139
6197,40.055
6198,40.5461
6199,39.831
6200,40.1415
6201,37.4264
6202,40.7484
6203,41.246
6204,38.779
6205,42.0289
6206,43.4092
6207,36.0981
6208,41.4674
6209,41.4286
6210,41.8169
6211,43.4283
6212,38.5666
6213,37.6254
6214,39.1831
6215,40.8038
6216,40.994
6217,38.1661
6218,40.3439
6219,40.5431
6220,43.0514
6221,42.7664
6222,36.9621
6223,41.2496
6224,44.7949
6225,36.2961
6226,38.6009
6227,42.828
6228,39.4656
6229,40.7141
6230,40.9251
6231,44.476
6232,41.5217
6233,37.5667
6234,38.0556
6235,43.0121
6236,42.9
6237,38.8099
6238,38.5417
6239,38.0927
6240,40.5
6241,38.5161
6242,40.9485
6243,40.9688
6244,40.0638
6245,43.0199
6246,41.0734
6247,41.3045
6248,40.879
6249,40.1444
6250,45.4106
6251,39.895
6252,45.9625
6253,39.5502
6254,41.2653
6255,39.1199
6256,38.3941
6257,40.0509
6258,37.4205
6259,39.5082
6260,38.8269
6261,40.3045
6262,38.3201
6263,41.5726
6264,41.9171
6265,42.6958
6266,38.1686
6267,40.946
6268,41.3125
6269,40.1158
6270,40.7783
6271,39.4712
6272,39.4836
6273,39.5572
6274,42.2606
6275,37.4572
6276,44.4929
6277,39.4613
6278,42.5099
6279,38.3656
6280,38.7107
6281,39.3292
6282,39.1238
6283,41.1849
6284,41.6119
6285,40.2637
6286,42.3214
6287,43.0935
6288,38.1424
6289,43.2315
6290,39.2501
6291,42.6396
6292,38.7026
6293,36.8647
6294,36.257
6295,41.7157
6296,44.3919
6297,40.4487
6298,40.8175
6299,39.8091
6300,41.3227
6301,42.5811
6302,38.7726
6303,37.9347
6304,37.3826
6305,35.572
6306,44.7616
6307,37.1496
6308,38.3835
6309,44.4778
6310,38.4862
6311,38.6004
6312,39.8317
6313,43.0284
6314,39.2748
6315,37.6101
6316,40.8999
6317,41.6604
6318,41.8124
6319,45.0235
6320,40.4041
6321,41.6491
6322,38.0678
6323,38.2739
6324,37.5685
6325,37.8598
6326,41.2917
6327,38.3874
6328,41.313
6329,39.3103
6330,40.2407
6331,40.2568
6332,40.5793
6333,43.0795
6334,42.4687
6335,38.6787
6336,37.6959
6337,41.0156
6338,37.6844
6339,39.9285
6340,40.1135
6341,39.2691
6342,36.636
6343,43.0329
6344,39.6935
6345,41.9891
6346,42.012
6347,40.342
6348,40.4084
6349,42.0088
6350,39.0988
6351,44.0408
6352,36.0858
6353,34.3097
6354,37.5608
6355,39.6824
6356,44.1937
6357,38.7002
6358,40.5224
6359,40.665
6360,41.0595
6361,36.9671
6362,42.1229
6363,37.2525
6364,40.3701
6365,40.7519
6366,37.8426
6367,37.9615
6368,39.4855
6369,39.7534
6370,42.2666
6371,41.0279
6372,38.9691
6373,41.4877
6374,41.5587
6375,41.7678
6376,38.1982
6377,42.2249
6378,40.6315
6379,37.0347
6380,37.1455
6381,36.2652
6382,37.8244
6383,38.7994
6384,40.4937
6385,40.5412
6386,40.6977
6387,41.6166
6388,42.092
6389,38.2145
6390,36.4715
6391,39.1989
6392,40.483
6393,39.1819
6394,42.2096
6395,38.2277
6396,38.3188
6397,36.696
6398,38.0157
6399,35.3748
6400,43.5398
6401,43.7155
6402,39.7785
6403,40.4518
6404,40.6626
6405,38.9224
6406,40.9818
6407,39.4321
6408,38.4753
6409,41.6243
6410,38.7464
6411,39.8881
6412,39.961
6413,36.326
6414,38.9388
6415,35.9747
6416,41.0306
6417,39.339
6418,42.4488
6419,40.644
6420,41.973
6421,44.2163
6422,42.7535
6423,37.4183
6424,41.7601
6425,40.1663
6426,43.1788
6427,38.3144
6428,39.3375
6429,37.8804
6430,40.1838
6431,40.9227
6432,39.981
6433,40.0242
6434,39.0061
6435,42.0681
6436,42.7993
6437,41.9879
6438,39.1314
6439,39.2492
6440,37.9947
6441,44.5404
6442,40.6727
6443,38.9259
6444,38.9385
6445,39.0207
6446,36.7629
6447,41.1795
6448,37.3953
6449,37.3619
6450,36.6191
6451,39.9663
6452,34.2701
6453,41.1157
6454,40.8873
6455,42.2895
6456,43.3349
6457,37.0336
6458,38.0737
6459,38.1575
6460,42.3659
6461,39.7925
6462,40.8893
6463,40.2332
6464,40.5374
6465,41.5937
6466,40.8971
6467,37.116
6468,37.1797
6469,42.5101
6470,38.2556
6471,38.7782
6472,39.9784
6473,38.3488
6474,39.4707
6475,38.415
6476,39.424
6477,36.5603
6478,39.225
6479,36.6767
6480,43.0736
6481,40.3428
6482,42.5736
6483,40.1854
6484,39.7946
6485,36.9147
6486,42.0479
6487,38.0148
6488,34.4281
6489,39.3132
6490,39.7434
6491,39.8772
6492,40.2585
6493,35.5231
6494,40.5702
6495,41.6084
6496,41.6619
6497,39.1175
6498,42.4224
6499,43.7802
6500,38.3317
6501,42.8782
6502,39.3086
6503,37.7897
6504,38.9496
6505,42.1041
6506,39.4879
6507,45.4778
6508,40.6807
6509,39.9407
6510,40.9812
6511,37.7798
6512,38.3144
6513,39.589
6514,39.072
6515,40.9256
6516,44.1861
6517,36.2008
6518,35.3118
6519,42.9756
6520,38.095
6521,39.544
6522,37.5525
6523,40.5631
6524,41.3858
6525,39.7147
6526,39.7761
6527,37.7934
6528,41.9366
6529,38.3402
6530,38.4081
6531,41.0647
6532,39.4199
6533,40.5139
6534,43.6451
6535,42.1211
6536,42.7184
6537,37.9142
6538,37.4095
6539,37.4179
6540,37.5414
6541,39.7319
6542,39.2413
6543,39.9433
6544,38.2866
6545,42.5322
6546,39.6346
6547,41.8373
6548,38.9195
6549,43.1814
6550,38.2041
6551,35.3446
6552,36.5289
6553,34.0308
6554,36.4936
6555,37.282
6556,38.3264
6557,38.6592
6558,38.7232
6559,39.9849
6560,39.4275
6561,39.601
6562,38.9723
6563,42.3397
6564,41.147
6565,39.6848
6566,43.7467
6567,42.3577
6568,41.1184
6569,42.0448
6570,44.3445
6571,41.0359
6572,39.8383
6573,40.1875
6574,36.5138
6575,39.8765
6576,38.2978
6577,39.4609
6578,41.7668
6579,41.0963
6580,41.1411
6581,40.9179
6582,41.2416
6583,36.2632
6584,40.4305
6585,37.6098
6586,42.6364
6587,40.1303
6588,37.824
6589,44.1273
6590,38.1506
6591,40.7171
6592,39.7449
6593,38.816
6594,40.0437
6595,38.0667
6596,38.1849
6597,38.4792
6598,43.6652
6599,37.9977
6600,39.0632
6601,41.2017
6602,40.5082
6603,40.1972
6604,42.7231
6605,40.9675
6606,41.5593
6607,42.2392
6608,36.301
6609,38.4031
6610,44.0561
6611,38.2105
6612,36.4048
6613,41.0064
6614,42.9186
6615,37.9523
6616,42.2566
6617,40.4277
6618,37.9502
6619,41.3017
6620,38.3101
6621,38.4442
6622,36.9437
6623,43.0256
6624,41.25
6625,42.9928
6626,42.2321
6627,40.9293
6628,42.9728
6629,40.0032
6630,41.0117
6631,41.1363
6632,38.2149
6633,38.9234
6634,39.9808
6635,38.421
6636,41.9086
6637,44.1427
6638,38.2502
6639,40.2318
6640,40.687
6641,38.8145
6642,38.1971
6643,35.5188
6644,37.084
6645,37.2346
6646,37.0972
6647,39.4503
6648,39.4894
6649,41.5048
6650,41.534
6651,37.1451
6652,40.1536
6653,42.1947
6654,40.5536
6655,39.0341
6656,41.319
6657,42.5153
6658,43.3671
6659,38.5541
6660,42.0381
6661,40.1505
6662,40.5633
6663,40.6245
6664,38.9672
6665,41.1809
6666,37.3976
6667,41.729
6668,41.7374
6669,37.8563
6670,38.1057
6671,43.5872
6672,40.1817
6673,40.5422
6674,41.3959
6675,37.3283
6676,36.3368
6677,42.5245
6678,36.8636
6679,37.7737
6680,42.0777
6681,36.7872
6682,36.8927
6683,37.2297
6684,38.0265
6685,40.035
6686,38.1374
6687,38.518
6688,37.0597
6689,39.3097
6690,39.4079
6691,41.4965
6692,39.0328
6693,40.2369
6694,40.9761
6695,39.0141
6696,42.4878
6697,40.6756
6698,40.1194
6699,36.14
6700,36.3323
6701,35.378
6702,40.1627
6703,37.275
6704,37.4087
6705,43.6217
6706,39.1957
6707,39.4493
6708,38.467
6709,38.5279
6710,39.4232
6711,39.8142
6712,40.8822
6713,40.9385
6714,40.2676
6715,40.5845
6716,40.6633
6717,39.8327
6718,41.2626
6719,39.3205
6720,42.6142
6721,40.6947
6722,39.973
6723,41.0614
6724,39.5764
6725,45.6962
6726,35.806
6727,39.3177
6728,37.8466
6729,40.0176
6730,38.0583
6731,41.1892
6732,38.088
6733,39.5792
6734,39.7217
6735,38.773
6736,42.8224
6737,39.9445
6738,38.2532
6739,39.3612
6740,40.4024
6741,38.6163
6742,39.1801
6743,39.2734
6744,41.8514
6745,39.9154
6746,40.3297
6747,40.0902
6748,42.8191
6749,41.1176
6750,40.2054
6751,41.3066
6752,38.3373
6753,36.4487
6754,38.5708
6755,40.4059
6756,40.1704
6757,38.2159
6758,38.5658
6759,36.8215
6760,44.1393
6761,42.3323
6762,42.2458
6763,40.843
6764,44.3127
6765,38.917
6766,36.0267
6767,40.289
6768,40.3366
6769,38.8161
6770,38.2378
6771,39.5482
6772,39.6551
6773,40.2271
6774,40.2786
6775,44.0268
6776,42.0989
6777,40.4351
6778,41.8682
6779,43.0242
6780,39.5807
6781,38.7481
6782,39.806
6783,40.4246
6784,40.398
6785,38.9176
6786,42.0251
6787,38.3053
6788,39.1452
6789,41.3193
6790,40.6471
6791,39.345
6792,34.8397
6793,39.6268
6794,40.9954
6795,41.0331
6796,39.0494
6797,37.2549
6798,41.6957
6799,39.4386
6800,40.5544
6801,38.697
6802,41.0178
6803,41.0549
6804,37.6614
6805,40.1009
6806,40.1452
6807,38.8477
6808,35.8354
6809,38.9117
6810,39.9471
6811,40.1517
6812,42.3382
6813,37.4588
6814,35.6134
6815,37.9524
6816,42.1558
6817,38.1643
6818,38.2498
6819,37.1828
6820,38.4337
6821,39.5239
6822,36.7196
6823,40.7963
6824,37.9807
6825,40.0713
6826,39.2042
6827,40.2154
6828,39.2258
6829,40.3945
6830,38.7615
6831,42.0388
6832,36.5305
6833,41.5657
6834,41.5969
6835,38.6513
6836,41.2852
6837,40.8965
6838,42.1059
6839,39.3453
6840,36.4695
6841,42.4653
6842,43.0797
6843,43.5951
6844,38.8144
6845,34.1091
6846,40.1769
6847,39.4419
6848,41.1234
6849,42.3464
6850,44.4766
6851,40.3325
6852,39.1014
6853,39.2033
6854,36.4152
6855,39.6556
6856,43.3489
6857,39.4029
6858,38.3553
6859,40.454
6860,43.7829
6861,40.3574
6862,38.9249
6863,40.7322
6864,37.4271
6865,38.2005
6866,38.3737
6867,34.3821
6868,37.2767
6869,38.058
6870,37.106
6871,38.2846
6872,36.4572
6873,38.7299
6874,41.4406
6875,40.0401
6876,40.0617
6877,36.1678
6878,42.3697
6879,39.6723
6880,43.1121
6881,39.2104
6882,41.2498
6883,41.3685
6884,41.5009
6885,37.645
6886,41.87
6887,42.1858
6888,42.303
6889,40.3873
6890,41.5852
6891,40.2833
6892,42.6882
6893,38.7384
6894,40.7793
6895,37.2708
6896,38.4703
6897,38.7008
6898,38.3771
6899,41.5042
6900,40.5856
6901,40.5718
6902,38.3813
6903,39.6845
6904,42.1022
6905,42.7096
6906,40.8658
6907,43.2076
6908,43.4427
6909,41.6679
6910,42.7765
6911,40.2227
6912,40.2312
6913,43.3363
6914,36.1525
6915,39.7843
6916,34.2181
6917,43.4566
6918,40.5219
6919,42.3467
6920,39.8083
6921,40.4171
6922,41.1939
6923,37.5892
6924,38.7202
6925,40.8272
6926,39.5314
6927,40.0699
6928,41.0901
6929,41.291
6930,38.3814
6931,40.4492
6932,38.7598
6933,40.9917
6934,42.0353
6935,40.1026
6936,43.4121
6937,43.8099
6938,41.3131
6939,43.8561
6940,39.042
6941,45.3781
6942,36.2691
6943,37.424
6944,40.5228
6945,40.7537
6946,39.9752
6947,40.1622
6948,38.1989
6949,38.9523
6950,38.9689
6951,39.0398
6952,39.1657
6953,38.9811
6954,42.227
6955,40.7771
6956,43.7855
6957,41.5643
6958,41.9327
6959,38.3191
6960,40.6562
6961,43.2248
6962,38.3784
6963,42.5664
6964,37.739
6965,40.7722
6966,40.9126
6967,41.4948
6968,40.931
6969,37.2938
6970,35.5652
6971,37.7766
6972,40.8455
6973,37.8694
6974,39.8406
6975,41.6984
6976,38.3022
6977,38.5283
6978,38.739
6979,39.4047
6980,37.6095
6981,39.8451
6982,41.4688
6983,39.5901
6984,41.7288
6985,41.6185
6986,36.8206
6987,35.2032
6988,40.2935
6989,36.4518
6990,40.0152
6991,36.1932
6992,39.5852
6993,39.5077
6994,39.6973
6995,35.8652
6996,38.2522
6997,38.4501
6998,38.7685
6999,36.2172
7000,36.9882
7001,37.3577
7002,38.7824
7003,38.8606
7004,38.1987
7005,38.9989
7006,39.3113
7007,40.2187
7008,40.7947
7009,42.3794
7010,41.4713
7011,42.7387
7012,38.7503
7013,41.6893
7014,38.623
7015,41.9502
7016,41.1053
7017,43.4068
7018,44.417
7019,39.0371
7020,41.4203
7021,37.5001
7022,38.4711
7023,39.8908
7024,41.6635
7025,42.3934
7026,41.4055
7027,41.763
7028,42.016
7029,41.3902
7030,41.3084
7031,38.987
7032,39.1699
7033,39.2268
7034,38.3126
7035,38.7629
7036,38.9191
7037,40.0118
7038,36.8162
7039,36.9573
7040,39.3927
7041,39.8455
7042,42.2037
7043,42.4444
7044,41.5077
7045,41.528
7046,42.4227
7047,40.4849
7048,42.5608
7049,42.8413
7050,38.2873
7051,37.4849
7052,41.7857
7053,44.4353
7054,42.0885
7055,40.1659
7056,44.5491
7057,42.9803
7058,36.5538
7059,37.2188
7060,44.6919
7061,37.2344
7062,41.0271
7063,33.9169
7064,35.308
7065,42.0378
7066,36.492
7067,40.1873
7068,43.0551
7069,39.3191
7070,38.9981
7071,36.0411
7072,37.2399
7073,35.4684
7074,39.5463
7075,40.4367
7076,38.2888
7077,40.5204
7078,39.4951
7079,38.9183
7080,41.2136
7081,37.2615
7082,40.436
7083,40.7572
7084,38.8776
7085,41.1627
7086,41.3532
7087,41.5309
7088,42.3141
7089,39.4594
7090,39.7195
7091,42.9594
7092,43.0261
7093,40.426
7094,42.6864
7095,44.0323
7096,40.4537
7097,42.6496
7098,43.7543
7099,38.7023
7100,40.0649
7101,42.3385
7102,41.3469
7103,43.4463
7104,36.6957
7105,37.9867
7106,39.0298
7107,41.2139
7108,39.3597
7109,40.097
7110,40.6578
7111,40.7673
7112,38.779
7113,39.3342
7114,40.5367
7115,40.9267
7116,42.1113
7117,45.0536
7118,43.3729
7119,38.6092
7120,38.7743
7121,39.5119
7122,39.5758
7123,38.2207
7124,38.3618
7125,40.4609
7126,40.6981
7127,44.5047
7128,40.953
7129,40.2134
7130,42.3071
7131,37.7211
7132,41.4796
7133,41.7924
7134,36.3334
7135,38.7032
7136,39.0794
7137,39.1725
7138,40.183
7139,39.5549
7140,36.8631
7141,40.944
7142,42.1438
7143,42.2953
7144,40.0149
7145,40.5537
7146,38.2647
7147,38.0052
7148,36.3906
7149,40.6671
7150,40.1359
7151,36.1665
7152,36.5989
7153,36.9027
7154,38.5212
7155,37.935
7156,42.3093
7157,41.4111
7158,41.721
7159,39.0778
7160,41.1615
7161,39.0247
7162,41.0721
7163,41.5008
7164,39.8459
7165,40.4498
7166,42.4873
7167,40.7139
7168,43.1342
7169,44.7725
7170,40.8764
7171,39.8848
7172,40.9667
7173,40.7348
7174,43.1674
7175,41.2067
7176,39.868
7177,39.981
7178,41.0968
7179,38.0898
7180,38.6346
7181,38.6733
7182,38.7914
7183,38.3235
7184,38.3916
7185,37.4001
7186,36.6946
7187,40.1031
7188,38.5937
7189,39.7093
7190,42.3212
7191,39.7985
7192,42.2804
7193,38.6141
7194,39.3034
7195,39.8863
7196,38.7134
7197,38.2734
7198,40.1106
7199,43.2618
7200,38.633
7201,41.1169
7202,39.5639
7203,42.9168
7204,41.9772
7205,40.0373
7206,40.9268
7207,35.8994
7208,37.836
7209,40.1835
7210,36.9259
7211,38.0387
7212,40.306
7213,40.3717
7214,38.5171
7215,37.3629
7216,41.5597
7217,42.1558
7218,39.2655
7219,40.3086
7220,40.5476
7221,38.7613
7222,40.1284
7223,40.4928
7224,37.7362
7225,39.2574
7226,41.3058
7227,38.4095
7228,40.8283
7229,39.0113
7230,41.5092
7231,41.5465
7232,43.7283
7233,41.8452
7234,42.8865
7235,37.4119
7236,38.8496
7237,37.5158
7238,36.635
7239,37.9764
7240,41.2236
7241,41.2616
7242,38.3696
7243,39.8361
7244,40.5286
7245,38.7669
7246,40.2306
7247,41.4804
7248,39.6597
7249,40.7706
7250,40.9664
7251,41.8423
7252,42.9643
7253,42.2705
7254,37.6753
7255,37.9889
7256,39.2698
7257,38.2065
7258,39.5323
7259,41.6042
7260,42.6617
7261,45.5636
7262,40.7131
7263,41.6277
7264,38.0169
7265,37.2636
7266,38.3868
7267,38.3225
7268,38.0594
7269,37.3594
7270,38.6577
7271,40.9321
7272,43.1633
7273,41.8188
7274,42.0171
7275,37.3009
7276,39.8638
7277,40.9212
7278,41.2005
7279,41.291
7280,43.3197
7281,37.4398
7282,39.5536
7283,41.6729
7284,37.8984
7285,38.538
7286,43.1819
7287,39.1903
7288,41.3973
7289,38.7614
7290,45.936
7291,41.4125
7292,42.6354
7293,38.9661
7294,39.0269
7295,39.3387
7296,40.3471
7297,40.0315
7298,39.7851
7299,40.0637
7300,40.4245
7301,39.6519
7302,40.1413
7303,39.5208
7304,41.7572
7305,39.838
7306,40.9869
7307,41.8094
7308,41.0797
7309,40.702
7310,36.1266
7311,36.1672
7312,37.5259
7313,38.0431
7314,40.1979
7315,38.5147
7316,38.733
7317,39.3571
7318,39.911
7319,40.2175
7320,38.3071
7321,40.3764
7322,37.9982
7323,41.2956
7324,40.3339
7325,43.0217
7326,40.041
7327,38.0494
7328,39.1178
7329,39.1545
7330,40.1873
7331,39.2451
7332,39.2536
7333,39.2796
7334,38.2591
7335,41.5041
7336,39.5389
7337,37.5859
7338,41.857
7339,41.8842
7340,42.0774
7341,41.5962
7342,40.9627
7343,41.4851
7344,40.6277
7345,42.7372
7346,38.8622
7347,41.9819
7348,42.2568
7349,43.1893
7350,44.2842
7351,36.9365
7352,37.8083
7353,37.6961
7354,38.3293
7355,37.6099
7356,38.7102
7357,38.3577
7358,40.7042
7359,40.4138
7360,38.0283
7361,37.5256
7362,42.1102
7363,40.667
7364,39.5521
7365,42.8517
7366,38.3813
7367,41.942
7368,36.207
7369,39.3958
7370,37.9628
7371,38.126
7372,44.3848
7373,40.4426
7374,41.7023
7375,38.7702
7376,43.9849
7377,36.7555
7378,39.9734
7379,37.9318
7380,38.9488
7381,42.426
7382,39.4627
7383,41.9187
7384,41.2473
7385,37.3108
7386,41.5446
7387,38.2675
7388,40.4389
7389,33.7373
7390,39.4248
7391,39.6826
7392,43.8733
7393,38.5837
7394,38.7698
7395,41.9126
7396,38.9753
7397,39.2241
7398,40.3169
7399,39.3468
7400,42.0404
7401,39.3154
7402,41.8667
7403,42.2165
7404,42.5485
7405,37.6818
7406,44.907
7407,41.1332
7408,40.2393
7409,41.2882
7410,38.8547
7411,36.3888
7412,36.336
7413,39.3681
7414,36.9531
7415,37.8792
7416,35.9338
7417,37.8076
7418,38.944
7419,42.7794
7420,41.8965
7421,39.1478
7422,44.8329
7423,41.2821
7424,38.2958
7425,40.5605
7426,37.6567
7427,38.4315
7428,38.4439
7429,38.9297
7430,39.052
7431,37.0604
7432,42.9775
7433,41.6012
7434,39.9408
7435,44.0091
7436,41.8232
7437,42.5348
7438,40.557
7439,42.4393
7440,39.7912
7441,37.3496
7442,36.3919
7443,39.5443
7444,40.9313
7445,38.4137
7446,36.8321
7447,41.5365
7448,39.762
7449,43.3445
7450,38.5089
7451,40.6986
7452,39.7992
7453,43.0528
7454,37.3416
7455,38.7171
7456,39.3439
7457,39.4002
7458,39.507
7459,39.5797
7460,41.6043
7461,40.6335
7462,41.3738
7463,42.8008
7464,38.2819
7465,42.3278
7466,37.3483
7467,39.877
7468,43.0444
7469,43.2451
7470,40.4863
7471,36.4722
7472,41.5144
7473,42.2701
7474,37.4711
7475,38.8301
7476,38.8736
7477,38.8917
7478,40.88
7479,39.9517
7480,41.0967
7481,42.7163
7482,36.7259
7483,40.6769
7484,42.0971
7485,39.4384
7486,41.5165
7487,41.1412
7488,38.0903
7489,40.0987
7490,44.579
7491,36.5936
7492,41.1878
7493,37.9782
7494,39.0829
7495,36.3683
7496,40.8492
7497,40.9476
7498,43.0926
7499,34.983
7500,45.2146
7501,41.5126
7502,45.1033
7503,44.167
7504,41.9083
7505,39.552
7506,40.5197
7507,38.1457
7508,37.6539
7509,37.7551
7510,38.781
7511,38.178
7512,38.4153
7513,40.193
7514,42.2014
7515,37.7236
7516,41.6092
7517,40.3737
7518,42.5153
7519,40.5575
7520,34.5691
7521,41.3449
7522,35.4798
7523,38.9862
7524,42.3176
7525,39.0792
7526,38.5626
7527,39.4613
7528,39.9089
7529,40.9174
7530,39.8241
7531,41.013
7532,42.2855
7533,41.1395
7534,38.1451
7535,43.4072
7536,38.4408
7537,39.0312
7538,38.4019
7539,40.9813
7540,43.9024
7541,41.9421
7542,37.9886
7543,38.0898
7544,38.2572
7545,39.5659
7546,40.6949
7547,41.2023
7548,41.2976
7549,41.7198
7550,42.1487
7551,42.4853
7552,41.3746
7553,38.308
7554,42.3608
7555,38.2865
7556,38.5087
7557,34.8114
7558,40.9887
7559,40.0845
7560,40.8898
7561,41.9712
7562,38.6644
7563,40.1236
7564,39.4354
7565,38.652
7566,39.0721
7567,39.8981
7568,39.9065
7569,42.5919
7570,40.8862
7571,38.3434
7572,41.7419
7573,38.2136
7574,42.3525
7575,42.4591
7576,40.0378
7577,36.3534
7578,37.5706
7579,43.6698
7580,39.7071
7581,39.0002
7582,40.2673
7583,40.6601
7584,38.0943
7585,40.7765
7586,40.4916
7587,40.5904
7588,38.8594
7589,40.077
7590,40.6004
7591,40.8789
7592,41.9561
7593,43.292
7594,37.9974
7595,38.2688
7596,38.5141
7597,41.4833
7598,39.5846
7599,39.6987
7600,40.2947
7601,40.9179
7602,43.6942
7603,39.5769
7604,42.2073
7605,39.2978
7606,39.0723
7607,33.4001
7608,37.6695
7609,40.928
7610,39.4014
7611,42.0935
7612,40.3727
7613,42.2237
7614,41.2322
7615,41.6302
7616,37.292
7617,38.4597
7618,37.881
7619,43.0196
7620,39.0748
7621,38.8941
7622,43.0482
7623,40.3309
7624,41.9311
7625,42.959
7626,41.0316
7627,37.1852
7628,41.0718
7629,39.8136
7630,39.6095
7631,38.8955
7632,41.1722
7633,39.719
7634,41.4318
7635,41.8495
7636,43.7502
7637,36.0277
7638,40.009
7639,37.7687
7640,41.1468
7641,41.4995
7642,39.6056
7643,42.1833
7644,37.6575
7645,37.7303
7646,42.5622
7647,38.5955
7648,35.7166
7649,42.0144
7650,41.5716
7651,39.1787
7652,39.4395
7653,40.2641
7654,39.7728
7655,38.7812
7656,37.5729
7657,38.0301
7658,38.1546
7659,38.2628
7660,36.6114
7661,37.3838
7662,42.4175
7663,39.7006
7664,43.9358
7665,38.4181
7666,39.369
7667,41.6232
7668,40.011
7669,40.8094
7670,41.0943
7671,38.6521
7672,44.7773
7673,40.8516
7674,38.9733
7675,43.0165
7676,39.1333
7677,39.331
7678,40.3025
7679,36.7337
7680,40.7731
7681,43.4903
7682,39.9265
7683,40.4124
7684,43.8793
7685,36.4687
7686,40.4279
7687,40.3981
7688,40.5844
7689,39.7022
7690,42.0479
7691,39.6194
7692,34.9953
7693,41.1679
7694,41.0615
7695,39.1955
7696,43.2837
7697,40.4192
7698,40.3877
7699,41.5146
7700,42.778
7701,38.3373
7702,42.6142
7703,40.3915
7704,38.3659
7705,42.0302
7706,38.2504
7707,38.6175
7708,39.0607
7709,39.4329
7710,38.6841
7711,40.7816
7712,41.1374
7713,40.4207
7714,37.658
7715,41.7411
7716,40.1722
7717,41.2203
7718,40.3046
7719,40.4352
7720,42.488
7721,40.9348
7722,39.8508
7723,40.7307
7724,39.001
7725,40.1519
7726,39.3175
7727,38.5891
7728,40.9298
7729,41.2347
7730,38.4223
7731,41.8428
7732,38.6869
7733,41.3084
7734,38.3173
7735,41.3596
7736,37.1511
7737,43.4631
7738,42.7479
7739,40.8623
7740,39.8174
7741,39.8769
7742,39.9868
7743,40.1681
7744,38.5345
7745,40.5927
7746,40.6595
7747,39.2745
7748,41.7674
7749,40.873
7750,42.8815
7751,43.0164
7752,37.6892
7753,42.5754
7754,39.858
7755,35.0725
7756,38.1139
7757,40.1625
7758,41.2888
7759,39.6573
7760,41.0258
7761,39.2079
7762,39.344
7763,39.4881
7764,39.5868
7765,37.5953
7766,40.1663
7767,39.3515
7768,39.4864
7769,40.5701
7770,40.7208
7771,40.0004
7772,41.2898
7773,40.6485
7774,38.702
7775,41.8407
7776,42.0093
7777,43.728
7778,38.6952
7779,36.7135
7780,38.7464
7781,39.001
7782,39.8387
7783,35.5001
7784,41.0765
7785,43.1484
7786,41.6453
7787,38.654
7788,43.6625
7789,40.734
7790,41.8231
7791,39.0095
7792,42.5901
7793,38.934
7794,42.9624
7795,39.3649
7796,41.8187
7797,39.0255
7798,42.6522
7799,39.9246
7800,37.2492
7801,39.9128
7802,37.9278
7803,40.9977
7804,38.7813
7805,40.0709
7806,41.1192
7807,41.388
7808,35.3002
7809,45.0396
7810,40.7747
7811,38.9679
7812,39.6111
7813,40.1975
7814,40.5438
7815,39.8124
7816,38.7246
7817,42.0748
7818,42.3901
7819,39.076
7820,40.387
7821,39.4627
7822,41.5876
7823,39.7725
7824,39.9334
7825,35.9232
7826,41.0541
7827,43.3797
7828,38.3514
7829,43.6543
7830,39.861
7831,43.6344
7832,38.361
7833,41.4699
7834,37.6569
7835,41.0033
7836,38.4929
7837,39.9154
7838,39.4058
7839,33.9358
7840,40.4434
7841,41.3583
7842,41.1598
7843,40.4309
7844,39.3634
7845,37.4363
7846,38.137
7847,43.2734
7848,36.7747
7849,41.0883
7850,40.2008
7851,38.5361
7852,41.6383
7853,41.0067
7854,42.1615
7855,36.8252
7856,36.8336
7857,37.8572
7858,42.2766
7859,42.8095
7860,40.9349
7861,36.9639
7862,38.0148
7863,42.1017
7864,38.4518
7865,39.7904
7866,40.1878
7867,41.8078
7868,42.8162
7869,38.8266
7870,41.2688
7871,39.9079
7872,35.9176
7873,38.5789
7874,39.7994
7875,39.8095
7876,40.885
7877,41.3204
7878,40.8834
7879,37.049
7880,41.1644
7881,41.1808
7882,42.4156
7883,40.457
7884,42.8672
7885,40.531
7886,42.5539
7887,42.1172
7888,45.3531
7889,35.4433
7890,37.7054
7891,41.3342
7892,40.4943
7893,41.5577
7894,41.7368
7895,39.1072
7896,36.9519
7897,44.0567
7898,41.233
7899,39.308
7900,39.2115
7901,42.242
7902,38.3228
7903,39.4695
7904,39.6432
7905,40.45
7906,39.5352
7907,40.5464
7908,38.6826
7909,42.9355
7910,40.0552
7911,40.2355
7912,37.9977
7913,41.0853
7914,42.1504
7915,39.3283
7916,39.6856
7917,36.7367
7918,39.9756
7919,38.0322
7920,41.537
7921,38.4682
7922,37.4808
7923,39.3131
7924,43.256
7925,40.7138
7926,40.4712
7927,35.846
7928,42.2292
7929,40.2748
7930,38.4753
7931,40.5691
7932,37.9596
7933,34.5546
7934,41.7122
7935,39.2699
7936,40.8158
7937,40.8411
7938,40.1465
7939,40.3645
7940,40.392
7941,41.4004
7942,39.5633
7943,40.8908
7944,40.0564
7945,40.303
7946,42.5254
7947,41.644
7948,38.1403
7949,39.2341
7950,39.5694
7951,41.1309
7952,40.501
7953,39.0108
7954,39.2419
7955,39.3328
7956,40.5082
7957,40.1659
7958,38.5366
7959,38.5729
7960,41.5882
7961,38.4653
7962,37.8128
7963,38.4453
7964,41.7818
7965,38.9296
7966,37.4903
7967,38.7438
7968,40.1756
7969,39.5894
7970,40.2065
7971,42.3139
7972,37.7659
7973,38.4679
7974,37.8805
7975,37.9801
7976,39.0442
7977,38.408
7978,37.842
7979,39.9644
7980,42.6727
7981,39.2137
7982,42.2052
7983,41.2416
7984,40.678
7985,41.8847
7986,37.1227
7987,38.0328
7988,40.2003
7989,39.7687
7990,41.5072
7991,38.3809
7992,40.1237
7993,41.4503
7994,41.4587
7995,37.8959
7996,40.9167
7997,38.2367
7998,37.9786
7999,36.6887
8000,36.9552
8001,41.1476
8002,39.4446
8003,42.4616
8004,43.6437
8005,37.8944
8006,39.0915
8007,38.6963
8008,40.8406
8009,39.849
8010,39.9469
8011,36.3692
8012,41.5382
8013,39.8495
8014,41.1824
8015,41.3009
8016,38.1834
8017,41.482
8018,41.559
8019,42.0703
8020,39.1442
8021,40.4889
8022,39.9076
8023,39.9789
8024,40.2401
8025,40.9934
8026,41.3998
8027,34.7139
8028,41.3143
8029,37.47
8030,41.8699
8031,38.9792
8032,38.0483
8033,38.1634
8034,38.5842
8035,38.7485
8036,37.8292
8037,39.1057
8038,36.1901
8039,38.4481
8040,39.4603
8041,40.4765
8042,39.5087
8043,39.5851
8044,40.4825
8045,40.6011
8046,40.7667
8047,39.9496
8048,36.2882
8049,38.8668
8050,39.1191
8051,38.3286
8052,35.9613
8053,40.127
8054,40.2139
8055,41.4573
8056,37.6791
8057,42.1722
8058,39.6051
8059,40.0432
8060,38.2023
8061,40.2108
8062,40.3587
8063,38.5178
8064,40.7816
8065,39.1326
8066,40.7491
8067,39.9477
8068,40.3948
8069,40.5298
8070,43.144
8071,37.7101
8072,37.7611
8073,40.7853
8074,42.9384
8075,41.9553
8076,42.6185
8077,42.7023
8078,39.6337
8079,42.0665
8080,42.5351
8081,37.3535
8082,39.4153
8083,41.4801
8084,38.8843
8085,42.5772
8086,38.2654
8087,43.3484
8088,40.4363
8089,39.7998
8090,41.8146
8091,37.344
8092,38.281
8093,40.4291
8094,41.0733
8095,37.6826
8096,38.1783
8097,43.3367
8098,40.9818
8099,39.3049
8100,42.0623
8101,40.1574
8102,43.2294
8103,38.2378
8104,42.3514
8105,42.4383
8106,38.7932
8107,40.0879
8108,41.5684
8109,38.5863
8110,38.3968
8111,41.1505
8112,41.2267
8113,40.7292
8114,36.8861
8115,43.1204
8116,41.5337
8117,36.3718
8118,40.9242
8119,41.1393
8120,36.3634
8121,40.9871
8122,40.4631
8123,38.3304
8124,37.0279
8125,39.4329
8126,41.3413
8127,39.601
8128,41.7522
8129,40.7878
8130,40.3015
8131,41.4463
8132,38.3524
8133,37.7671
8134,42.5421
8135,39.8736
8136,40.4856
8137,39.4157
8138,40.2271
8139,37.8423
8140,40.4397
8141,39.1627
8142,39.2786
8143,40.5406
8144,38.3984
8145,38.5828
8146,39.9747
8147,42.0656
8148,36.3188
8149,48.0407
8150,35.1264
8151,40.2232
8152,32.9422
8153,41.5422
8154,36.8026
8155,41.862
8156,40.0657
8157,42.2171
8158,41.3456
8159,42.753
8160,40.9021
8161,40.9996
8162,41.2264
8163,41.6206
8164,39.985
8165,37.1984
8166,40.3641
8167,40.8142
8168,39.2713
8169,45.2822
8170,38.4511
8171,37.5639
8172,39.6588
8173,43.6927
8174,38.2086
8175,39.3213
8176,40.8827
8177,41.0281
8178,41.4029
8179,41.6753
8180,39.6838
8181,37.0351
8182,38.0102
8183,36.2246
8184,39.2967
8185,40.4866
8186,38.8911
8187,40.5414
8188,41.8443
8189,41.1388
8190,38.3971
8191,40.4129
8192,40.4213
8193,37.4297
8194,42.5443
8195,40.7056
8196,38.4149
8197,41.7728
8198,41.9964
8199,35.6947
8200,40.8236
8201,40.9513
8202,38.96
8203,42.1521
8204,37.2036
8205,38.3357
8206,39.358
8207,35.5955
8208,38.0314
8209,38.0655
8210,37.1087
8211,40.3431
8212,43
8213,39.6723
8214,39.7582
8215,38.7724
8216,38.9292
8217,40.9534
8218,38.9644
8219,39.0314
8220,39.1361
8221,40.3888
8222,40.7191
8223,40.8112
8224,41.9166
8225,42.0392
8226,42.6846
8227,41.4141
8228,43.7733
8229,38.9978
8230,40.4757
8231,41.5016
8232,37.8645
8233,37.9678
8234,41.9723
8235,42.2122
8236,42.3913
8237,43.009
8238,39.0175
8239,40.5738
8240,37.26
8241,36.4976
8242,37.4814
8243,38.9543
8244,41.0422
8245,39.2261
8246,42.3514
8247,39.0699
8248,40.1584
8249,39.3685
8250,40.4873
8251,39.6073
8252,40.1852
8253,41.6755
8254,37.6848
8255,42.0322
8256,41.0907
8257,41.1725
8258,41.2991
8259,36.7929
8260,36.8602
8261,42.0084
8262,42.22
8263,42.2598
8264,37.3716
8265,39.2301
8266,41.5215
8267,42.6214
8268,38.0172
8269,39.5925
8270,40.4435
8271,38.7168
8272,39.3093
8273,37.6832
8274,41.9424
8275,43.0557
8276,35.2812
8277,37.5673
8278,45.5262
8279,38.9792
8280,41.3691
8281,35.8703
8282,36.6127
8283,38.6953
8284,39.7199
8285,42.0581
8286,38.385
8287,39.2343
8288,41.4366
8289,41.6968
8290,41.0096
8291,43.2714
8292,38.3772
8293,37.9067
8294,42.4875
8295,42.784
8296,37.9772
8297,35.1731
8298,38.7157
8299,41.4742
8300,39.4464
8301,39.6679
8302,40.7218
8303,41.2768
8304,43.4983
8305,43.6399
8306,42.6495
8307,34.9107
8308,35.9749
8309,41.7657
8310,37.7918
8311,39.915
8312,39.0914
8313,38.9264
8314,41.5673
8315,41.7785
8316,38.8096
8317,43.1562
8318,39.5554
8319,39.1229
8320,36.2924
8321,40.0381
8322,45.092
8323,41.0303
8324,42.069
8325,44.232
8326,38.1819
8327,38.5982
8328,38.5056
8329,39.5518
8330,40.9747
8331,43.4522
8332,36.6036
8333,40.8116
8334,39.0577
8335,40.5712
8336,36.5279
8337,39.2234
8338,37.7705
8339,36.649
8340,39.7112
8341,38.2205
8342,38.5358
8343,41.3619
8344,41.4125
8345,37.8469
8346,36.2926
8347,42.6636
8348,40.694
8349,39.7789
8350,42.8515
8351,39.3549
8352,43.5184
8353,39.1661
8354,37.3048
8355,41.4101
8356,40.5125
8357,36.8182
8358,39.1673
8359,40.0389
8360,39.4892
8361,40.5873
8362,42.2685
8363,41.3683
8364,41.0681
8365,42.6277
8366,42.0764
8367,39.7442
8368,42.7526
8369,37.0165
8370,45.2719
8371,45.3521
8372,39.5448
8373,39.7848
8374,39.7954
8375,39.0433
8376,42.0056
8377,41.0329
8378,38.1275
8379,38.2016
8380,42.04
8381,42.0771
8382,39.1017
8383,38.2191
8384,45.0622
8385,37.2499
8386,42.8292
8387,41.2436
8388,40.7115
8389,39.7894
8390,40.2994
8391,41.4135
8392,40.6338
8393,42.0505
8394,40.3004
8395,38.4494
8396,42.3963
8397,38.9451
8398,36.0667
8399,44.116
8400,35.7217
8401,39.3269
8402,38.0376
8403,40.212
8404,39.3518
8405,40.6983
8406,40.5157
8407,41.1674
8408,42.1759
8409,41.0642
8410,38.4398
8411,37.8853
8412,38.9451
8413,39.0603
8414,39.7501
8415,38.485
8416,37.4165
8417,42.5941
8418,38.5145
8419,39.4229
8420,40.5458
8421,39.7552
8422,38.4796
8423,38.5455
8424,37.9032
8425,36.5072
8426,39.5791
8427,44.1509
8428,38.7246
8429,39.8045
8430,42.8566
8431,37.1027
8432,36.5156
8433,36.8911
8434,37.2111
8435,39.7673
8436,36.1153
8437,40.3801
8438,39.5826
8439,39.6106
8440,41.4355
8441,40.8184
8442,40.5597
8443,42.1734
8444,36.2715
8445,40.3497
8446,38.5088
8447,41.6198
8448,36.9859
8449,38.3296
8450,43.6865
8451,40.0564
8452,39.3463
8453,42.1389
8454,40.6249
8455,39.9248
8456,40.1604
8457,39.2471
8458,40.8521
8459,39.8198
8460,40.7408
8461,41.7939
8462,39.8506
8463,42.9066
8464,39.0563
8465,39.5612
8466,43.6612
8467,36.7818
8468,41.0104
8469,38.3826
8470,40.5188
8471,38.8334
8472,41.8976
8473,39.2309
8474,39.7808
8475,37.8963
8476,40.8015
8477,38.1387
8478,38.5347
8479,39.3814
8480,39.808
8481,38.5314
8482,39.6814
8483,41.8935
8484,38.9019
8485,42.224
8486,39.7686
8487,40.7929
8488,40.6783
8489,39.7932
8490,41.3804
8491,37.5709
8492,36.1413
8493,37.3666
8494,41.7713
8495,37.8061
8496,41.0533
8497,38.5607
8498,38.4207
8499,39.1524
8500,43.0536
8501,37.8129
8502,39.014
8503,41.1255
8504,41.5464
8505,38.5998
8506,42.9393
8507,37.2527
8508,40.4911
8509,37.3131
8510,38.7956
8511,37.5011
8512,37.7351
8513,43.1745
8514,40.1169
8515,41.1304
8516,40.3868
8517,41.3953
8518,42.0057
8519,41.5399
8520,41.5581
8521,41.6463
8522,40.6555
8523,41.6589
8524,41.7993
8525,42.287
8526,39.389
8527,40.9591
8528,37.6752
8529,37.131
8530,42.2614
8531,38.5236
8532,41.5871
8533,37.8174
8534,39.064
8535,38.6896
8536,40.7848
8537,41.0586
8538,37.5232
8539,40.2124
8540,41.2548
8541,40.5228
8542,40.6281
8543,37.4036
8544,36.9457
8545,43.3775
8546,42.545
8547,37.164
8548,39.2057
8549,41.0298
8550,41.1736
8551,41.5308
8552,41.9715
8553,42.2999
8554,42.7632
8555,38.9051
8556,38.2575
8557,38.8952
8558,42.3406
8559,40.5422
8560,36.3956
8561,40.1718
8562,40.5609
8563,42.6607
8564,39.097
8565,39.4463
8566,39.5443
8567,38.7607
8568,40.5978
8569,39.739
8570,41.8331
8571,39.5291
8572,35.0667
8573,41.1891
8574,37.6908
8575,42.7294
8576,39.7653
8577,38.7576
8578,39.145
8579,39.2251
8580,39.4647
8581,39.7222
8582,39.7711
8583,39.5079
8584,40.5421
8585,40.2532
8586,34.8122
8587,38.0283
8588,39.1853
8589,41.2535
8590,40.1224
8591,43.2662
8592,39.6277
8593,40.8762
8594,38.1957
8595,36.8366
8596,41.845
8597,41.8744
8598,40.2562
8599,38.3243
8600,40.5377
8601,42.5321
8602,40.9072
8603,40.9586
8604,37.2351
8605,42.267
8606,41.7408
8607,39.7838
8608,38.9408
8609,40.0049
8610,40.0227
8611,40.587
8612,38.2668
8613,40.2997
8614,40.8814
8615,38.1042
8616,39.9069
8617,40.0845
8618,38.371
8619,42.5102
8620,39.1014
8621,39.6278
8622,41.8132
8623,44.05
8624,40.0203
8625,40.5855
8626,40.6476
8627,41.037
8628,43.0518
8629,41.4421
8630,42.5716
8631,44.7085
8632,37.9652
8633,43.0873
8634,39.6311
8635,39.7733
8636,37.2274
8637,37.2514
8638,38.0813
8639,40.5535
8640,38.749
8641,39.9536
8642,40.1889
8643,42.0697
8644,41.5977
8645,41.9789
8646,42.1826
8647,42.3442
8648,38.313
8649,37.9091
8650,42.2749
8651,44.2911
8652,38.6589
8653,36.7698
8654,41.422
8655,37.9502
8656,42.1544
8657,38.935
8658,40.0226
8659,38.2437
8660,38.8279
8661,38.9886
8662,39.432
8663,40.5786
8664,40.6517
8665,40.7119
8666,39.1188
8667,41.2754
8668,40.3922
8669,39.4284
8670,37.6165
8671,36.4747
8672,38.5089
8673,40.6144
8674,41.0259
8675,40.5135
8676,37.639
8677,37.7742
8678,36.84
8679,39.6709
8680,39.9746
8681,40.3889
8682,40.7823
8683,40.9685
8684,41.4116
8685,40.5423
8686,42.0136
8687,38.1569
8688,43.4247
8689,38.5915
8690,43.8221
8691,41.4969
8692,40.5053
8693,40.6714
8694,40.0486
8695,41.1638
8696,41.9705
8697,42.1486
8698,41.0534
8699,43.3617
8700,39.8698
8701,42.1919
8702,37.0266
8703,37.2562
8704,39.4111
8705,37.5582
8706,41.0242
8707,38.7279
8708,40.1206
8709,42.4595
8710,42.7644
8711,36.8957
8712,40.4097
8713,37.7547
8714,41.2245
8715,39.7068
8716,37.7892
8717,41.8971
8718,43.9487
8719,39.2305
8720,37.8592
8721,40.9135
8722,41.9423
8723,39.0085
8724,38.3657
8725,41.7084
8726,39.5746
8727,39.3532
8728,39.4898
8729,42.5765
8730,38.6565
8731,38.2738
8732,39.6332
8733,40.7988
8734,39.9347
8735,37.3992
8736,40.7249
8737,39.7498
8738,39.451
8739,42.7682
8740,40.4239
8741,40.152
8742,41.5551
8743,41.6381
8744,38.6173
8745,41.5446
8746,37.9107
8747,39.1206
8748,42.3767
8749,43.0801
8750,38.7348
8751,39.8422
8752,41.7191
8753,40.7635
8754,38.965
8755,39.1311
8756,41.6752
8757,42.8029
8758,42.223
8759,38.072
8760,39.3577
8761,39.6703
8762,37.2138
8763,39.221
8764,43.2751
8765,39.4473
8766,39.7637
8767,40.2019
8768,41.6719
8769,40.4777
8770,42.8794
8771,39.0609
8772,42.4668
8773,39.5072
8774,39.8432
8775,39.3451
8776,39.583
8777,39.6899
8778,39.6517
8779,40.1366
8780,40.1841
8781,40.2462
8782,40.2802
8783,41.3721
8784,41.1602
8785,37.6624
8786,40.3449
8787,43.4645
8788,40.1895
8789,37.3764
8790,39.1446
8791,41.5132
8792,40.4304
8793,38.8491
8794,39.3655
8795,40.772
8796,40.8075
8797,36.8413
8798,43.4503
8799,41.5609
8800,41.7657
8801,39.1916
8802,39.54
8803,35.8616
8804,38.1655
8805,39.3406
8806,41.9942
8807,41.1243
8808,41.0383
8809,37.8695
8810,44.0335
8811,39.0518
8812,37.089
8813,39.8673
8814,38.9783
8815,39.135
8816,38.8186
8817,41.4709
8818,41.5041
8819,36.6581
8820,38.1583
8821,39.352
8822,39.0597
8823,43.1257
8824,37.2362
8825,36.618
8826,39.8362
8827,39.955
8828,40.3515
8829,37.8213
8830,40.8451
8831,39.9826
8832,39.0207
8833,40.1609
8834,39.427
8835,40.699
8836,42.7963
8837,39.9532
8838,42.1404
8839,45.1626
8840,39.943
8841,40.0111
8842,36.2783
8843,41.1786
8844,41.1994
8845,41.2889
8846,39.6462
8847,37.8374
8848,37.2588
8849,41.4912
8850,46.5495
8851,38.568
8852,38.9458
8853,42.0818
8854,38.2907
8855,39.5815
8856,40.594
8857,38.7718
8858,45.8026
8859,39.349
8860,39.4541
8861,35.0565
8862,41.9133
8863,41.0962
8864,41.2469
8865,40.3825
8866,41.6891
8867,42.7334
8868,41.9245
8869,39.1024
8870,40.3494
8871,40.585
8872,41.1256
8873,40.2691
8874,38.4637
8875,40.9362
8876,42.0807
8877,42.573
8878,41.4489
8879,42.535
8880,43.0453
8881,41.1168
8882,40.7744
8883,38.4651
8884,39.8869
8885,39.9831
8886,42.9982
8887,37.411
8888,40.5305
8889,35.8514
8890,43.0606
8891,37.9061
8892,37.9124
8893,41.4494
8894,37.8769
8895,40.9753
8896,40.8154
8897,36.8271
8898,39.4361
8899,39.5125
8900,42.8361
8901,41.1409
8902,41.1867
8903,40.3747
8904,40.7131
8905,39.1363
8906,40.2768
8907,41.6814
8908,39.4566
8909,38.4958
8910,39.4414
8911,38.4498
8912,39.5072
8913,38.6225
8914,40.0543
8915,39.099
8916,39.1168
8917,40.2341
8918,39.5513
8919,39.7331
8920,37.8578
8921,40.261
8922,39.5055
8923,37.12
8924,41.1432
8925,41.3695
8926,41.9365
8927,43.9326
8928,37.9871
8929,40.5707
8930,42.1557
8931,38.2297
8932,39.0637
8933,41.0542
8934,41.727
8935,37.0025
8936,40.3088
8937,39.0992
8938,37.4294
8939,39.8843
8940,38.0201
8941,39.7387
8942,40.8288
8943,42.1083
8944,36.3199
8945,37.4059
8946,41.7146
8947,38.5691
8948,38.9267
8949,37.9615
8950,38.0123
8951,37.4268
8952,41.5241
8953,41.6178
8954,40.7163
8955,41.8942
8956,39.1777
8957,41.3848
8958,39.4138
8959,39.8284
8960,36.5055
8961,39.8399
8962,38.1768
8963,40.5819
8964,42.0434
8965,42.7307
8966,40.9723
8967,41.4647
8968,40.7096
8969,40.1062
8970,42.6438
8971,39.3847
8972,43.634
8973,38.0287
8974,37.7607
8975,41.4069
8976,38.1473
8977,38.4131
8978,40.6819
8979,37.6355
8980,37.9939
8981,41.0341
8982,40.4237
8983,38.7061
8984,40.8854
8985,40.4518
8986,42.048
8987,36.4489
8988,43.6431
8989,45.0813
8990,40.166
8991,37.2911
8992,43.4958
8993,41.9427
8994,41.4225
8995,44.8073
8996,40.3256
8997,40.1985
8998,38.2612
8999,41.6708
9000,40.7366
9001,39.8813
9002,43.6661
9003,38.6806
9004,35.7595
9005,38.123
9006,42.4081
9007,39.0927
9008,38.6219
9009,42.5325
9010,40.1864
9011,39.2606
9012,43.1002
9013,40.7437
9014,39.9764
9015,36.4847
9016,42.4931
9017,40.3951
9018,35.4186
9019,38.7834
9020,39.1368
9021,40.1552
9022,36.7425
9023,41.0443
9024,36.7113
9025,41.6566
9026,42.1007
9027,35.8827
9028,41.9499
9029,38.7089
9030,41.7898
9031,39.9665
9032,38.1872
9033,43.3071
9034,40.4796
9035,39.1323
9036,44.2185
9037,44.0109
9038,42.4453
9039,41.0829
9040,37.6165
9041,37.9611
9042,38.1073
9043,38.8454
9044,37.0384
9045,40.1421
9046,41.5544
9047,39.7039
9048,37.798
9049,41.8271
9050,40.0612
9051,40.2535
9052,38.3355
9053,41.1402
9054,39.3112
9055,39.8882
9056,38.1095
9057,40.5728
9058,37.7478
9059,40.8047
9060,40.8803
9061,39.2965
9062,39.5581
9063,43.6379
9064,37.774
9065,40.2106
9066,33.3782
9067,40.4133
9068,39.6019
9069,36.8359
9070,39.0255
9071,39.2157
9072,38.7289
9073,40.0795
9074,37.5809
9075,39.2938
9076,39.6686
9077,39.8826
9078,41.3233
9079,41.8694
9080,42.9856
9081,43.2806
9082,37.7492
9083,41.465
9084,36.7374
9085,38.6217
9086,39.9771
9087,40.746
9088,41.0046
9089,39.7324
9090,42.0728
9091,37.0719
9092,41.5018
9093,41.9899
9094,42.2675
9095,42.2729
9096,39.7758
9097,43.3291
9098,40.8238
9099,39.2273
9100,41.2411
9101,39.5834
9102,42.5595
9103,40.6923
9104,37.3666
9105,39.7748
9106,40.1099
9107,42.543
9108,41.8628
9109,39.7494
9110,39.9757
9111,40.6385
9112,41.0698
9113,41.1818
9114,41.4206
9115,41.4906
9116,41.0142
9117,38.1799
9118,36.6355
9119,41.1861
9120,40.4777
9121,41.6878
9122,38.3871
9123,38.8875
9124,37.8963
9125,39.422
9126,43.6683
9127,39.8078
9128,40.0029
9129,40.5049
9130,39.7136
9131,41.7861
9132,38.9896
9133,39.6633
9134,40.9613
9135,41.144
9136,41.8155
9137,37.2038
9138,42.1405
9139,35.9068
9140,39.1931
9141,39.3659
9142,37.7042
9143,39.8564
9144,38.3035
9145,41.5004
9146,42.0634
9147,40.353
9148,40.5575
9149,39.5808
9150,37.7367
9151,39.1615
9152,38.2738
9153,42.356
9154,37.0129
9155,41.9528
9156,39.3748
9157,40.1692
9158,38.7692
9159,42.9981
9160,36.6416
9161,39.4227
9162,42.6345
9163,44.2367
9164,38.3717
9165,35.1993
9166,41.263
9167,41.3147
9168,39.3511
9169,39.7953
9170,42.4495
9171,42.64
9172,39.9352
9173,40.1263
9174,38.8345
9175,35.7472
9176,38.8591
9177,38.32
9178,36.5854
9179,40.8956
9180,37.0852
9181,37.0947
9182,40.1901
9183,42.4152
9184,42.0138
9185,41.0295
9186,39.136
9187,41.181
9188,45.4209
9189,41.6219
9190,39.6515
9191,41.7312
9192,41.9452
9193,38.9537
9194,39.7367
9195,41.5948
9196,42.2183
9197,40.6927
9198,38.4163
9199,42.0465
9200,39.4377
9201,41.2652
9202,41.455
9203,36.9193
9204,41.2052
9205,43.2627
9206,40.8353
9207,44.3031
9208,42.7044
9209,36.8888
9210,39.5984
9211,40.5204
9212,40.4705
9213,43.6203
9214,40.0117
9215,39.3879
9216,39.432
9217,39.9472
9218,40.5571
9219,40.6599
9220,41.6358
9221,41.7115
9222,39.3656
9223,40.8089
9224,39.9855
9225,38.196
9226,37.6593
9227,41.9338
9228,38.1981
9229,40.0335
9230,40.5541
9231,36.8295
9232,37.9964
9233,39.1212
9234,38.3105
9235,38.5762
9236,38.708
9237,41.0462
9238,37.2248
9239,38.6856
9240,42.9712
9241,41.1093
9242,42.342
9243,41.5248
9244,40.2794
9245,35.1397
9246,37.5382
9247,40.7588
9248,37.816
9249,40.9927
9250,40.0456
9251,40.054
9252,40.216
9253,40.3577
9254,38.5499
9255,38.6355
9256,40.8786
9257,37.1286
9258,36.2529
9259,38.5616
9260,37.9999
9261,40.2101
9262,40.3007
9263,39.6173
9264,39.5507
9265,42.027
9266,42.9222
9267,41.9849
9268,35.6634
9269,37.7807
9270,37.159
9271,44.3457
9272,43.6633
9273,37.9998
9274,36.5724
9275,40.6526
9276,39.8327
9277,42.5299
9278,37.9573
9279,40.0369
9280,40.1878
9281,39.2715
9282,39.4113
9283,43.4231
9284,35.1386
9285,40.1819
9286,43.5439
9287,36.109
9288,41.3069
9289,40.3726
9290,41.6055
9291,37.9985
9292,38.121
9293,43.6032
9294,41.6489
9295,37.7938
9296,35.8911
9297,42.0329
9298,36.368
9299,40.8419
9300,39.9442
9301,41.0006
9302,40.2052
9303,43.8504
9304,42.8685
9305,39.1739
9306,38.5396
9307,39.6752
9308,41.2019
9309,39.3307
9310,40.7606
9311,38.0204
9312,41.6728
9313,37.9233
9314,39.0454
9315,38.2268
9316,39.2352
9317,33.567
9318,39.2129
9319,40.2857
9320,39.5887
9321,39.7462
9322,40.042
9323,40.9226
9324,35.0686
9325,35.1583
9326,40.2762
9327,41.4706
9328,40.7065
9329,38.0945
9330,39.5125
9331,41.5506
9332,38.6563
9333,40.7306
9334,38.0922
9335,38.6742
9336,39.8042
9337,38.9053
9338,40.105
9339,41.1301
9340,41.1984
9341,38.4918
9342,41.6074
9343,41.843
9344,39.9093
9345,43.2811
9346,38.2942
9347,40.822
9348,41.8713
9349,42.9879
9350,40.0207
9351,39.4368
9352,40.3769
9353,42.6549
9354,36.9889
9355,37.9992
9356,46.4495
9357,41.5022
9358,40.7427
9359,37.3301
9360,39.3663
9361,38.5419
9362,45.0324
9363,41.5009
9364,38.89
9365,39.2647
9366,39.3451
9367,40.8519
9368,40.9256
9369,36.088
9370,39.6571
9371,40.0404
9372,38.3458
9373,38.1961
9374,38.4292
9375,39.7698
9376,40.8957
9377,41.1631
9378,40.9401
9379,42.3476
9380,41.8603
9381,41.3276
9382,43.5847
9383,36.1714
9384,35.7225
9385,42.0758
9386,41.2621
9387,37.4009
9388,39.0608
9389,41.1113
9390,45.4092
9391,40.2022
9392,42.2541
9393,41.5647
9394,39.5892
9395,44.0544
9396,36.666
9397,38.4034
9398,42.5595
9399,39.1326
9400,36.1924
9401,38.494
9402,36.3154
9403,41.3917
9404,36.5187
9405,35.4714
9406,36.9559
9407,39.6507
9408,36.7932
9409,36.8516
9410,39.9926
9411,40.2176
9412,37.6657
9413,37.3755
9414,39.5289
9415,38.5911
9416,39.0294
9417,39.2675
9418,40.8517
9419,41.089
9420,38.8479
9421,43.0304
9422,41.6935
9423,39.7473
9424,42.7627
9425,42.9172
9426,40.2681
9427,39.0901
9428,39.1697
9429,39.2609
9430,40.8925
9431,40.6205
9432,40.9089
9433,39.0022
9434,39.505
9435,39.5353
9436,40.5625
9437,38.9993
9438,40.0773
9439,37.4541
9440,37.9952
9441,39.7305
9442,39.8578
9443,40.2644
9444,40.4564
9445,40.8913
9446,41.0839
9447,40.4489
9448,40.6815
9449,40.9863
9450,37.8924
9451,40.2902
9452,41.4541
9453,43.0251
9454,39.2438
9455,39.598
9456,39.356
9457,39.2161
9458,39.4084
9459,39.6272
9460,39.7394
9461,39.7824
9462,36.6223
9463,41.0716
9464,37.162
9465,41.2392
9466,43.2477
9467,40.3392
9468,42.4464
9469,42.4968
9470,40.8448
9471,40.9565
9472,37.3396
9473,38.8868
9474,42.8953
9475,42.1932
9476,35.3364
9477,39.778
9478,39.3517
9479,37.3547
9480,41.5949
9481,41.6298
9482,37.6532
9483,38.7398
9484,39.3269
9485,41.2222
9486,37.8199
9487,37.7444
9488,35.1365
9489,40.2034
9490,35.2963
9491,40.4172
9492,35.904
9493,42.2184
9494,38.5137
9495,37.8383
9496,37.4004
9497,38.4088
9498,37.4415
9499,39.6502
9500,38.0291
9501,40.7519
9502,38.7865
9503,40.9229
9504,39.0213
9505,39.3065
9506,41.5064
9507,38.7192
9508,40.2892
9509,40.3584
9510,40.6085
9511,40.3191
9512,43.008
9513,43.1206
9514,44.6778
9515,44.4736
9516,40.6566
9517,39.0431
9518,41.16
9519,39.3456
9520,41.6285
9521,41.6623
9522,40.6862
9523,38.7855
9524,41.0063
9525,40.3056
9526,38.5339
9527,40.586
9528,35.9738
9529,41.0069
9530,36.3534
9531,43.5122
9532,39.5645
9533,39.9835
9534,37.162
9535,39.2395
9536,40.4018
9537,40.9182
9538,38.3974
9539,38.0988
9540,37.4509
9541,40.0614
9542,40.4763
9543,38.7559
9544,39.0443
9545,39.5416
9546,37.6528
9547,42.7787
9548,37.8479
9549,39.036
9550,37.503
9551,40.5837
9552,37.7122
9553,38.8592
9554,36.4372
9555,39.6314
9556,38.0146
9557,40.1357
9558,41.2107
9559,40.5151
9560,40.1292
9561,39.2205
9562,40.6215
9563,39.9416
9564,40.0093
9565,40.079
9566,40.1972
9567,41.5968
9568,39.9089
9569,41.2073
9570,44.4679
9571,40.683
9572,43.2467
9573,36.4269
9574,39.4625
9575,38.726
9576,39.9587
9577,39.1007
9578,39.3009
9579,39.3758
9580,38.8489
9581,40.9629
9582,41.1148
9583,36.145
9584,37.2598
9585,39.515
9586,37.1849
9587,40.8171
9588,42.0283
9589,37.3087
9590,39.5381
9591,37.0407
9592,39.3596
9593,38.6327
9594,36.1584
9595,40.2941
9596,39.3744
9597,39.0176
9598,39.026
9599,38.2862
9600,41.5837
9601,39.8394
9602,41.9042
9603,40.015
9604,38.2118
9605,40.386
9606,40.6127
9607,39.126
9608,39.5703
9609,39.6801
9610,43.4346
9611,42.485
9612,42.5602
9613,38.7585
9614,42.1328
9615,42.1412
9616,42.2806
9617,39.9104
9618,39.0104
9619,38.4421
9620,37.018
9621,36.2471
9622,38.7357
9623,37.3607
9624,38.7442
9625,40.722
9626,38.2189
9627,42.6093
9628,41.6786
9629,37.3073
9630,39.633
9631,42.6837
9632,41.1431
9633,38.5991
9634,41.6208
9635,40.7553
9636,43.2842
9637,39.4948
9638,42.8861
9639,39.1171
9640,39.8248
9641,41.0512
9642,39.6606
9643,42.1871
9644,37.2782
9645,39.0916
9646,39.9302
9647,37.0156
9648,36.0034
9649,36.3523
9650,43.582
9651,38.7909
9652,40.6529
9653,40.8154
9654,41.7511
9655,41.9944
9656,42.9247
9657,41.9267
9658,40.4946
9659,40.5789
9660,40.0969
9661,41.1053
9662,40.1945
9663,35.2638
9664,41.5358
9665,42.7308
9666,34.9364
9667,39.5865
9668,38.2898
9669,38.8813
9670,41.2844
9671,40.2105
9672,39.2926
9673,43.5505
9674,42.6712
9675,39.6857
9676,41.5773
9677,37.9734
9678,41.1091
9679,39.1513
9680,44.2053
9681,37.3936
9682,36.57
9683,39.9386
9684,37.0796
9685,38.1343
9686,38.5756
9687,42.4812
9688,41.5109
9689,41.1046
9690,41.2454
9691,36.5318
9692,39.9087
9693,42.0636
9694,42.4298
9695,40.5522
9696,42.6436
9697,43.555
9698,36.6213
9699,38.7402
9700,38.0625
9701,42.1123
9702,42.4233
9703,38.8784
9704,43.1189
9705,39.4773
9706,38.9796
9707,36.0993
9708,39.1651
9709,37.805
9710,41.0322
9711,42.4727
9712,39.5044
9713,35.65
9714,37.7118
9715,41.6536
9716,44.183
9717,38.1914
9718,37.0184
9719,44.1408
9720,40.0187
9721,41.2541
9722,40.3798
9723,38.9458
9724,39.4527
9725,40.9133
9726,40.7171
9727,38.9348
9728,39.1337
9729,41.268
9730,41.3429
9731,42.4728
9732,38.2122
9733,41.2966
9734,37.9804
9735,41.596
9736,39.9782
9737,40.079
9738,39.1897
9739,36.3873
9740,40.4699
9741,40.5398
9742,42.6779
9743,37.01
9744,37.0836
9745,42.2861
9746,39.6963
9747,40.9849
9748,38.0812
9749,38.9942
9750,38.0394
9751,40.144
9752,35.5439
9753,35.8191
9754,40.1673
9755,43.3498
9756,40.9804
9757,41.1775
9758,41.3119
9759,41.5324
9760,43.5747
9761,40.6033
9762,38.3478
9763,41.596
9764,43.0209
9765,43.6895
9766,40.6234
9767,41.0462
9768,36.6718
9769,37.5568
9770,44.6077
9771,39.4283
9772,39.6686
9773,39.0054
9774,37.1977
9775,39.4781
9776,38.7226
9777,42.0096
9778,41.0269
9779,37.6618
9780,38.7221
9781,39.1312
9782,39.7887
9783,43.1029
9784,36.7515
9785,37.0935
9786,38.2125
9787,41.4883
9788,40.2987
9789,40.7982
9790,41.105
9791,41.8978
9792,42.4957
9793,42.7096
9794,36.5591
9795,44.472
9796,33.8044
9797,41.0417
9798,41.2835
9799,37.4525
9800,39.574
9801,43.7587
9802,36.967
9803,39.0083
9804,44.3625
9805,39.6812
9806,40.8486
9807,36.8779
9808,41.4619
9809,37.7437
9810,39.8189
9811,40.6499
9812,37.0812
9813,39.1603
9814,41.3354
9815,38.4634
9816,38.6448
9817,36.7772
9818,40.8801
9819,38.8988
9820,39.5731
9821,39.7269
9822,40.1565
9823,42.8188
9824,39.0939
9825,38.292
9826,38.5167
9827,40.1666
9828,42.7959
9829,40.1933
9830,36.8179
9831,42.0086
9832,40.2601
9833,40.7951
9834,39.0057
9835,42.2027
9836,39.3694
9837,40.5403
9838,41.7783
9839,39.7674
9840,35.1052
9841,42.6877
9842,39.8597
9843,35.9434
9844,37.3314
9845,40.5623
9846,40.9826
9847,41.0978
9848,39.1103
9849,38.8309
9850,38.1999
9851,38.4212
9852,39.1511
9853,39.6595
9854,40.0201
9855,40.0468
9856,36.0839
9857,42.2781
9858,42.5272
9859,36.9334
9860,37.9095
9861,42.2478
9862,40.7136
9863,34.2695
9864,40.8221
9865,42.0367
9866,40.331
9867,41.1511
9868,37.5804
9869,41.8565
9870,40.9885
9871,43.6569
9872,37.4177
9873,40.5404
9874,40.0959
9875,37.2756
9876,41.0666
9877,42.1797
9878,42.3905
9879,43.0665
9880,43.2577
9881,40.3783
9882,40.9161
9883,37.935
9884,42.8155
9885,39.1001
9886,38.2978
9887,36.0039
9888,39.0822
9889,41.6467
9890,42.7943
9891,39.6775
9892,40.0345
9893,40.7922
9894,38.9871
9895,40.1543
9896,40.5078
9897,38.3063
9898,40.2608
9899,41.2692
9900,41.3848
9901,38.6627
9902,40.1916
9903,34.2436
9904,43.2913
9905,41.5145
9906,39.0107
9907,39.1064
9908,39.4861
9909,40.0372
9910,42.1477
9911,37.231
9912,38.2465
9913,43.3329
9914,36.4716
9915,37.5088
9916,43.5172
9917,43.9512
9918,44.5839
9919,38.7708
9920,38.9447
9921,39.4276
9922,39.0031
9923,38.3629
9924,40.683
9925,41.9433
9926,36.9107
9927,39.0824
9928,41.3366
9929,41.7019
9930,38.939
9931,44.9221
9932,41.1817
9933,38.535
9934,41.9122
9935,39.7172
9936,39.8942
9937,39.9216
9938,38.2437
9939,40.2521
9940,40.304
9941,40.6599
9942,40.6683
9943,40.7054
9944,40.7175
9945,40.8153
9946,37.2315
9947,41.3533
9948,39.7515
9949,39.4794
9950,42.4878
9951,39.6738
9952,40.6938
9953,39.9412
9954,40.1139
9955,40.4647
9956,43.1677
9957,42.2236
9958,42.8243
9959,41.1747
9960,37.3387
9961,34.4307
9962,38.4391
9963,43.5149
9964,38.6412
9965,35.8097
9966,39.2885
9967,42.3183
9968,42.5425
9969,38.7498
9970,39.0335
9971,37.0888
9972,41.3285
9973,39.4278
9974,42.0878
9975,39.5447
9976,40.7656
9977,43.0261
9978,43.8465
9979,40.9504
9980,42.0622
9981,40.1296
9982,37.7698
9983,38.0301
9984,40.1518
9985,38.2176
9986,42.2948
9987,41.5028
9988,43.8953
9989,40.4787
9990,40.6456
9991,40.9679
9992,41.1619
9993,41.534
9994,39.8028
9995,39.0594
9996,37.4812
9997,39.9148
9998,44.022
9999,37.3986
10000,40.5102
10001,36.6455
10002,41.8776
10003,37.6258
10004,41.0123
10005,38.3232
10006,42.4433
10007,40.744
10008,40.8272
10009,39.0531
10010,42.0846
10011,35.3301
10012,40.4191
10013,35.822
10014,42.3606
10015,42.6254
10016,43.4357
10017,36.4969
10018,40.8479
10019,40.2062
10020,44.3774
10021,41.6721
10022,40.7091
10023,38.3578
10024,41.4456
10025,40.0172
10026,38.1169
10027,40.2619
10028,36.4765
10029,40.42
10030,40.551
10031,40.7242
10032,42.1458
10033,38.2046
10034,40.4357
10035,38.2658
10036,38.6317
10037,40.135
10038,39.2203
10039,36.8966
10040,44.0058
10041,41.0611
10042,37.1447
10043,41.1531
10044,39.2758
10045,37.4368
10046,41.687
10047,45.1661
10048,41.1912
10049,38.337
10050,39.1533
10051,39.407
10052,42.5378
10053,39.7721
10054,35.8443
10055,40.0909
10056,40.0993
10057,40.5667
10058,41.0211
10059,38.377
10060,38.7816
10061,42.0268
10062,40.0975
10063,38.7518
10064,39.604
10065,40.769
10066,42.7678
10067,44.0213
10068,41.8943
10069,39.358
10070,40.8956
10071,41.8094
10072,43.0305
10073,38.9102
10074,43.9251
10075,39.1141
10076,39.328
10077,40.093
10078,41.1186
10079,40.559
10080,41.84
10081,42.4898
10082,38.8023
10083,41.2582
10084,39.4308
10085,39.5907
10086,41.0216
10087,39.0405
10088,42.4293
10089,37.29
10090,41.4895
10091,38.6029
10092,40.217
10093,40.4441
10094,41.3563
10095,40.3906
10096,37.8382
10097,40.92
10098,37.9677
10099,41.5464
10100,38.8414
10101,38.9807
10102,39.905
10103,35.4396
10104,40.7502
10105,37.4192
10106,39.4276
10107,39.7189
10108,41.3063
10109,37.4117
10110,40.4294
10111,37.6151
10112,40.1595
10113,38.2312
10114,39.2195
10115,40.4784
10116,39.0237
10117,41.355
10118,38.6404
10119,39.7309
10120,43.9598
10121,41.0572
10122,42.3858
10123,38.423
10124,38.6772
10125,38.768
10126,39.1374
10127,37.1579
10128,40.3868
10129,40.6663
10130,41.4698
10131,40.6466
10132,38.655
10133,41.9349
10134,39.3372
10135,39.6879
10136,40.0831
10137,40.2097
10138,40.2913
10139,42.5298
10140,41.3992
10141,39.4936
10142,39.8303
10143,42.1536
10144,39.1993
10145,42.2135
10146,37.2658
10147,42.3708
10148,41.0633
10149,42.1247
10150,41.3747
10151,40.6708
10152,38.9793
10153,40.2128
10154,43.1143
10155,38.794
10156,40.0262
10157,41.2167
10158,35.9514
10159,42.2074
10160,38.236
10161,38.3484
10162,39.7904
10163,40.9364
10164,38.2258
10165,39.1102
10166,39.1928
10167,42.8587
10168,40.3511
10169,41.1173
10170,37.4271
10171,38.5363
10172,38.0584
10173,39.4399
10174,38.5952
10175,42.7548
10176,38.0473
10177,40.1397
10178,38.2617
10179,40.5818
10180,41.73
10181,37.4105
10182,37.6346
10183,41.1017
10184,42.2394
10185,42.3354
10186,41.9106
10187,39.3129
10188,39.3591
10189,36.9218
10190,43.1246
10191,39.3684
10192,44.4128
10193,38.0456
10194,40.708
10195,43.0428
10196,42.7289
10197,39.8697
10198,40.0487
10199,40.0886
10200,38.5445
10201,41.5322
10202,38.4488
10203,38.6448
10204,39.2652
10205,37.621
10206,40.0145
10207,37.9678
10208,39.7058
10209,42.2004
10210,40.9166
10211,42.9579
10212,39.3227
10213,38.4823
10214,46.0741
10215,43.3311
10216,37.117
10217,38.432
10218,40.6509
10219,39.2094
10220,39.7997
10221,37.9732
10222,35.5238
10223,40.8507
10224,40.3425
10225,39.4006
10226,40.5726
10227,39.7567
10228,35.963
10229,36.5894
10230,41.2131
10231,39.3881
10232,38.4586
10233,38.7088
10234,37.9945
10235,39.3056
10236,40.5086
10237,38.597
10238,41.1448
10239,41.8151
10240,39.4583
10241,38.5689
10242,40.709
10243,38.9438
10244,35.9522
10245,39.8046
10246,40.9192
10247,41.9644
10248,38.0307
10249,41.0465
10250,40.165
10251,42.3541
10252,41.4654
10253,42.8769
10254,42.087
10255,39.0591
10256,40.1543
10257,44.3807
10258,39.8184
10259,39.9891
10260,39.1473
10261,43.2206
10262,42.5249
10263,43.8318
10264,39.2468
10265,38.8233
10266,39.9169
10267,41.1525
10268,43.3157
10269,36.502
10270,44.5738
10271,36.6795
10272,37.4529
10273,35.1487
10274,38.5043
10275,35.8922
10276,39.7745
10277,39.9489
10278,38.5369
10279,42.7594
10280,42.152
10281,38.1717
10282,39.4024
10283,38.9145
10284,39.0667
10285,41.1181
10286,39.5696
10287,41.2698
10288,42.3588
10289,37.6127
10290,39.6671
10291,38.8053
10292,40.3621
10293,45.5067
10294,41.0507
10295,40.2118
10296,38.8704
10297,39.9437
10298,38.9763
10299,40.9004
10300,40.9842
10301,39.3058
10302,40.0313
10303,42.5283
10304,36.6413
10305,38.9894
10306,37.2327
10307,37.9877
10308,39.816
10309,40.2415
10310,41.3942
10311,39.8548
10312,36.2497
10313,41.1182
10314,39.4487
10315,41.8912
10316,38.1856
10317,43.5248
10318,38.6763
10319,40.3495
10320,42.8484
10321,39.9538
10322,39.5108
10323,40.531
10324,40.8306
10325,41.5751
10326,37.9992
10327,43.2894
10328,38.5164
10329,39.0882
10330,39.0176
10331,39.8712
10332,40.926
10333,41.4863
10334,40.001
10335,37.7733
10336,38.8851
10337,44.5779
10338,38.9303
10339,39.3066
10340,40.0175
10341,39.6741
10342,37.6607
10343,40.1555
10344,41.3964
10345,40.5601
10346,43.1547
10347,38.4691
10348,42.7921
10349,39.3682
10350,41.5345
10351,41.6747
10352,41.5915
10353,41.7507
10354,37.9628
10355,41.5927
10356,38.7407
10357,40.2359
10358,40.7484
10359,37.8955
10360,41.5051
10361,41.5362
10362,38.6633
10363,38.4567
10364,44.0332
10365,39.6726
10366,40.1364
10367,39.5174
10368,37.8411
10369,39.8653
10370,39.1091
10371,40.8416
10372,42.9505
10373,38.4781
10374,40.5315
10375,39.9413
10376,40.1259
10377,40.8109
10378,40.8263
10379,39.0811
10380,42.3343
10381,38.4325
10382,40.4737
10383,38.7809
10384,43.9895
10385,43.1124
10386,38.725
10387,41.6103
10388,41.6187
10389,37.3381
10390,39.5646
10391,39.4853
10392,38.9574
10393,38.0169
10394,39.5193
10395,40.0717
10396,43.126
10397,38.6015
10398,41.4648
10399,44.9064
10400,38.6179
10401,40.9051
10402,40.458
10403,37.5504
10404,40.4607
10405,42.4931
10406,37.5885
10407,40.2463
10408,38.7781
10409,39.2879
10410,38.7787
10411,39.1138
10412,40.8449
10413,43.4202
10414,38.5607
10415,40.8888
10416,41.2624
10417,40.8769
10418,42.2189
10419,36.2331
10420,41.8268
10421,39.0478
10422,41.1446
10423,39.3331
10424,39.9339
10425,40.4251
10426,40.9808
10427,41.3041
10428,42.7061
10429,40.9513
10430,37.2395
10431,37.4648
10432,44.0306
10433,39.039
10434,39.1046
10435,40.6878
10436,38.7099
10437,40.2793
10438,39.4181
10439,39.7648
10440,40.1836
10441,40.7607
10442,40.9037
10443,36.9982
10444,44.652
10445,37.9543
10446,36.131
10447,36.8374
10448,37.5253
10449,42.4366
10450,39.5325
10451,42.0126
10452,42.0928
10453,40.5716
10454,39.7152
10455,37.9029
10456,42.5798
10457,39.0948
10458,39.2222
10459,38.5034
10460,37.5933
10461,37.6202
10462,39.7955
10463,35.8084
10464,38.5188
10465,38.9346
10466,38.3244
10467,42.2887
10468,37.7017
10469,42.7102
10470,36.9786
10471,38.3229
10472,40.2847
10473,40.6381
10474,40.8159
10475,41.1881
10476,41.229
10477,42.3276
10478,37.9805
10479,41.0716
10480,40.6915
10481,37.7252
10482,35.1319
10483,41.4841
10484,40.5713
10485,39.1566
10486,40.9183
10487,41.9667
10488,37.1048
10489,42.6396
10490,39.4195
10491,40.4808
10492,40.6122
10493,36.1508
10494,41.2754
10495,39.3312
10496,41.1007
10497,38.164
10498,39.1691
10499,41.1097
10500,38.605
10501,38.4443
10502,40.0871
10503,42.0662
10504,41.8638
10505,37.5767
10506,38.605
10507,39.7745
10508,37.1905
10509,37.5081
10510,39.5671
10511,38.7017
10512,41.0057
10513,38.6924
10514,41.0227
10515,39.8087
10516,39.1669
10517,38.2029
10518,38.4199
10519,38.486
10520,39.8909
10521,39.1067
10522,39.8966
10523,38.0194
10524,37.3072
10525,36.4084
10526,37.7805
10527,37.8227
10528,41.0083
10529,39.0759
10530,38.4136
10531,37.5299
10532,39.1052
10533,40.3022
10534,39.7546
10535,39.786
10536,39.9821
10537,43.4511
10538,39.1289
10539,39.5115
10540,41.0423
10541,41.2642
10542,38.7191
10543,36.0368
10544,39.0827
10545,41.7061
10546,40.0675
10547,44.122
10548,35.9292
10549,37.2086
10550,39.9757
10551,39.548
10552,38.0921
10553,40.0348
10554,39.364
10555,41.6187
10556,42.2213
10557,42.3333
10558,36.4581
10559,40.7457
10560,41.1989
10561,37.4407
10562,41.7915
10563,38.2011
10564,39.6465
10565,43.0588
10566,40.3444
10567,41.6288
10568,41.8802
10569,39.8314
10570,41.2474
10571,43.6356
10572,40.5486
10573,36.7184
10574,41.3848
10575,38.9265
10576,42.8254
10577,43.1174
10578,39.1923
10579,40.2774
10580,40.4137
10581,43.4222
10582,39.8216
10583,41.5186
10584,40.6887
10585,36.7447
10586,39.8582
10587,38.117
10588,41.1709
10589,42.3811
10590,42.1018
10591,43.8341
10592,43.1984
10593,43.4201
10594,38.8908
10595,38.9472
10596,37.3294
10597,36.9585
10598,38.3145
10599,39.6316
10600,38.9449
10601,36.9533
10602,40.1117
10603,38.0696
10604,42.1744
10605,37.2819
10606,39.2996
10607,39.7114
10608,39.7909
10609,38.9209
10610,39.3063
10611,40.5272
10612,40.2062
10613,40.1181
10614,38.541
10615,37.6991
10616,38.0195
10617,41.5772
10618,38.9169
10619,41.1426
10620,39.356
10621,35.7454
10622,42.395
10623,37.899
10624,42.5251
10625,43.5435
10626,39.8813
10627,36.1961
10628,41.3423
10629,37.4341
10630,38.8591
10631,41.2356
10632,42.511
10633,42.8545
10634,38.6589
10635,43.7872
10636,40.3405
10637,41.1534
10638,41.7787
10639,40.7293
10640,38.7767
10641,42.1765
10642,39.1849
10643,40.0231
10644,40.9309
10645,41.4204
10646,36.7204
10647,43.7867
10648,42.0616
10649,42.2585
10650,41.3585
10651,43.2076
10652,41.4237
10653,40.7436
10654,39.9484
10655,41.1649
10656,38.6188
10657,38.4728
10658,42.2978
10659,40.9018
10660,39.3656
10661,44.7878
10662,43.0741
10663,41.4237
10664,38.1508
10665,39.7201
10666,38.4668
10667,39.7768
10668,39.0642
10669,40.1093
10670,40.3135
10671,40.3236
10672,41.4258
10673,39.619
10674,40.8017
10675,40.0023
10676,40.0845
10677,42.0965
10678,43.7035
10679,40.2555
10680,41.1153
10681,36.2071
10682,38.47
10683,41.5871
10684,38.6153
10685,36.9733
10686,40.5374
10687,40.103
10688,42.4114
10689,39.02
10690,38.1727
10691,39.9772
10692,40.0999
10693,44.2155
10694,41.6833
10695,40.9451
10696,38.5402
10697,42.1648
10698,39.4056
10699,41.5995
10700,35.6581
10701,41.6665
10702,43.1434
10703,39.5109
10704,41.8736
10705,38.762
10706,39.024
10707,37.2251
10708,37.3382
10709,38.4233
10710,40.4347
10711,40.8791
10712,38.9628
10713,42.1614
10714,38.2397
10715,40.047
10716,39.4234
10717,38.4354
10718,39.5784
10719,39.7178
10720,39.9661
10721,39.1758
10722,40.3229
10723,38.4209
10724,37.4452
10725,39.5853
10726,40.7945
10727,41.9609
10728,42.0282
10729,38.0951
10730,37.303
10731,38.9329
10732,42.0769
10733,39.1415
10734,41.3298
10735,41.8098
10736,39.8407
10737,38.5419
10738,42.8034
10739,40.8325
10740,42.0444
10741,42.1375
10742,38.4661
10743,38.5526
10744,41.4782
10745,39.8822
10746,40.3801
10747,36.7104
10748,38.8995
10749,35.6719
10750,42.5211
10751,41.9756
10752,38.1825
10753,40.4837
10754,40.5243
10755,42.4395
10756,40.1627
10757,40.3478
10758,39.7948
10759,41.9007
10760,37.0192
10761,39.9167
10762,39.6203
10763,39.9424
10764,36.8569
10765,40.9728
10766,40.1793
10767,38.358
10768,41.8759
10769,36.4415
10770,39.4509
10771,39.6287
10772,38.0607
10773,38.267
10774,41.7545
10775,40.4576
10776,43.6788
10777,36.7385
10778,40.9971
10779,41.7772
10780,39.8496
10781,40.1352
10782,37.1974
10783,42.5151
10784,41.8167
10785,43.1718
10786,39.1805
10787,39.6608
10788,37.7332
10789,40.0834
10790,38.0919
10791,41.5847
10792,40.8649
10793,41.5441
10794,41.5579
10795,41.7384
10796,41.2181
10797,42.3625
10798,40.5609
10799,37.7007
10800,38.7963
10801,39.0727
10802,43.5997
10803,38.2019
10804,42.0643
10805,42.3951
10806,38.4348
10807,40.6847
10808,38.7236
10809,37.8203
10810,42.4079
10811,41.884
10812,40.6854
10813,40.8766
10814,36.2048
10815,43.7939
10816,36.8506
10817,39.9212
10818,37.1003
10819,37.1181
10820,39.378
10821,39.5315
10822,40.144
10823,40.5109
10824,40.8987
10825,36.1532
10826,39.5317
10827,36.5536
10828,41.9299
10829,40.1905
10830,36.4006
10831,41.0686
10832,38.9914
10833,38.4466
10834,40.1872
10835,40.9358
10836,40.9442
10837,43.2066
10838,36.3347
10839,41.917
10840,41.06
10841,42.1659
10842,41.8445
10843,40.2321
10844,34.8514
10845,37.935
10846,39.1179
10847,39.3563
10848,40.6763
10849,40.0246
10850,36.2236
10851,40.5277
10852,38.8303
10853,41.2448
10854,42.7789
10855,41.1503
10856,41.2236
10857,41.3577
10858,37.9222
10859,42.0075
10860,44.2722
10861,41.3185
10862,40.5323
10863,42.8037
10864,38.995
10865,35.3547
10866,40.6412
10867,37.4751
10868,42.6875
10869,39.4091
10870,42.5581
10871,40.2173
10872,37.4716
10873,40.9256
10874,38.4318
10875,38.9391
10876,38.102
10877,35.1264
10878,39.5027
10879,40.1226
10880,42.7115
10881,41.394
10882,37.6578
10883,40.4651
10884,42.7149
10885,39.8388
10886,40.9255
10887,43.1951
10888,42.4895
10889,38.5195
10890,42.0095
10891,41.5605
10892,38.9739
10893,41.9865
10894,38.3813
10895,43.0677
10896,43.0998
10897,41.3738
10898,38.6475
10899,39.8166
10900,39.2752
10901,36.9712
10902,39.98
10903,39.1618
10904,41.6918
10905,37.3274
10906,41.1223
10907,43.9773
10908,42.207
10909,43.6436
10910,38.6523
10911,40.0412
10912,38.5632
10913,39.6449
10914,40.6835
10915,36.8654
10916,40.3274
10917,40.7529
10918,42.7976
10919,42.1548
10920,41.4377
10921,43.5879
10922,44.2914
10923,41.708
10924,42.7952
10925,41.6973
10926,40.4776
10927,40.6429
10928,39.2615
10929,40.5565
10930,41.9314
10931,42.7197
10932,39.8265
10933,42.5836
10934,40.1455
10935,41.0993
10936,40.1941
10937,43.1556
10938,37.7158
10939,39.0909
10940,39.1124
10941,39.5855
10942,41.3693
10943,42.4261
10944,40.4989
10945,41.6769
10946,43.2491
10947,39.6811
10948,42.7282
10949,32.8993
10950,40.9178
10951,44.7258
10952,39.7342
10953,37.9885
10954,39.417
10955,39.0034
10956,41.7148
10957,41.4039
10958,39.6537
10959,38.3747
10960,38.4772
10961,41.4857
10962,41.5028
10963,36.6855
10964,39.5578
10965,38.9154
10966,39.5379
10967,40.5567
10968,40.862
10969,39.9177
10970,38.7854
10971,39.5444
10972,42.5855
10973,42.7765
10974,40.223
10975,40.5039
10976,39.6883
10977,39.8024
10978,39.8678
10979,44.0565
10980,40.5181
10981,45.2845
10982,42.2651
10983,42.974
10984,43.1048
10985,42.8671
10986,41.0138
10987,35.3996
10988,39.2932
10989,39.481
10990,41.9177
10991,42.7574
10992,37.5541
10993,38.8235
10994,39.9395
10995,40.3203
10996,41.0946
10997,40.5736
10998,39.0965
10999,39.6228
11000,40.9879
11001,42.545
11002,39.9937
11003,41.2829
11004,43.3395
11005,41.0437
11006,41.3341
11007,42.8937
11008,42.0951
11009,40.9902
11010,42.0751
11011,39.1999
11012,39.3131
11013,42.172
11014,39.0418
11015,36.1675
11016,39.091
11017,36.9159
11018,37.831
11019,40.9783
11020,38.0146
11021,38.1307
11022,35.394
11023,39.5298
11024,40.3443
11025,42.7739
11026,40.8987
11027,41.0019
11028,41.5354
11029,42.12
11030,42.2048
11031,39.1137
11032,39.4765
11033,40.4014
11034,37.3443
11035,39.6167
11036,37.9196
11037,38.4634
11038,41.8924
11039,39.4952
11040,39.5945
11041,40.0892
11042,40.3829
11043,41.2908
11044,38.4317
11045,36.024
11046,39.5773
11047,41.031
11048,40.0394
11049,40.2016
11050,40.5911
11051,39.3796
11052,37.015
11053,38.6651
11054,39.2613
11055,39.5439
11056,40.6667
11057,40.9007
11058,37.9831
11059,37.9135
11060,42.1514
11061,40.2992
11062,39.2864
11063,38.5612
11064,39.0828
11065,38.3751
11066,42.3835
11067,40.5408
11068,41.1143
11069,43.3479
11070,41.6192
11071,42.0561
11072,42.074
11073,40.503
11074,39.6961
11075,39.7906
11076,43.8588
11077,37.9313
11078,37.1176
11079,37.7502
11080,41.8411
11081,40.0148
11082,41.8786
11083,39.331
11084,43.7862
11085,35.9482
11086,41.7787
11087,37.8008
11088,36.4833
11089,43.6905
11090,38.9408
11091,39.101
11092,35.2029
11093,39.3313
11094,39.5861
11095,42.1878
11096,38.4439
11097,42.4924
11098,40.7507
11099,40.8071
11100,41.2459
11101,42.2618
11102,42.4565
11103,40.0265
11104,41.0538
11105,38.0803
11106,37.2181
11107,40.374
11108,38.8106
11109,41.049
11110,39.9735
11111,39.1233
11112,43.5344
11113,40.2128
11114,41.5589
11115,36.4194
11116,38.9737
11117,38.1165
11118,38.6992
11119,40.0472
11120,40.6179
11121,39.8593
11122,41.1852
11123,42.8858
11124,38.0611
11125,41.3236
11126,37.4391
11127,35.8253
11128,38.9096
11129,39.6001
11130,38.3791
11131,38.6311
11132,42.0683
11133,40.3021
11134,36.1508
11135,41.2394
11136,38.0243
11137,38.8641
11138,38.6694
11139,37.7346
11140,38.428
11141,35.8772
11142,39.7909
11143,40.9348
11144,40.9748
11145,36.1549
11146,42.3844
11147,36.8245
11148,39.3675
11149,35.5062
11150,37.6683
11151,40.7982
11152,41.8641
11153,40.9019
11154,38.4057
11155,38.2007
11156,40.5524
11157,38.6379
11158,43.7351
11159,38.7435
11160,38.939
11161,39.0124
11162,43.1137
11163,39.1613
11164,39.5819
11165,37.6038
11166,42.7816
11167,42.2008
11168,41.7109
11169,43.4216
11170,43.2086
11171,35.5369
11172,36.971
11173,40.4679
11174,42.549
11175,41.9068
11176,34.9166
11177,39.2412
11178,39.5067
11179,39.6805
11180,41.4932
11181,43.2375
11182,38.5524
11183,41.4675
11184,34.6486
11185,41.7036
11186,39.7477
11187,37.8317
11188,41.1517
11189,39.0854
11190,42.1185
11191,39.5276
11192,39.536
11193,41.4311
11194,39.6888
11195,42.8037
11196,36.5626
11197,38.4847
11198,38.6242
11199,43.7066
11200,37.3816
11201,37.704
11202,41.5192
11203,38.219
11204,39.6845
11205,41.8514
11206,40.1463
11207,40.2523
11208,40.2607
11209,42.3998
11210,36.0419
11211,40.2739
11212,40.932
11213,41.6835
11214,37.6157
11215,38.642
11216,40.7732
11217,35.967
11218,40.1779
11219,37.3804
11220,40.4428
11221,43.0195
11222,40.7308
11223,39.8259
11224,40.0684
11225,37.5468
11226,38.0766
11227,42.0851
11228,38.4928
11229,38.5123
11230,34.6592
11231,38.9013
11232,38.9968
11233,36.4941
11234,40.0344
11235,40.1587
11236,38.1946
11237,40.8911
11238,35.8348
11239,35.6611
11240,37.8545
11241,39.9266
11242,38.0831
11243,41.3591
11244,42.7871
11245,38.0131
11246,42.4845
11247,39.0928
11248,42.2734
11249,39.3867
11250,40.8106
11251,41.1681
11252,42.3883
11253,42.766
11254,41.1073
11255,43.5877
11256,40.7796
11257,41.1665
11258,38.7938
11259,37.9468
11260,39.225
11261,36.0949
11262,36.3929
11263,39.0187
11264,39.6106
11265,41.6429
11266,35.8511
11267,38.3182
11268,37.6778
11269,39.9075
11270,35.1369
11271,39.3263
11272,41.0405
11273,42.2523
11274,38.7709
11275,43.1295
11276,36.5108
11277,43.6218
11278,36.6964
11279,37.3969
11280,39.464
11281,37.7648
11282,43.8981
11283,37.4683
11284,39.7539
11285,42.0739
11286,43.477
11287,39.8026
11288,43.1112
11289,37.8637
11290,39.5338
11291,39.6832
11292,37.6916
11293,38.513
11294,39.5108
11295,39.1955
11296,39.4863
11297,39.9958
11298,41.5333
11299,41.5956
11300,41.6548
11301,41.7943
11302,41.0218
11303,40.1747
11304,42.3271
11305,40.758
11306,37.4862
11307,40.2427
11308,41.2551
11309,39.8579
11310,41.9958
11311,43.6116
11312,39.5177
11313,41.7888
11314,42.3299
11315,39.7941
11316,42.9249
11317,34.9333
11318,38.0656
11319,40.6088
11320,39.7714
11321,41.5195
11322,40.539
11323,40.8622
11324,41.7415
11325,41.263
11326,38.567
11327,39.047
11328,39.264
11329,37.3154
11330,37.906
11331,38.1255
11332,38.9454
11333,39.0579
11334,38.9246
11335,39.0109
11336,40.0846
11337,40.2167
11338,39.9588
11339,41.5844
11340,40.659
11341,41.6822
11342,41.7148
11343,39.8784
11344,41.4404
11345,41.631
11346,35.0239
11347,41.7205
11348,43.1081
11349,38.3431
11350,34.875
11351,37.9755
11352,42.2076
11353,38.3899
11354,40.4311
11355,40.5206
11356,41.3313
11357,43.0295
11358,41.0646
11359,39.5269
11360,42.8407
11361,41.03
11362,42.8198
11363,41.9379
11364,43.3583
11365,41.0762
11366,38.1164
11367,36.9699
11368,43.0436
11369,40.491
11370,39.039
11371,41.5596
11372,40.4349
11373,40.7868
11374,42.9125
11375,39.3152
11376,42.5275
11377,38.8161
11378,37.8927
11379,38.1479
11380,39.2516
11381,39.3301
11382,41.5941
11383,37.6438
11384,40.3456
11385,40.443
11386,38.9693
11387,40.4487
11388,40.2217
11389,42.3792
11390,45.6935
11391,38.8097
11392,43.526
11393,38.8674
11394,40.0058
11395,38.3552
11396,38.648
11397,38.7868
11398,40.9961
11399,41.3332
11400,42.436
11401,38.888
11402,37.2612
11403,38.5172
11404,39.2984
11405,41.4257
11406,41.1202
11407,41.8284
11408,37.9598
11409,41.2676
11410,43.4497
11411,41.9274
11412,39.1584
11413,43.7053
11414,44.3492
11415,40.4883
11416,37.8604
11417,40.9957
11418,40.0921
11419,40.1623
11420,39.22
11421,38.3106
11422,42.4377
11423,41.0985
11424,40.8875
11425,36.0501
11426,40.3944
11427,40.0164
11428,38.5285
11429,41.8977
11430,37.9074
11431,41.3261
11432,38.4844
11433,39.0698
11434,37.2928
11435,38.1497
11436,42.0026
11437,39.2508
11438,36.8104
11439,39.4338
11440,39.8822
11441,39.9745
11442,40.7992
11443,41.1077
11444,41.1353
11445,42.5864
11446,41.8375
11447,37.9806
11448,40.5541
11449,37.9246
11450,40.958
11451,44.0036
11452,40.5415
11453,35.6807
11454,37.8503
11455,37.9722
11456,43.1983
11457,38.9418
11458,39.042
11459,39.1053
11460,40.1687
11461,41.1771
11462,40.8859
11463,39.3319
11464,35.392
11465,41.7664
11466,37.4024
11467,38.0444
11468,38.413
11469,39.8907
11470,39.9481
11471,40.9704
11472,41.8453
11473,36.8537
11474,37.0446
11475,38.1648
11476,37.6046
11477,37.6564
11478,38.0119
11479,38.0229
11480,40.5583
11481,40.5968
11482,42.8142
11483,39.8815
11484,34.9053
11485,37.3156
11486,37.8282
11487,41.1358
11488,41.3139
11489,41.4012
11490,40.4514
11491,34.4665
11492,42.4789
11493,41.5537
11494,37.6794
11495,38.6991
11496,38.3491
11497,43.5479
11498,41.7604
11499,39.8539
11500,38.9848
11501,38.0819
11502,38.976
11503,39.293
11504,40.5777
11505,40.0625
11506,42.311
11507,38.9595
11508,41.8433
11509,41.9099
11510,42.1653
11511,40.6185
11512,39.436
11513,42.4504
11514,41.8256
11515,33.3064
11516,39.3995
11517,40.187
11518,41.7282
11519,37.8555
11520,38.197
11521,43.2054
11522,36.3233
11523,38.6627
11524,40.1618
11525,39.3029
11526,40.1189
11527,40.4293
11528,40.455
11529,41.1359
11530,40.1688
11531,38.1621
11532,36.3492
11533,39.422
11534,42.8618
11535,37.8993
11536,40.9972
11537,38.0056
11538,38.014
11539,41.0227
11540,40.3209
11541,41.3425
11542,40.5312
11543,40.6204
11544,41.0277
11545,37.7948
11546,38.4887
11547,40.663
11548,40.809
11549,39.9974
11550,39.5494
11551,41.7372
11552,39.7951
11553,37.567
11554,41.6494
11555,39.2216
11556,37.9645
11557,38.523
11558,38.9701
11559,40.8157
11560,37.0017
11561,38.3677
11562,38.3197
11563,37.5812
11564,40.4275
11565,43.5525
11566,41.3296
11567,39.5614
11568,42.8149
11569,41.8469
11570,42.0302
11571,37.3828
11572,42.3966
11573,42.4449
11574,39.5873
11575,39.7194
11576,39.8706
11577,42.9401
11578,40.0653
11579,40.4774
11580,40.6643
11581,43.6993
11582,40.8906
11583,38.774
11584,40.0689
11585,39.3944
11586,40.4426
11587,38.5925
11588,39.2201
11589,41.396
11590,40.5791
11591,39.0993
11592,42.1134
11593,41.5783
11594,42.1957
11595,38.419
11596,43.6027
11597,40.1828
11598,38.0827
11599,38.9041
11600,41.5618
11601,42.5768
11602,40.5276
11603,40.5876
11604,38.3857
11605,40.5474
11606,36.7948
11607,44.8603
11608,37.8817
11609,38.6915
11610,38.0004
11611,40.3054
11612,39.4109
11613,39.4923
11614,38.5312
11615,39.5664
11616,40.8981
11617,40.4082
11618,37.4342
11619,37.4463
11620,35.7306
11621,43.7825
11622,40.0223
11623,37.653
11624,40.8427
11625,42.2535
11626,38.8547
11627,44.9203
11628,40.1206
11629,41.129
11630,37.8412
11631,41.0268
11632,41.2608
11633,38.3382
11634,39.9168
11635,37.3863
11636,44.8994
11637,40.1923
11638,42.2912
11639,38.4143
11640,39.9677
11641,40.2657
11642,42.5698
11643,43.0532
11644,42.5226
11645,38.5666
11646,38.7344
11647,39.0982
11648,40.6156
11649,40.939
11650,39.7022
11651,39.7904
11652,36.8588
11653,39.8748
11654,38.3217
11655,39.0099
11656,39.1369
11657,40.1504
11658,40.2962
11659,39.8227
11660,41.3914
11661,40.7485
11662,43.1615
11663,36.3399
11664,43.5563
11665,35.6863
11666,41.9884
11667,42.4443
11668,37.9577
11669,43.2544
11670,38.1459
11671,37.754
11672,39.807
11673,40.6623
11674,37.4725
11675,38.085
11676,40.7594
11677,37.2265
11678,42.7137
11679,42.0397
11680,37.9764
11681,39.2018
11682,41.4581
11683,39.471
11684,39.158
11685,39.4154
11686,39.8168
11687,40.0628
11688,40.3028
11689,38.4428
11690,40.5501
11691,40.7944
11692,37.3083
11693,39.6339
11694,41.6423
11695,39.7795
11696,38.1036
11697,37.2205
11698,38.5621
11699,35.7103
11700,39.5028
11701,38.5112
11702,41.9766
11703,40.7105
11704,40.8854
11705,38.0074
11706,41.3604
11707,38.62
11708,40.7285
11709,39.1594
11710,39.4837
11711,46.6785
11712,42.1926
11713,40.2826
11714,40.4026
11715,36.6956
11716,37.8707
11717,44.0278
11718,41.0937
11719,38.5068
11720,32.6612
11721,38.8005
11722,39.0802
11723,39.1529
11724,39.1614
11725,39.5872
11726,39.8725
11727,39.9951
11728,40.1855
11729,37.1939
11730,37.4154
11731,40.9982
11732,41.2356
11733,38.4485
11734,41.6578
11735,38.7281
11736,41.7476
11737,40.9575
11738,38.124
11739,39.2181
11740,42.2628
11741,42.3395
11742,39.643
11743,39.7584
11744,40.9703
11745,40.1918
11746,40.2883
11747,39.3982
11748,42.5791
11749,39.6021
11750,43.6795
11751,43.6995
11752,42.7181
11753,41.1954
11754,41.7147
11755,43.3943
11756,42.7031
11757,38.4177
11758,38.4261
11759,38.6759
11760,38.3277
11761,39.419
11762,39.4559
11763,39.5785
11764,39.8219
11765,42.8303
11766,40.6877
11767,42.1541
11768,42.5943
11769,37.1583
11770,39.3243
11771,39.4784
11772,40.7366
11773,35.9927
11774,39.0359
11775,37.6197
11776,38.927
11777,39.6847
11778,38.5691
11779,39.9968
11780,37.0373
11781,41.1582
11782,39.1666
11783,39.4497
11784,39.8982
11785,39.9559
11786,42.2374
11787,42.2459
11788,40.3505
11789,41.2229
11790,35.3123
11791,42.5494
11792,37.8387
11793,42.1207
11794,42.3616
11795,40.4526
11796,42.4748
11797,40.5135
11798,39.5013
11799,38.6963
11800,38.3111
11801,38.7082
11802,38.3488
11803,39.996
11804,38.834
11805,39.5725
11806,41.8545
11807,38.3559
11808,38.531
11809,40.2786
11810,40.814
11811,39.9592
11812,40.2839
11813,40.537
11814,37.7917
11815,41.2174
11816,39.4502
11817,41.8058
11818,38.3879
11819,42.5421
11820,42.5646
11821,41.0366
11822,43.6831
11823,40.0913
11824,38.3111
11825,39.8683
11826,41.1203
11827,39.87
11828,37.0853
11829,37.6166
11830,39.7427
11831,36.891
11832,39.9143
11833,39.9612
11834,40.9696
11835,40.4126
11836,37.7032
11837,41.0953
11838,42.3371
11839,41.556
11840,42.6671
11841,39.2974
11842,42.4569
11843,36.4818
11844,39.7545
11845,41.8983
11846,39.9218
11847,40.0048
11848,43.4351
11849,40.8205
11850,37.5148
11851,39.8589
11852,37.04
11853,39.5955
11854,40.6208
11855,37.9456
11856,40.1461
11857,40.3851
11858,42.661
11859,42.8127
11860,39.8398
11861,37.8805
11862,43.326
11863,40.4682
11864,36.1391
11865,41.2867
11866,36.9691
11867,40.28
11868,39.5075
11869,37.0846
11870,41.231
11871,41.3105
11872,40.6807
11873,40.7537
11874,43.8871
11875,39.8967
11876,39.9589
11877,39.9821
11878,41.221
11879,43.6145
11880,39.1416
11881,39.5496
11882,41.0475
11883,37.6124
11884,38.6013
11885,38.6098
11886,39.7837
11887,39.8369
11888,40.2998
11889,37.4731
11890,42.5523
11891,42.5704
11892,38.1104
11893,39.1206
11894,43.0662
11895,39.2268
11896,41.2795
11897,39.3231
11898,40.0815
11899,42.51
11900,40.6318
11901,41.6514
11902,41.3335
11903,39.1432
11904,43.258
11905,38.8844
11906,39.4393
11907,39.777
11908,38.5205
11909,37.2151
11910,37.6793
11911,36.702
11912,42.0426
11913,38.5619
11914,40.1141
11915,37.3581
11916,40.4191
11917,38.435
11918,37.724
11919,44.0221
11920,39.2639
11921,38.5502
11922,39.7899
11923,43.922
11924,45.2102
11925,40.3505
11926,40.4232
11927,42.5446
11928,41.6872
11929,41.4727
11930,40.6991
11931,42.1664
11932,40.0393
11933,41.5735
11934,39.1488
11935,40.7107
11936,38.7665
11937,39.7141
11938,40.7253
11939,42.992
11940,39.0731
11941,39.1368
11942,36.453
11943,38.1008
11944,41.6353
11945,38.8639
11946,41.7471
11947,38.5046
11948,43.9738
11949,40.3129
11950,39.8109
11951,40.0405
11952,41.7699
11953,40.217
11954,40.2185
11955,42.5107
11956,41.624
11957,36.6201
11958,42.1175
11959,41.2139
11960,40.3992
11961,36.8119
11962,39.1937
11963,40.4568
11964,42.9708
11965,36.0072
11966,41.7456
11967,40.9835
11968,40.7474
11969,38.228
11970,36.5672
11971,38.6378
11972,38.7288
11973,38.7906
11974,39.8741
11975,38.2948
11976,40.3054
11977,40.3332
11978,40.6917
11979,37.9503
11980,41.5744
11981,38.6023
11982,38.8727
11983,42.0741
11984,41.2555
11985,38.4048
11986,39.6907
11987,42.7015
11988,41.7479
11989,41.9658
11990,39.2865
11991,39.9661
11992,40.4896
11993,38.794
11994,42.9342
11995,36.5809
11996,38.8015
11997,36.9077
11998,36.5825
11999,38.4362
12000,41.5538
12001,41.8477
12002,44.0156
12003,42.9094
12004,39.1135
12005,38.3951
12006,41.4699
12007,39.6855
12008,40.1323
12009,38.5556
12010,42.0434
12011,39.0896
12012,39.95
12013,42.3232
12014,41.5878
12015,41.9704
12016,39.6504
12017,36.761
12018,43.5581
12019,45.5785
12020,40.9411
12021,39.0394
12022,39.3783
12023,40.351
12024,41.3434
12025,41.3544
12026,42.928
12027,42.3788
12028,37.7168
12029,40.7613
12030,41.6658
12031,42.797
12032,38.1909
12033,39.5625
12034,39.9417
12035,41.0876
12036,39.3844
12037,38.8051
12038,38.8135
12039,42.3896
12040,41.4791
12041,42.0288
12042,37.3988
12043,41.8046
12044,42.8172
12045,38.6994
12046,43.0235
12047,39.0541
12048,39.9663
12049,42.3225
12050,39.4369
12051,39.4914
12052,37.2279
12053,35.4064
12054,41.6908
12055,39.5017
12056,37.0807
12057,40.3209
12058,41.5875
12059,37.9769
12060,39.3232
12061,38.2131
12062,39.6926
12063,39.4214
12064,40.705
12065,39.127
12066,40.2307
12067,39.8618
12068,40.1809
12069,39.5211
12070,42.2167
12071,41.6995
12072,36.1704
12073,42.0986
12074,43.4001
12075,38.9249
12076,36.4638
12077,42.0183
12078,41.857
12079,39.1958
12080,39.6344
12081,41.1222
12082,41.7446
12083,40.398
12084,36.462
12085,41.7037
12086,40.7157
12087,37.7226
12088,42.1039
12089,40.5272
12090,41.092
12091,41.4166
12092,39.1959
12093,39.3053
12094,39.9275
12095,33.9495
12096,39.9648
12097,40.1158
12098,38.3095
12099,38.3125
12100,40.0241
12101,38.6463
12102,40.1005
12103,38.4867
12104,40.7323
12105,37.4308
12106,43.4446
12107,42.5217
12108,38.8739
12109,40.1589
12110,39.5875
12111,40.1762
12112,42.3132
12113,40.6863
12114,39.9575
12115,41.3502
12116,41.8292
12117,41.9094
12118,38.9986
12119,40.2583
12120,40.9392
12121,42.0424
12122,45.1268
12123,41.4054
12124,37.1155
12125,40.4567
12126,36.1093
12127,42.3701
12128,39.4829
12129,39.7618
12130,36.2824
12131,38.4478
12132,39.1415
12133,41.2495
12134,36.4099
12135,39.0662
12136,46.5538
12137,39.138
12138,39.3138
12139,42.2645
12140,40.8043
12141,40.9961
12142,42.3565
12143,43.6273
12144,44.8818
12145,36.3571
12146,39.7203
12147,36.0247
12148,38.2067
12149,38.8933
12150,37.915
12151,39.1364
12152,39.84
12153,39.7428
12154,40.9321
12155,38.0164
12156,37.1572
12157,40.3291
12158,40.9327
12159,38.3066
12160,40.4411
12161,38.7273
12162,37.1308
12163,42.6362
12164,37.6722
12165,42.0314
12166,41.4536
12167,40.6955
12168,39.5658
12169,36.9847
12170,44.02
12171,40.3884
12172,40.5096
12173,39.5462
12174,40.7372
12175,37.9149
12176,40.0139
12177,39.5517
12178,42.819
12179,41.2809
12180,36.7767
12181,42.5811
12182,37.8665
12183,38.9723
12184,40.3932
12185,40.6554
12186,35.4186
12187,38.4912
12188,41.9621
12189,42.4885
12190,40.9328
12191,42.9826
12192,38.9934
12193,41.101
12194,44.4046
12195,38.8719
12196,41.7974
12197,37.1287
12198,44.8979
12199,37.022
12200,37.7182
12201,40.5025
12202,40.2359
12203,42.2201
12204,39.3874
12205,37.6419
12206,42.8019
12207,41.1614
12208,39.4318
12209,40.6902
12210,41.3229
12211,37.7863
12212,37.7968
12213,36.5437
12214,36.6464
12215,39.5291
12216,40.4966
12217,40.8733
12218,39.252
12219,41.426
12220,40.1323
12221,39.318
12222,41.0924
12223,43.5511
12224,40.6643
12225,40.0682
12226,40.1347
12227,39.1485
12228,41.6693
12229,39.8664
12230,42.8748
12231,38.7446
12232,40.8556
12233,42.24
12234,38.3024
12235,40.1396
12236,35.8525
12237,40.2042
12238,41.1184
12239,41.3393
12240,40.3939
12241,42.925
12242,38.0587
12243,36.2302
12244,39.4876
12245,36.6971
12246,37.8393
12247,36.4597
12248,39.4651
12249,39.7716
12250,42.5148
12251,37.7125
12252,37.5404
12253,43.5488
12254,34.685
12255,37.6992
12256,36.0413
12257,38.0614
12258,38.5899
12259,35.7578
12260,41.9043
12261,35.3033
12262,40.0757
12263,41.247
12264,40.2067
12265,39.6185
12266,45.6269
12267,35.4865
12268,41.4976
12269,43.7444
12270,41.1312
12271,37.4823
12272,43.0638
12273,39.2533
12274,43.652
12275,42.7894
12276,43.8253
12277,39.0927
12278,39.6382
12279,41.6466
12280,40.1928
12281,39.7772
12282,41.8558
12283,41.0479
12284,41.6468
12285,38.7229
12286,42.01
12287,43.1784
12288,37.2336
12289,38.6001
12290,42.8689
12291,40.6272
12292,38.8165
12293,39.2316
12294,39.6189
12295,41.9084
12296,39.8177
12297,44.8574
12298,42.7616
12299,40.7549
12300,40.8555
12301,39.6067
12302,42.5219
12303,38.0043
12304,40.2701
12305,40.8335
12306,41.2981
12307,40.0791
12308,38.7611
12309,38.8641
12310,39.9396
12311,37.5775
12312,39.9535
12313,39.0095
12314,42.4769
12315,41.673
12316,39.7611
12317,39.2005
12318,42.5843
12319,40.8829
12320,38.9294
12321,41.3315
12322,42.5563
12323,37.6615
12324,39.4755
12325,40.7386
12326,37.2503
12327,41.2996
12328,39.1973
12329,41.6447
12330,39.6531
12331,40.9919
12332,42.0906
12333,40.47
12334,42.0412
12335,41.2126
12336,39.7854
12337,37.9977
12338,42.1818
12339,39.6581
12340,39.7412
12341,38.9147
12342,37.2136
12343,37.4175
12344,40.7016
12345,39.972
12346,41.4353
12347,40.9491
12348,36.0311
12349,35.9847
12350,35.6412
12351,42.066
12352,38.4397
12353,36.8689
12354,38.0144
12355,39.3872
12356,35.9294
12357,39.2248
12358,38.5706
12359,41.9074
12360,40.997
12361,41.011
12362,39.8046
12363,37.0533
12364,37.299
12365,37.8624
12366,36.3868
12367,40.5142
12368,39.5689
12369,39.1594
12370,37.696
12371,41.726
12372,37.9783
12373,36.3677
12374,43.4614
12375,40.5833
12376,39.5284
12377,40.1128
12378,40.7073
12379,41.7725
12380,37.7503
12381,39.1494
12382,41.3713
12383,36.6379
12384,37.7737
12385,39.9312
12386,42.0119
12387,39.3069
12388,40.9989
12389,40.9087
12390,38.4328
12391,38.4637
12392,39.7392
12393,39.8225
12394,42.1524
12395,42.5308
12396,40.0823
12397,41.2702
12398,41.5315
12399,35.8408
12400,42.22
12401,39.354
12402,42.8774
12403,36.2519
12404,45.3816
12405,42.4284
12406,43.453
12407,41.0845
12408,43.4938
12409,41.5299
12410,40.6854
12411,37.8208
12412,36.797
12413,40.4178
12414,41.869
12415,38.9965
12416,38.227
12417,38.6057
12418,39.1498
12419,41.4107
12420,41.5472
12421,41.5689
12422,41.6501
12423,41.6789
12424,40.148
12425,42.3163
12426,42.3414
12427,42.4221
12428,41.031
12429,38.1087
12430,40.2146
12431,39.9841
12432,40.8147
12433,42.2992
12434,41.5931
12435,38.6409
12436,39.8375
12437,38.559
12438,40.7254
12439,39.8799
12440,37.8903
12441,36.0021
12442,37.2237
12443,39.0311
12444,37.4277
12445,38.8889
12446,38.9664
12447,40.4024
12448,37.3695
12449,43.2646
12450,38.0324
12451,40.1328
12452,36.2662
12453,36.6789
12454,39.9559
12455,40.2701
12456,41.37
12457,42.0374
12458,40.2283
12459,40.2372
12460,40.2456
12461,41.516
12462,40.5638
12463,42.8524
12464,40.8809
12465,38.8894
12466,40.8978
12467,39.1327
12468,41.2269
12469,40.3565
12470,42.2378
12471,40.7038
12472,43.7312
12473,40.8457
12474,42.6593
12475,40.5612
12476,42.3228
12477,42.5356
12478,38.6145
12479,38.0973
12480,44.9302
12481,39.5823
12482,40.6944
12483,39.8352
12484,41.2754
12485,38.7245
12486,35.8869
12487,37.8957
12488,42.5065
12489,37.8063
12490,42.8413
12491,39.2057
12492,39.5419
12493,39.6196
12494,39.6739
12495,40.7429
12496,41.8499
12497,40.7455
12498,33.8878
12499,44.0971
12500,38.8923
12501,37.1491
12502,39.9071
12503,40.9271
12504,37.9488
12505,38.0979
12506,40.9829
12507,39.0595
12508,39.1723
12509,40.2441
12510,39.6108
12511,39.7453
12512,38.1428
12513,41.1872
12514,38.6511
12515,41.6722
12516,37.899
12517,39.1908
12518,39.3113
12519,37.9303
12520,40.119
12521,41.9177
12522,41.9612
12523,41.5519
12524,42.2243
12525,38.987
12526,37.707
12527,35.9017
12528,38.2237
12529,38.4231
12530,39.2522
12531,40.3036
12532,39.5126
12533,40.9113
12534,41.663
12535,41.7915
12536,42.4124
12537,40.5283
12538,41.6158
12539,41.7226
12540,42.9521
12541,38.2698
12542,41.8691
12543,39.9002
12544,40.1325
12545,38.4493
12546,38.466
12547,40.6995
12548,43.8713
12549,36.9099
12550,37.0156
12551,38.0849
12552,39.235
12553,43.3293
12554,43.339
12555,43.3993
12556,39.5489
12557,42.7649
12558,41.9433
12559,39.9975
12560,40.8398
12561,41.0515
12562,43.1376
12563,42.2021
12564,41.2343
12565,40.3569
12566,42.2456
12567,37.6747
12568,42.8047
12569,38.9735
12570,35.713
12571,40.6303
12572,34.9367
12573,36.3681
12574,37.4531
12575,39.2497
12576,39.145
12577,39.5494
12578,40.5035
12579,37.6083
12580,41.1623
12581,40.1766
12582,41.4162
12583,41.4831
12584,41.1936
12585,39.4641
12586,39.6179
12587,39.7659
12588,40.4169
12589,40.4429
12590,40.6993
12591,42.1428
12592,39.7354
12593,39.4936
12594,37.9395
12595,38.1335
12596,38.6569
12597,37.8882
12598,38.9474
12599,40.9038
12600,42.1986
12601,40.4535
12602,36.5072
12603,37.2362
12604,37.8613
12605,37.9875
12606,39.1575
12607,37.4629
12608,41.0244
12609,38.2063
12610,40.8255
12611,42.7157
12612,40.5351
12613,36.7223
12614,37.8086
12615,35.239
12616,38.2743
12617,42.4923
12618,38.8676
12619,42.0036
12620,39.1393
12621,40.2931
12622,45.4069
12623,39.4162
12624,40.4299
12625,35.8058
12626,41.2619
12627,44.5339
12628,43.0074
12629,40.0085
12630,38.5648
12631,39.2254
12632,39.2496
12633,39.4446
12634,40.8411
12635,41.1698
12636,38.4232
12637,38.8528
12638,42.8197
12639,42.0333
12640,40.9598
12641,44.5685
12642,40.1624
12643,44.2017
12644,36.3313
12645,38.0845
12646,44.4667
12647,39.866
12648,36.3192
12649,37.0242
12650,37.3543
12651,40.1595
12652,38.325
12653,36.4995
12654,39.9581
12655,40.0788
12656,36.1512
12657,42.6795
12658,41.9317
12659,41.0445
12660,40.9529
12661,40.5366
12662,38.9781
12663,40.2588
12664,40.9484
12665,38.9592
12666,35.6957
12667,40.0281
12668,40.0429
12669,41.4111
12670,41.426
12671,42.7058
12672,39.7317
12673,41.3405
12674,37.7055
12675,41.0342
12676,37.832
12677,42.053
12678,42.2827
12679,38.6819
12680,43.5005
12681,34.0373
12682,40.3242
12683,39.3819
12684,40.7242
12685,40.8572
12686,41.063
12687,41.3652
12688,38.5304
12689,38.7776
12690,40.8
12691,41.2179
12692,39.2925
12693,39.3407
12694,39.3987
12695,40.0247
12696,42.0463
12697,40.4666
12698,39.6746
12699,40.7119
12700,40.1851
12701,40.1981
12702,43.5369
12703,36.7318
12704,41.8107
12705,41.5315
12706,42.6104
12707,42.2302
12708,43.4436
12709,36.7005
12710,36.8375
12711,37.5324
12712,39.6349
12713,41.617
12714,41.6393
12715,40.4203
12716,41.5422
12717,39.4231
12718,37.9432
12719,43.4865
12720,37.721
12721,39.7533
12722,40.5195
12723,39.0794
12724,39.399
12725,40.0015
12726,37.2808
12727,37.4278
12728,38.4738
12729,39.2022
12730,39.3045
12731,36.4819
12732,41.6271
12733,41.6472
12734,37.1192
12735,41.1624
12736,38.6277
12737,35.9513
12738,38.9987
12739,41.1673
12740,39.5249
12741,41.7871
12742,41.4642
12743,40.6221
12744,38.0599
12745,41.9408
12746,39.5584
12747,41.6442
12748,39.7266
12749,40.2007
12750,36.3547
12751,37.4106
12752,43.8827
12753,41.7889
12754,42.6153
12755,40.7929
12756,37.4089
12757,40.4665
12758,39.5433
12759,39.0388
12760,36.6799
12761,37.0484
12762,42.9835
12763,40.1948
12764,39.875
12765,39.04
12766,39.2809
12767,39.3694
12768,39.609
12769,39.7981
12770,43.1366
12771,38.5531
12772,43.179
12773,38.4615
12774,38.2181
12775,37.5151
12776,43.6543
12777,39.7361
12778,39.8664
12779,40.5224
12780,40.7301
12781,35.8186
12782,41.3878
12783,41.7316
12784,36.9039
12785,39.6758
12786,38.5742
12787,40.0116
12788,38.1154
12789,39.8467
12790,40.2135
12791,39.4747
12792,37.5437
12793,41.8157
12794,40.9328
12795,42.1123
12796,38.2441
12797,44.8619
12798,36.6212
12799,37.0528
12800,39.5334
12801,39.6621
12802,38.6851
12803,40.158
12804,37.3085
12805,39.6973
12806,40.1106
12807,40.76
12808,39.831
12809,42.0829
12810,41.8284
12811,41.9346
12812,41.052
12813,41.4212
12814,41.4898
12815,42.9573
12816,42.2102
12817,40.29
12818,39.9617
12819,40.6923
12820,42.2057
12821,41.8695
12822,39.444
12823,40.9325
12824,39.1077
12825,41.1161
12826,37.3194
12827,39.0979
12828,39.6397
12829,36.9654
12830,40.1942
12831,39.2122
12832,38.9407
12833,41.3507
12834,39.9567
12835,39.407
12836,39.5916
12837,34.6
12838,39.9204
12839,40.9288
12840,42.4853
12841,43.5957
12842,35.6687
12843,40.4134
12844,39.6225
12845,38.2991
12846,39.3145
12847,40.4186
12848,38.4572
12849,37.879
12850,42.7903
12851,41.9087
12852,37.3529
12853,42.0041
12854,38.9617
12855,41.8732
12856,40.6119
12857,42.8718
12858,40.3627
12859,40.2309
12860,39.6449
12861,39.2235
12862,41.5008
12863,42.1401
12864,37.2983
12865,35.9293
12866,40.3565
12867,40.6654
12868,37.9266
12869,40.1947
12870,38.4238
12871,36.8116
12872,41.3864
12873,40.2303
12874,38.8941
12875,38.9252
12876,41.4841
12877,35.5445
12878,41.0204
12879,39.3392
12880,39.6442
12881,40.107
12882,42.2874
12883,40.3894
12884,40.6904
12885,40.79
12886,41.1081
12887,41.4621
12888,39.1184
12889,36.1103
12890,37.7757
12891,37.825
12892,39.8402
12893,43.2365
12894,38.9186
12895,35.9271
12896,39.1918
12897,39.6564
12898,40.3844
12899,37.0164
12900,39.0686
12901,39.1081
12902,39.7489
12903,40.183
12904,40.3315
12905,41.6415
12906,42.2282
12907,42.248
12908,40.6579
12909,43.7207
12910,42.5931
12911,40.7925
12912,35.8168
12913,39.3315
12914,38.6989
12915,37.0686
12916,39.1215
12917,41.2504
12918,41.4954
12919,42.7545
12920,40.2002
12921,39.2176
12922,39.6264
12923,41.5903
12924,40.9165
12925,41.0926
12926,38.6341
12927,36.2974
12928,36.8957
12929,40.9675
12930,39.3079
12931,40.4555
12932,39.521
12933,42.5465
12934,40.6517
12935,40.8579
12936,39.1787
12937,40.2723
12938,39.6793
12939,36.8012
12940,38.8369
12941,39.9648
12942,40.7872
12943,37.8996
12944,38.9405
12945,38.0945
12946,41.1423
12947,38.3839
12948,40.5348
12949,41.8811
12950,38.9357
12951,42.0832
12952,42.3147
12953,40.3231
12954,38.5219
12955,42.426
12956,38.0161
12957,39.5483
12958,39.2676
12959,41.7197
12960,37.8858
12961,37.3393
12962,40.5524
12963,38.6021
12964,40.0162
12965,39.8276
12966,37.358
12967,36.828
12968,40.7284
12969,41.2436
12970,40.4355
12971,38.0072
12972,40.298
12973,40.2834
12974,36.0526
12975,40.4034
12976,38.7082
12977,37.7551
12978,40.4494
12979,40.5507
12980,41.0318
12981,36.8575
12982,38.1882
12983,40.3297
12984,40.8177
12985,36.9409
12986,41.6327
12987,35.6691
12988,42.7111
12989,38.0418
12990,40.2513
12991,42.4519
12992,39.9808
12993,41.2224
12994,34.4555
12995,40.7444
12996,40.7816
12997,41.8215
12998,43.5926
12999,38.2063
13000,41.2659
13001,40.0344
13002,38.7556
13003,38.4074
13004,39.1076
13005,42.6262
13006,39.7194
13007,39.7285
13008,39.7369
13009,40.8844
13010,41.3991
13011,39.7828
13012,34.9013
13013,38.4213
13014,38.8366
13015,37.9831
13016,40.7662
13017,40.5265
13018,41.8469
13019,40.2674
13020,38.1969
13021,41.0776
13022,33.7716
13023,43.1372
13024,42.639
13025,42.6307
13026,38.4141
13027,40.7128
13028,38.716
13029,41.6969
13030,39.0174
13031,40.0535
13032,40.124
13033,40.8923
13034,43.0072
13035,42.065
13036,43.4799
13037,37.7259
13038,41.1267
13039,39.2945
13040,37.6608
13041,43.8925
13042,40.3975
13043,43.0716
13044,43.8292
13045,39.9159
13046,38.3429
13047,38.5667
13048,38.0638
13049,42.2419
13050,38.9877
13051,38.8739
13052,41.1788
13053,34.2878
13054,38.7723
13055,43.4227
13056,37.1292
13057,43.2635
13058,38.8056
13059,36.0995
13060,39.2172
13061,39.6066
13062,39.6559
13063,39.9879
13064,41.6046
13065,36.9507
13066,42.4204
13067,39.3108
13068,41.7098
13069,41.9256
13070,42.5478
13071,41.6816
13072,42.9977
13073,39.8692
13074,37.4112
13075,37.8703
13076,37.8918
13077,35.1374
13078,39.5093
13079,39.9136
13080,38.1257
13081,41.472
13082,42.6436
13083,41.0893
13084,42.4279
13085,42.5065
13086,36.8135
13087,39.8548
13088,40.1737
13089,40.1093
13090,35.8015
13091,35.1813
13092,37.216
13093,39.2592
13094,39.2149
13095,38.3625
13096,40.3845
13097,36.8292
13098,41.041
13099,39.4422
13100,36.0651
13101,37.0872
13102,39.113
13103,40.2178
13104,41.8425
13105,40.8666
13106,39.2345
13107,42.6451
13108,39.697
13109,35.8812
13110,42.1026
13111,37.1268
13112,39.2416
13113,39.2835
13114,43.36
13115,39.6176
13116,39.7119
13117,37.7276
13118,39.7598
13119,40.1972
13120,41.2056
13121,40.306
13122,40.4003
13123,40.717
13124,40.9045
13125,39.0772
13126,41.2085
13127,41.5284
13128,41.4071
13129,37.4156
13130,42.6012
13131,38.6286
13132,40.1099
13133,39.2652
13134,41.2799
13135,38.9733
13136,40.7062
13137,42.7595
13138,39.0679
13139,42.2113
13140,41.3839
13141,39.9449
13142,40.3568
13143,40.8861
13144,41.2772
13145,40.7152
13146,39.2693
13147,39.1627
13148,43.4777
13149,42.9534
13150,35.1716
13151,35.3068
13152,40.174
13153,40.2501
13154,40.4475
13155,41.2276
13156,41.422
13157,41.7048
13158,42.0018
13159,42.7696
13160,36.9241
13161,40.3654
13162,39.6308
13163,38.9683
13164,40.1155
13165,41.4822
13166,37.2462
13167,37.4226
13168,43.9096
13169,41.7734
13170,40.9913
13171,37.636
13172,40.1032
13173,39.4256
13174,39.6847
13175,39.7609
13176,40.313
13177,41.3215
13178,40.8375
13179,37.4637
13180,41.5001
13181,42.5292
13182,43.2894
13183,39.5752
13184,39.0024
13185,37.0108
13186,39.2915
13187,38.3529
13188,35.3027
13189,38.6196
13190,41.9765
13191,40.0066
13192,36.3942
13193,40.5427
13194,38.744
13195,39.7383
13196,36.5388
13197,40.6207
13198,42.4921
13199,42.3464
13200,39.6339
13201,40.7056
13202,43.8324
13203,36.0514
13204,37.7748
13205,37.5881
13206,38.4243
13207,38.8856
13208,43.7064
13209,38.5224
13210,38.9793
13211,41.531
13212,41.9462
13213,42.2288
13214,36.5698
13215,39.0411
13216,39.6147
13217,40.0044
13218,41.878
13219,40.0735
13220,39.0932
13221,42.4369
13222,37.9376
13223,40.8316
13224,41.1609
13225,44.2763
13226,42.1937
13227,37.7204
13228,43.048
13229,37.8365
13230,41.4755
13231,38.7392
13232,42.0949
13233,38.4662
13234,43.6053
13235,39.0798
13236,40.3075
13237,39.9642
13238,35.2958
13239,42.8677
13240,43.2812
13241,41.4642
13242,37.3751
13243,37.9517
13244,42.9197
13245,39.0641
13246,39.7413
13247,40.4003
13248,38.389
13249,41.6878
13250,40.8989
13251,36.0406
13252,40.4646
13253,36.8539
13254,36.2845
13255,36.4541
13256,39.0229
13257,39.2218
13258,38.6855
13259,41.766
13260,39.7745
13261,39.4215
13262,36.8822
13263,40.9957
13264,41.2732
13265,40.3384
13266,41.3595
13267,40.1922
13268,41.2033
13269,42.6891
13270,39.3591
13271,36.9481
13272,38.8903
13273,37.442
13274,40.763
13275,41.4379
13276,41.9303
13277,42.0294
13278,39.4767
13279,40.7952
13280,37.9629
13281,40.633
13282,41.2029
13283,41.3858
13284,34.9035
13285,41.9852
13286,35.106
13287,42.5412
13288,39.5638
13289,42.6607
13290,40.7601
13291,41.2435
13292,37.8051
13293,37.9403
13294,38.3139
13295,38.3224
13296,41.3908
13297,40.0269
13298,40.2794
13299,42.3713
13300,41.4742
13301,41.9666
13302,42.6565
13303,41.7014
13304,37.3579
13305,39.0943
13306,37.2881
13307,41.4111
13308,39.5493
13309,37.5601
13310,39.8037
13311,36.8446
13312,39.2314
13313,38.415
13314,37.8977
13315,38.0726
13316,37.2969
13317,40.3937
13318,38.3259
13319,41.0019
13320,43.5634
13321,42.7913
13322,37.6825
13323,37.2946
13324,40.476
13325,41.5179
13326,36.9689
13327,35.6418
13328,38.707
13329,40.7708
13330,38.889
13331,35.9619
13332,38.8668
13333,44.9258
13334,40.337
13335,43.775
13336,38.0917
13337,41.1622
13338,37.6357
13339,37.6508
13340,37.6661
13341,38.7318
13342,39.1061
13343,41.7911
13344,40.5113
13345,42.8402
13346,40.1252
13347,38.4254
13348,41.5373
13349,40.5706
13350,38.0812
13351,41.9362
13352,38.9716
13353,39.1817
13354,37.1874
13355,35.0176
13356,39.3296
13357,39.4681
13358,36.0614
13359,40.4189
13360,40.9602
13361,42.2257
13362,39.0351
13363,42.222
13364,39.446
13365,40.5726
13366,35.7649
13367,42.1512
13368,40.0354
13369,40.9742
13370,39.2723
13371,39.7293
13372,35.9657
13373,41.5
13374,41.1428
13375,42.4126
13376,43.5605
13377,38.5689
13378,35.5531
13379,40.2397
13380,36.6739
13381,39.9207
13382,40.1023
13383,38.2637
13384,43.0764
13385,37.2228
13386,40.1265
13387,37.621
13388,38.4157
13389,42.2663
13390,39.7602
13391,42.8379
13392,41.1852
13393,40.424
13394,41.151
13395,41.2114
13396,39.259
13397,41.4937
13398,41.9534
13399,40.512
13400,40.9238
13401,42.5363
13402,41.7601
13403,42.776
13404,40.494
13405,42.0764
13406,38.3556
13407,36.1635
13408,43.7366
13409,37.4383
13410,39.9244
13411,38.9333
13412,38.1352
13413,37.1475
13414,36.3487
13415,38.8415
13416,35.9346
13417,39.9431
13418,42.2852
13419,40.5198
13420,39.7959
13421,36.8864
13422,43.1451
13423,39.6944
13424,39.8209
13425,41.1752
13426,40.4641
13427,40.7831
13428,37.827
13429,38.31
13430,41.6786
13431,41.6871
13432,42.1834
13433,40.3518
13434,34.9668
13435,40.0507
13436,42.6007
13437,40.2337
13438,40.295
13439,40.7004
13440,40.9139
13441,41.93
13442,41.5569
13443,42.9218
13444,39.2734
13445,39.3296
13446,39.3748
13447,39.5553
13448,40.6546
13449,37.6799
13450,40.7698
13451,40.7782
13452,40.7974
13453,38.8086
13454,37.7939
13455,39.8606
13456,38.1561
13457,38.7663
13458,42.973
13459,38.9935
13460,42.1201
13461,40.5402
13462,40.9014
13463,42.2362
13464,42.4706
13465,42.8118
13466,36.3469
13467,35.3554
13468,36.8238
13469,37.3968
13470,37.4692
13471,39.3038
13472,38.6517
13473,39.0701
13474,39.9065
13475,40.2409
13476,40.3379
13477,40.7201
13478,38.2156
13479,39.4621
13480,42.5892
13481,41.7939
13482,34.0126
13483,42.3024
13484,38.7024
13485,40.7611
13486,41.2755
13487,40.3115
13488,35.4342
13489,40.0667
13490,41.2392
13491,39.5131
13492,42.6548
13493,36.9818
13494,38.3537
13495,40.3272
13496,39.5129
13497,39.8328
13498,41.2263
13499,40.5702
13500,41.6713
13501,41.6797
13502,39.0506
13503,37.4408
13504,39.0544
13505,36.8189
13506,45.0997
13507,40.962
13508,39.2772
13509,37.672
13510,38.9385
13511,41.1977
13512,40.373
13513,40.0014
13514,42.042
13515,39.7978
13516,42.486
13517,39.2393
13518,41.391
13519,45.6998
13520,43.1994
13521,39.568
13522,38.1097
13523,38.4881
13524,37.5639
13525,42.111
13526,38.4503
13527,37.4715
13528,39.9283
13529,41.3507
13530,40.7684
13531,38.78
13532,39.3367
13533,40.6428
13534,41.1074
13535,44.326
13536,41.6717
13537,34.7778
13538,40.5303
13539,36.4367
13540,35.9344
13541,42.2739
13542,38.7102
13543,43.3681
13544,39.5297
13545,40.4261
13546,39.3186
13547,41.7677
13548,43.4243
13549,39.5584
13550,41.6027
13551,36.2548
13552,36.8818
13553,37.4486
13554,34.8383
13555,40.0043
13556,38.2277
13557,38.906
13558,41.1647
13559,42.2052
13560,42.0249
13561,37.1694
13562,40.3631
13563,39.6776
13564,35.9672
13565,39.0365
13566,41.1448
13567,37.1994
13568,37.4854
13569,42.6464
13570,40.7289
13571,43.1338
13572,38.2397
13573,38.2674
13574,38.8604
13575,37.6632
13576,40.0463
13577,40.8582
13578,40.9508
13579,41.0959
13580,37.1863
13581,41.413
13582,37.68
13583,42.3159
13584,39.3171
13585,39.667
13586,40.0591
13587,40.6784
13588,44.6975
13589,43.2893
13590,38.6982
13591,39.0927
13592,38.6139
13593,34.1052
13594,39.7001
13595,39.7085
13596,39.9004
13597,38.552
13598,40.7009
13599,39.8947
13600,36.0003
13601,43.2952
13602,45.7915
13603,38.0988
13604,39.9161
13605,40.1813
13606,35.8102
13607,39.2543
13608,41.3758
13609,41.5708
13610,40.559
13611,40.593
13612,40.9772
13613,36.7102
13614,38.4383
13615,38.4486
13616,40.2753
13617,39.6849
13618,41.7088
13619,38.947
13620,39.2429
13621,39.8509
13622,44.144
13623,37.0132
13624,42.4076
13625,40.5847
13626,43.6264
13627,37.7701
13628,41.296
13629,39.6214
13630,39.7144
13631,36.1776
13632,38.7675
13633,40.6433
13634,41.5366
13635,38.862
13636,40.1446
13637,43.2131
13638,39.2652
13639,36.8737
13640,35.9583
13641,37.0486
13642,40.5562
13643,40.645
13644,43.6534
13645,37.7545
13646,41.1077
13647,43.1945
13648,39.7354
13649,39.941
13650,40.0562
13651,44.3644
13652,39.9792
13653,40.2675
13654,39.3042
13655,42.6749
13656,37.7261
13657,39.3277
13658,39.3454
13659,40.463
13660,40.8442
13661,42.971
13662,42.0263
13663,40.035
13664,41.1347
13665,42.3883
13666,38.8179
13667,42.1397
13668,44.2716
13669,36.3439
13670,42.975
13671,41.1384
13672,38.4579
13673,44.16
13674,41.1164
13675,39.5174
13676,40.3051
13677,39.7729
13678,41.7719
13679,39.3162
13680,38.7962
13681,37.6134
13682,36.7693
13683,37.1098
13684,38.2212
13685,38.6552
13686,40.2408
13687,39.2802
13688,41.0321
13689,42.108
13690,37.3493
13691,40.8377
13692,41.1726
13693,37.2245
13694,41.26
13695,40.9063
13696,42.0485
13697,38.4522
13698,43.2324
13699,39.7007
13700,36.9167
13701,36.0585
13702,40.1929
13703,36.457
13704,40.7551
13705,38.8623
13706,39.1535
13707,38.1029
13708,37.4308
13709,37.9185
13710,36.0101
13711,41.0661
13712,38.5471
13713,40.749
13714,38.1645
13715,38.4236
13716,38.6367
13717,40.1322
13718,41.209
13719,41.2965
13720,40.6957
13721,36.9146
13722,40.9354
13723,43.045
13724,35.4123
13725,38.9174
13726,40.9328
13727,42.1566
13728,41.2704
13729,39.6631
13730,39.6082
13731,36.8792
13732,40.0081
13733,39.2948
13734,40.9247
13735,43.0167
13736,40.1284
13737,40.675
13738,40.3069
13739,38.8862
13740,38.8801
13741,36.4341
13742,40.5627
13743,41.7753
13744,40.1171
13745,42.7008
13746,43.7152
13747,43.5794
13748,42.3256
13749,42.3854
13750,38.7332
13751,39.8683
13752,40.1932
13753,40.5235
13754,33.2095
13755,36.4488
13756,36.1082
13757,38.3548
13758,38.93
13759,39.0293
13760,40.3351
13761,38.4419
13762,41.3393
13763,41.0777
13764,40.1887
13765,40.2263
13766,41.1343
13767,37.5884
13768,40.6415
13769,41.6675
13770,37.6789
13771,37.8565
13772,39.9984
13773,40.6991
13774,38.8315
13775,38.0748
13776,39.4425
13777,39.8616
13778,39.8701
13779,40.0994
13780,37.3296
13781,41.3351
13782,42.0081
13783,41.1491
13784,36.4843
13785,42.3647
13786,46.4834
13787,41.2828
13788,38.099
13789,40.2719
13790,41.8956
13791,41.7947
13792,39.9535
13793,38.7422
13794,40.7602
13795,41.7687
13796,37.166
13797,38.8553
13798,38.2363
13799,40.9263
13800,40.1931
13801,40.2301
13802,36.5992
13803,37.0765
13804,42.1232
13805,41.365
13806,38.3746
13807,39.7148
13808,41.7235
13809,41.03
13810,41.1961
13811,40.9073
13812,40.9317
13813,36.8188
13814,38.9296
13815,41.845
13816,38.9416
13817,38.0904
13818,39.5183
13819,44.8562
13820,39.1148
13821,39.4571
13822,40.1051
13823,40.1529
13824,40.4846
13825,41.6607
13826,44.0206
13827,39.5424
13828,41.5508
13829,41.2306
13830,43.5753
13831,42.1574
13832,42.1722
13833,36.9924
13834,38.7125
13835,36.8826
13836,38.3085
13837,39.4547
13838,38.4806
13839,36.3268
13840,40.096
13841,40.2358
13842,38.2927
13843,41.3358
13844,38.4841
13845,38.0499
13846,40.1003
13847,40.1602
13848,37.3683
13849,36.8485
13850,36.8754
13851,36.9218
13852,39.2046
13853,38.218
13854,38.5131
13855,45.5303
13856,39.8021
13857,38.8284
13858,37.9845
13859,38.0878
13860,39.8956
13861,41.0487
13862,41.3153
13863,41.4839
13864,39.9941
13865,38.5952
13866,40.181
13867,38.4236
13868,40.3093
13869,36.3296
13870,39.2749
13871,40.0018
13872,41.277
13873,42.8777
13874,38.0805
13875,37.9578
13876,39.0045
13877,41.5585
13878,38.6229
13879,39.9242
13880,40.6906
13881,40.9613
13882,38.0713
13883,41.4904
13884,41.7559
13885,38.8367
13886,41.1073
13887,39.1153
13888,39.1648
13889,41.9588
13890,40.7697
13891,39.9486
13892,40.2336
13893,40.822
13894,41.6191
13895,39.0003
13896,41.3626
13897,41.2719
13898,37.347
13899,43.9158
13900,38.6792
13901,39.7228
13902,41.2339
13903,39.8573
13904,37.8658
13905,40.1013
13906,41.1897
13907,38.5596
13908,41.8675
13909,42.7021
13910,41.7731
13911,38.8811
13912,38.1622
13913,42.9696
13914,39.0553
13915,43.2199
13916,38.5291
13917,38.566
13918,40.9172
13919,39.1537
13920,39.4799
13921,38.6819
13922,37.4599
13923,39.5503
13924,42.1895
13925,40.2082
13926,40.7172
13927,37.9158
13928,38.0834
13929,39.1828
13930,38.2326
13931,33.5857
13932,39.7677
13933,36.092
13934,39.4001
13935,39.4085
13936,38.5758
13937,43.6162
13938,37.7752
13939,40.9514
13940,42.2383
13941,39.3656
13942,38.924
13943,40.1926
13944,41.2528
13945,37.548
13946,38.8655
13947,41.4442
13948,41.5505
13949,41.6692
13950,36.6146
13951,38.4986
13952,42.2124
13953,36.2923
13954,42.7683
13955,39.3902
13956,37.5072
13957,40.8315
13958,42.2224
13959,39.956
13960,39.9976
13961,41.1677
13962,37.2533
13963,42.0942
13964,40.1901
13965,39.3014
13966,42.7325
13967,42.5341
13968,40.6605
13969,39.9618
13970,39.0102
13971,40.1015
13972,37.8342
13973,39.4574
13974,35.5631
13975,40.0616
13976,41.1114
13977,37.8513
13978,42.412
13979,37.9191
13980,39.0919
13981,39.1353
13982,39.1438
13983,40.3422
13984,40.539
13985,41.7619
13986,36.7349
13987,39.1486
13988,43.2402
13989,38.2486
13990,39.0252
13991,39.1112
13992,36.4583
13993,37.9141
13994,42.0155
13995,37.3106
13996,40.3765
13997,40.7156
13998,38.2584
13999,40.2668
14000,43.0306
14001,41.5612
14002,43.0872
14003,38.2644
14004,40.5498
14005,39.4088
14006,36.4686
14007,40.516
14008,37.8986
14009,41.6563
14010,40.7561
14011,41.1502
14012,37.253
14013,40.6164
14014,41.5118
14015,42.5705
14016,42.2324
14017,39.573
14018,43.2035
14019,42.0286
14020,44.2387
14021,44.5197
14022,40.8382
14023,40.6495
14024,41.9215
14025,36.966
14026,36.7865
14027,37.8254
14028,41.0763
14029,41.4975
14030,41.8131
14031,37.6929
14032,43.0315
14033,41.0732
14034,38.7461
14035,37.8668
14036,39.983
14037,39.0926
14038,39.1951
14039,40.3315
14040,38.4918
14041,37.2278
14042,40.6704
14043,37.763
14044,38.9627
14045,40.1616
14046,40.6918
14047,39.1609
14048,42.346
14049,39.3924
14050,42.5991
14051,40.8136
14052,37.8522
14053,43.0079
14054,43.6066
14055,37.7033
14056,39.8109
14057,40.3036
14058,38.4059
14059,41.0501
14060,41.2444
14061,38.7834
14062,39.9668
14063,42.0379
14064,39.5693
14065,40.0566
14066,41.3645
14067,42.2688
14068,38.7493
14069,37.0494
14070,42.3239
14071,36.4503
14072,39.4591
14073,39.515
14074,38.6583
14075,42.0528
14076,40.347
14077,40.2228
14078,41.6571
14079,39.1846
14080,39.3273
14081,39.723
14082,40.8519
14083,39.8666
14084,41.8291
14085,39.9455
14086,41.191
14087,39.4231
14088,41.4496
14089,41.8248
14090,38.2623
14091,38.1298
14092,40.4526
14093,41.2959
14094,39.3669
14095,42.6069
14096,38.9453
14097,40.6005
14098,41.8198
14099,40.7868
14100,41.9651
14101,37.6409
14102,41.2165
14103,38.7413
14104,37.9946
14105,38.9502
14106,39.2568
14107,41.4427
14108,37.5256
14109,41.6611
14110,41.2558
14111,39.5165
14112,42.318
14113,39.2281
14114,38.4361
14115,39.5202
14116,44.3692
14117,39.7179
14118,40.7334
14119,37.8975
14120,40.1874
14121,39.3209
14122,39.3616
14123,40.9285
14124,39.6466
14125,38.9034
14126,38.2303
14127,42.4263
14128,42.7006
14129,40.1517
14130,38.1922
14131,41.293
14132,42.3566
14133,39.664
14134,39.3907
14135,41.5945
14136,38.3279
14137,41.2233
14138,41.286
14139,40.5215
14140,38.6162
14141,37.302
14142,38.0608
14143,39.2759
14144,39.139
14145,42.5507
14146,37.9186
14147,41.0499
14148,36.9272
14149,37.3933
14150,42.4574
14151,36.8206
14152,34.5239
14153,38.7766
14154,38.5214
14155,39.6233
14156,40.3866
14157,38.395
14158,42.4035
14159,40.4545
14160,39.9855
14161,40.0291
14162,37.1461
14163,39.1553
14164,42.1621
14165,42.3836
14166,41.2597
14167,40.7911
14168,41.0102
14169,41.1063
14170,41.4041
14171,39.9284
14172,41.0871
14173,41.1451
14174,37.1796
14175,37.2618
14176,35.3989
14177,37.9006
14178,41.2143
14179,38.7356
14180,42.744
14181,41.783
14182,39.2392
14183,41.9395
14184,40.3594
14185,40.4746
14186,40.5972
14187,39.1818
14188,41.3418
14189,44.7104
14190,37.5594
14191,38.3406
14192,36.628
14193,43.9548
14194,39.4691
14195,40.552
14196,42.9341
14197,39.9444
14198,43.4235
14199,39.6945
14200,36.9191
14201,38.974
14202,37.8188
14203,41.5437
14204,37.5967
14205,42.7626
14206,38.2241
14207,40.3696
14208,40.3876
14209,40.4992
14210,34.7254
14211,42.9689
14212,43.8447
14213,39.4489
14214,40.8274
14215,37.3929
14216,36.61
14217,38.883
14218,39.8914
14219,38.0872
14220,37.3033
14221,41.3258
14222,42.554
14223,39.6718
14224,39.071
14225,39.1825
14226,40.5656
14227,40.6904
14228,42.712
14229,36.0673
14230,40.2894
14231,41.352
14232,39.3894
14233,41.793
14234,41.9813
14235,35.0508
14236,38.3821
14237,43.4307
14238,37.2968
14239,41.0138
14240,41.0721
14241,38.1299
14242,39.5983
14243,40.6943
14244,39.266
14245,39.546
14246,40.0758
14247,41.4568
14248,41.4652
14249,39.5328
14250,40.7929
14251,38.0863
14252,40.7645
14253,39.1069
14254,42.1894
14255,41.0699
14256,43.1845
14257,39.337
14258,41.9117
14259,40.4195
14260,44.2483
14261,34.7153
14262,40.7497
14263,40.7313
14264,41.8214
14265,39.4133
14266,39.513
14267,42.777
14268,39.884
14269,40.0935
14270,40.1746
14271,38.5378
14272,40.6606
14273,39.7208
14274,44.7749
14275,41.4166
14276,40.1378
14277,41.2087
14278,40.3096
14279,41.7973
14280,39.1544
14281,36.3251
14282,38.821
14283,37.7328
14284,37.8388
14285,39.8792
14286,38.2545
14287,40.4187
14288,41.3391
14289,39.5844
14290,40.6931
14291,39.5652
14292,38.2572
14293,38.5662
14294,42.5961
14295,41.0017
14296,41.0623
14297,39.4331
14298,39.6264
14299,38.3859
14300,38.6349
14301,40.9677
14302,38.5811
14303,38.9789
14304,38.8461
14305,40.2453
14306,39.2538
14307,39.4045
14308,37.8074
14309,41.4567
14310,38.4803
14311,41.899
14312,39.6703
14313,40.9574
14314,36.319
14315,40.6479
14316,44.8079
14317,37.8366
14318,43.0772
14319,42.5714
14320,36.87
14321,38.6534
14322,38.6023
14323,41.9961
14324,44.1974
14325,38.2319
14326,46.8639
14327,40.4903
14328,42.6851
14329,39.0085
14330,42.6742
14331,45.1445
14332,43.2774
14333,35.2993
14334,37.7757
14335,36.1812
14336,40.9484
14337,40.9641
14338,39.5667
14339,38.1409
14340,40.3808
14341,41.9319
14342,40.0474
14343,38.8938
14344,40.9855
14345,37.946
14346,44.287
14347,41.0258
14348,41.2819
14349,41.348
14350,42.9312
14351,38.0427
14352,40.2456
14353,40.9864
14354,41.2528
14355,39.4726
14356,42.6283
14357,40.9326
14358,41.1658
14359,41.1762
14360,40.4236
14361,42.4718
14362,37.236
14363,39.5459
14364,43.6272
14365,38.0007
14366,41.8905
14367,42.3127
14368,38.7424
14369,38.2264
14370,42.4245
14371,40.7285
14372,38.121
14373,37.1699
14374,41.7423
14375,42.3645
14376,38.5848
14377,38.5933
14378,38.6164
14379,40.693
14380,39.7338
14381,40.7467
14382,38.8923
14383,41.1813
14384,39.4082
14385,40.5944
14386,34.6816
14387,40.8434
14388,42.2353
14389,36.6578
14390,42.2496
14391,36.9845
14392,43.6667
14393,38.9807
14394,38.2605
14395,41.1581
14396,35.9153
14397,40.2984
14398,37.7038
14399,37.5248
14400,41.9926
14401,38.2451
14402,44.6758
14403,36.9417
14404,39.2698
14405,39.8487
14406,41.2193
14407,40.3008
14408,37.3268
14409,40.993
14410,38.7595
14411,40.112
14412,38.5609
14413,38.6626
14414,36.2279
14415,42.0293
14416,41.2606
14417,37.3796
14418,37.4917
14419,43.0333
14420,38.8958
14421,39.4091
14422,38.4753
14423,41.969
14424,37.794
14425,38.8449
14426,37.3295
14427,38.4613
14428,40.6078
14429,34.8947
14430,42.2856
14431,38.4162
14432,36.7037
14433,41.6963
14434,37.8569
14435,42.538
14436,38.5658
14437,39.5607
14438,39.7452
14439,40.2328
14440,40.5169
14441,40.6308
14442,40.9114
14443,41.1065
14444,38.3389
14445,38.4509
14446,38.8021
14447,43.4456
14448,42.9642
14449,40.067
14450,40.9392
14451,38.5584
14452,38.6542
14453,43.0651
14454,40.2262
14455,40.4112
14456,40.4592
14457,40.6159
14458,36.0471
14459,42.0796
14460,36.8158
14461,43.1002
14462,43.3405
14463,40.328
14464,38.8393
14465,41.2616
14466,37.2812
14467,41.7047
14468,37.7472
14469,41.1286
14470,39.7497
14471,39.9747
14472,40.2794
14473,43.5083
14474,40.5794
14475,38.6291
14476,38.3753
14477,41.3914
14478,42.9484
14479,40.0733
14480,40.8448
14481,41.1401
14482,44.297
14483,41.3946
14484,44.3126
14485,41.8406
14486,44.9692
14487,38.1966
14488,41.3576
14489,39.4222
14490,38.4933
14491,38.8713
14492,37.8818
14493,40.2851
14494,38.3003
14495,40.4476
14496,40.7785
14497,38.8815
14498,40.9196
14499,39.0635
14500,43.1802
14501,40.3149
14502,40.3233
14503,38.5863
14504,39.8165
14505,39.1664
14506,39.1915
14507,39.3339
14508,38.4572
14509,40.5589
14510,42.7718
14511,38.3558
14512,41.4663
14513,41.8368
14514,38.9584
14515,39.3729
14516,39.5836
14517,38.9237
14518,44.0825
14519,40.1307
14520,42.533
14521,42.8374
14522,40.9035
14523,42.9649
14524,43.8161
14525,37.33
14526,40.7738
14527,41.3388
14528,38.0091
14529,39.2912
14530,36.355
14531,40.705
14532,42.4271
14533,38.4791
14534,43.1964
14535,36.5626
14536,36.504
14537,39.5556
14538,42.3858
14539,39.7677
14540,40.3068
14541,38.5221
14542,42.1813
14543,38.2545
14544,39.4844
14545,39.5496
14546,39.7304
14547,36.2799
14548,43.745
14549,39.2665
14550,40.5049
14551,40.5794
14552,38.6922
14553,40.7944
14554,39.9987
14555,42.11
14556,40.571
14557,40.8152
14558,38.0772
14559,41.4189
14560,42.3423
14561,40.5453
14562,37.6647
14563,40.3541
14564,39.4746
14565,41.7207
14566,41.3627
14567,41.5542
14568,41.689
14569,40.2385
14570,39.417
14571,40.4581
14572,41.9375
14573,38.4244
14574,43.8385
14575,37.4071
14576,39.606
14577,40.467
14578,40.4811
14579,37.8119
14580,40.9918
14581,41.5882
14582,39.0805
14583,42.8385
14584,39.1006
14585,40.161
14586,40.3655
14587,38.7805
14588,39.7011
14589,41.7874
14590,41.9457
14591,40.41
14592,42.653
14593,39.6767
14594,37.7794
14595,40.1101
14596,40.7208
14597,38.2822
14598,39.6161
14599,41.7723
14600,41.2044
14601,42.6368
14602,42.8659
14603,39.9277
14604,39.2754
14605,38.8376
14606,42.0025
14607,38.8737
14608,40.8644
14609,41.4299
14610,38.7327
14611,43.9933
14612,37.5385
14613,40.9235
14614,38.944
14615,39.7778
14616,39.6938
14617,43.0257
14618,43.1437
14619,40.5385
14620,37.5777
14621,43.2146
14622,41.4988
14623,38.7627
14624,39.9746
14625,39.1558
14626,38.288
14627,40.5567
14628,42.8033
14629,40.8662
14630,41.2658
14631,41.2761
14632,36.5938
14633,39.7205
14634,40.7507
14635,38.5384
14636,41.5739
14637,41.6937
14638,41.9056
14639,38.9141
14640,41.0956
14641,39.3485
14642,40.181
14643,40.6277
14644,41.6226
14645,43.7487
14646,41.7944
14647,36.8767
14648,38.8851
14649,39.5477
14650,39.2923
14651,42.3313
14652,39.8809
14653,37.0491
14654,37.4824
14655,42.1405
14656,40.2727
14657,37.8698
14658,35.888
14659,40.693
14660,39.7888
14661,42.2428
14662,39.4198
14663,43.5949
14664,38.9445
14665,39.0813
14666,37.9772
14667,41.4532
14668,45.5632
14669,42.5616
14670,38.9939
14671,40.0418
14672,40.4072
14673,37.4934
14674,41.1218
14675,39.3894
14676,40.2964
14677,40.5414
14678,41.7321
14679,40.8815
14680,42.0646
14681,39.1163
14682,42.2962
14683,44.2289
14684,39.391
14685,39.4839
14686,39.3006
14687,34.5417
14688,40.7187
14689,40.7533
14690,38.8892
14691,39.6402
14692,43.4398
14693,40.9703
14694,41.4874
14695,41.8939
14696,42.185
14697,43.8373
14698,36.8756
14699,38.3634
14700,39.6348
14701,39.5574
14702,43.9237
14703,37.3323
14704,41.4132
14705,39.8701
14706,39.0915
14707,42.4629
14708,40.0019
14709,40.0959
14710,41.2014
14711,42.2605
14712,41.9889
14713,42.429
14714,40.71
14715,41.697
14716,42.243
14717,40.5357
14718,37.8902
14719,37.9196
14720,40.1536
14721,41.2524
14722,43.0864
14723,38.3322
14724,41.3826
14725,42.391
14726,38.4607
14727,42.5121
14728,40.6277
14729,40.7774
14730,38.847
14731,39.5893
14732,37.645
14733,43.9815
14734,39.0653
14735,40.1711
14736,37.5959
14737,43.0507
14738,43.6282
14739,39.5433
14740,39.7216
14741,41.1026
14742,39.8251
14743,40.1918
14744,42.5443
14745,41.68
14746,39.3762
14747,39.4144
14748,34.5127
14749,40.6141
14750,41.5782
14751,40.2262
14752,37.9525
14753,41.2025
14754,38.3481
14755,41.778
14756,40.1512
14757,43.3317
14758,39.8448
14759,39.1458
14760,34.7222
14761,37.7584
14762,41.3667
14763,36.6022
14764,40.9039
14765,41.2174
14766,37.9812
14767,40.9921
14768,39.1922
14769,39.4323
14770,39.822
14771,42.139
14772,39.2775
14773,39.574
14774,40.7527
14775,40.0449
14776,40.6088
14777,42.849
14778,40.5378
14779,36.7263
14780,37.1892
14781,38.2217
14782,38.6778
14783,38.4061
14784,40.7958
14785,36.2841
14786,39.4489
14787,37.008
14788,42.4221
14789,41.3126
14790,41.2285
14791,36.3348
14792,44.8219
14793,43.4061
14794,36.8657
14795,37.8309
14796,37.252
14797,38.7234
14798,38.7318
14799,39.927
14800,42.0138
14801,42.9964
14802,40.3535
14803,37.3552
14804,36.9634
14805,39.145
14806,38.2674
14807,37.8982
14808,44.0432
14809,39.2635
14810,42.576
14811,39.5318
14812,41.0622
14813,41.3339
14814,41.5393
14815,44.9446
14816,42.0222
14817,40.3339
14818,36.5042
14819,38.5963
14820,44.0864
14821,44.1843
14822,39.5081
14823,35.4585
14824,37.5336
14825,39.6313
14826,37.4087
14827,38.4763
14828,38.2714
14829,39.215
14830,39.4974
14831,39.8725
14832,40.2769
14833,40.0685
14834,39.3063
14835,38.9499
14836,37.9302
14837,40.3419
14838,38.6658
14839,40.8816
14840,40.1678
14841,40.2431
14842,40.8331
14843,40.8415
14844,41.9909
14845,41.2661
14846,41.8983
14847,39.98
14848,39.085
14849,40.7987
14850,40.0454
14851,41.5448
14852,39.7682
14853,43.2941
14854,41.8148
14855,43.826
14856,41.2407
14857,41.3655
14858,41.873
14859,37.708
14860,38.0833
14861,39.2951
14862,36.4146
14863,40.7799
14864,37.3494
14865,37.3882
14866,35.3135
14867,38.4272
14868,38.5496
14869,38.7417
14870,35.8902
14871,36.5284
14872,39.7997
14873,38.3249
14874,37.8151
14875,41.2361
14876,41.3325
14877,38.3764
14878,36.4509
14879,41.488
14880,38.6052
14881,41.8183
14882,38.9279
14883,39.9852
14884,40.2216
14885,40.2946
14886,40.3449
14887,43.3553
14888,42.3848
14889,34.4796
14890,40.626
14891,36.5016
14892,38.5228
14893,39.5775
14894,41.6682
14895,40.3822
14896,42.5468
14897,39.6318
14898,40.6509
14899,39.849
14900,40.2281
14901,37.042
14902,41.3318
14903,38.4641
14904,42.0737
14905,39.1529
14906,42.3061
14907,40.9935
14908,44.5907
14909,41.8238
14910,42.0004
14911,40.1728
14912,38.2338
14913,36.6454
14914,39.8686
14915,43.9581
14916,37.9987
14917,38.1891
14918,39.3149
14919,36.6459
14920,39.7556
14921,36.9897
14922,39.2768
14923,39.6532
14924,40.2886
14925,36.4566
14926,37.2675
14927,43.3048
14928,38.2229
14929,44.3957
14930,42.7723
14931,38.8574
14932,39.5167
14933,37.5746
14934,41.6918
14935,38.1576
14936,39.2454
14937,37.9611
14938,41.1727
14939,42.1693
14940,40.8976
14941,37.1857
14942,39.3765
14943,39.2049
14944,38.81
14945,40.8184
14946,39.9811
14947,39.051
14948,39.0724
14949,40.0098
14950,40.0929
14951,41.5053
14952,35.6749
14953,36.187
14954,39.46
14955,40.5896
14956,37.3074
14957,40.6211
14958,39.0859
14959,42.1442
14960,35.7882
14961,41.1097
14962,38.777
14963,42.139
14964,37.6493
14965,39.7796
14966,37.7955
14967,43.1462
14968,40.6591
14969,40.0448
14970,37.7261
14971,42.0806
14972,41.8095
14973,41.8819
14974,37.25
14975,43.3443
14976,38.4158
14977,38.6273
14978,40.0779
14979,38.344
14980,37.6456
14981,39.0785
14982,42.3372
14983,38.464
14984,39.4022
14985,40.4577
14986,40.6632
14987,39.6874
14988,45.865
14989,41.9838
14990,39.9949
14991,42.115
14992,40.227
14993,42.3907
14994,41.8696
14995,43.2312
14996,36.8822
14997,44.2061
14998,38.4961
14999,38.8338
15000,44.8759
15001,36.3227
15002,38.0832
15003,38.2121
15004,40.9817
15005,36.5241
15006,41.1702
15007,38.8702
15008,39.0067
15009,42.2166
15010,42.2501
15011,41.4543
15012,43.6879
15013,41.7139
15014,39.774
15015,39.8436
15016,38.9459
15017,40.1728
15018,41.479
15019,40.8732
15020,41.1579
15021,41.415
15022,38.6461
15023,40.7385
15024,39.7942
15025,42.229
15026,39.2385
15027,42.5859
15028,39.6525
15029,40.9735
15030,38.7451
15031,34.7897
15032,38.2037
15033,40.0963
15034,38.6664
15035,41.8649
15036,41.2095
15037,38.2339
15038,38.4042
15039,42.9217
15040,38.9893
15041,42.1361
15042,39.3169
15043,41.4391
15044,39.8929
15045,41.5889
15046,35.4679
15047,39.0712
15048,42.341
15049,39.3535
15050,36.712
15051,37.8506
15052,41.6769
15053,37.5847
15054,39.7963
15055,42.9534
15056,36.9294
15057,41.0824
15058,39.7226
15059,41.0984
15060,41.1772
15061,41.6453
15062,41.6754
15063,37.8671
15064,41.8789
15065,42.9097
15066,42.2531
15067,37.9934
15068,39.0827
15069,39.2792
15070,39.3994
15071,40.6213
15072,38.1347
15073,36.493
15074,36.8535
15075,42.0629
15076,40.5193
15077,41.8036
15078,37.7183
15079,39.8435
15080,40.2699
15081,42.5492
15082,42.1574
15083,37.3246
15084,42.5326
15085,40.7641
15086,38.8954
15087,39.6821
15088,38.9438
15089,39.4157
15090,40.3237
15091,42.2444
15092,40.4519
15093,39.2229
15094,40.4341
15095,39.2086
15096,38.9176
15097,39.879
15098,42.6779
15099,41.4795
15100,38.5249
15101,37.6749
15102,43.7349
15103,42.6482
15104,39.4489
15105,37.5724
15106,37.8032
15107,41.2163
15108,40.479
15109,39.1558
15110,35.931
15111,38.9723
15112,43.3845
15113,38.5392
15114,36.3154
15115,39.6767
15116,41.1039
15117,39.2869
15118,37.3115
15119,38.4722
15120,38.0392
15121,39.142
15122,39.3436
15123,39.6124
15124,38.7342
15125,38.2342
15126,39.525
15127,42.5994
15128,36.82
15129,43.1153
15130,37.9636
15131,43.6494
15132,39.9336
15133,42.0024
15134,37.5622
15135,39.6561
15136,44.2316
15137,42.2681
15138,37.5251
15139,42.716
15140,38.5035
15141,38.3771
15142,40.5759
15143,37.8198
15144,38.0108
15145,38.3463
15146,45.5997
15147,41.6416
15148,39.8593
15149,42.557
15150,41.3687
15151,40.5936
15152,38.6778
15153,38.7199
15154,41.9983
15155,41.1694
15156,41.2542
15157,42.887
15158,37.5101
15159,35.9076
15160,39.3918
15161,36.8991
15162,37.2711
15163,42.7047
15164,38.4495
15165,39.5955
15166,39.0715
15167,38.4165
15168,39.7388
15169,39.8728
15170,40.9455
15171,40.4648
15172,40.8974
15173,41.5714
15174,41.8663
15175,40.9539
15176,37.3194
15177,41.4107
15178,42.4994
15179,40.9822
15180,39.083
15181,39.6634
15182,41.8841
15183,40.0149
15184,41.3807
15185,35.9842
15186,41.9926
15187,42.6142
15188,36.6408
15189,42.7162
15190,38.4888
15191,38.2934
15192,38.3019
15193,38.3983
15194,41.8828
15195,41.0846
15196,40.1234
15197,41.1318
15198,40.6047
15199,42.7949
15200,41.1316
15201,40.7261
15202,39.9634
15203,39.6024
15204,41.8803
15205,41.9892
15206,43.2907
15207,38.0705
15208,38.2987
15209,39.0176
15210,44.9031
15211,41.504
15212,40.6297
15213,40.9156
15214,41.0764
15215,36.2762
15216,40.41
15217,43.3361
15218,42.5372
15219,42.9261
15220,40.4534
15221,37.9283
15222,37.9942
15223,40.6056
15224,38.7773
15225,39.5491
15226,42.5978
15227,40.089
15228,38.1446
15229,38.2881
15230,41.6527
15231,41.6913
15232,39.9215
15233,39.0681
15234,36.7739
15235,41.591
15236,40.6094
15237,42.7119
15238,36.2258
15239,38.8334
15240,43.8763
15241,43.0054
15242,39.0944
15243,41.1515
15244,37.4015
15245,42.122
15246,37.4843
15247,38.5977
15248,37.206
15249,38.4579
15250,41.7532
15251,39.0031
15252,38.1534
15253,38.5141
15254,40.6177
15255,39.7528
15256,40.3171
15257,39.9827
15258,41.2102
15259,41.848
15260,39.8678
15261,42.9902
15262,40.7092
15263,41.3354
15264,41.3617
15265,38.1363
15266,40.8588
15267,38.9798
15268,39.9127
15269,40.2337
15270,38.5866
15271,40.796
15272,40.8044
15273,44.0673
15274,38.9521
15275,43.0398
15276,39.0004
15277,42.183
15278,39.1187
15279,39.5328
15280,38.5038
15281,38.9553
15282,41.1132
15283,38.7498
15284,39.2365
15285,42.7149
15286,36.1716
15287,38.1594
15288,41.3516
15289,38.948
15290,43.2296
15291,40.6671
15292,38.7085
15293,40.8085
15294,37.007
15295,41.3958
15296,38.6143
15297,39.633
15298,37.3783
15299,40.3976
15300,37.4932
15301,43.5695
15302,41.7196
15303,38.927
15304,41.1031
15305,38.5814
15306,42.916
15307,38.1238
15308,42.3761
15309,39.6936
15310,40.793
15311,39.9053
15312,40.5819
15313,41.6467
15314,41.12
15315,42.1973
15316,38.5152
15317,38.8505
15318,40.3659
15319,41.5318
15320,41.8508
15321,41.9546
15322,37.2662
15323,40.5288
15324,37.251
15325,40.5557
15326,37.4342
15327,39.0809
15328,37.2582
15329,40.5396
15330,40.7515
15331,41.047
15332,41.62
15333,39.3865
15334,43.1335
15335,38.713
15336,39.2886
15337,42.4109
15338,38.9657
15339,38.9998
15340,41.87
15341,35.0648
15342,37.8309
15343,41.6879
15344,37.8111
15345,37.177
15346,38.2005
15347,43.5573
15348,38.1385
15349,40.4633
15350,38.6943
15351,39.8119
15352,39.3001
15353,38.5684
15354,39.6381
15355,40.2333
15356,40.3856
15357,41.9772
15358,38.1746
15359,40.4293
15360,37.6408
15361,41.8051
15362,39.5717
15363,39.9143
15364,35.9871
15365,35.9181
15366,41.2625
15367,38.3104
15368,36.9458
15369,37.0065
15370,37.4922
15371,39.1259
15372,38.3138
15373,39.7087
15374,36.0413
15375,36.0942
15376,41.5009
15377,36.2218
15378,41.4037
15379,38.611
15380,40.6935
15381,40.9348
15382,40.9535
15383,42.0938
15384,39.1432
15385,40.2777
15386,43.4645
15387,41.4972
15388,39.6892
15389,42.7477
15390,41.0276
15391,38.3247
15392,39.4107
15393,39.702
15394,43.1892
15395,39.2036
15396,39.3549
15397,41.6354
15398,40.3773
15399,41.4814
15400,45.3252
15401,41.8095
15402,38.617
15403,41.7938
15404,39.3773
15405,40.787
15406,35.8339
15407,38.7888
15408,41.838
15409,38.2736
15410,38.349
15411,35.7913
15412,39.9799
15413,42.3828
15414,40.0218
15415,40.6568
15416,42.2401
15417,37.7597
15418,38.2901
15419,39.8583
15420,40.4802
15421,36.7939
15422,41.0579
15423,38.0998
15424,38.9456
15425,39.0008
15426,35.1603
15427,38.6013
15428,37.2635
15429,40.283
15430,40.3299
15431,38.3705
15432,39.313
15433,39.2605
15434,39.3192
15435,41.6325
15436,40.3789
15437,40.8573
15438,43.1717
15439,39.055
15440,41.5375
15441,44.1485
15442,43.8863
15443,40.0363
15444,42.6288
15445,40.7724
15446,38.4705
15447,40.4347
15448,40.5726
15449,38.8635
15450,40.058
15451,39.3471
15452,43.3885
15453,41.8255
15454,39.966
15455,37.2327
15456,44.3607
15457,37.4769
15458,38.0795
15459,38.3004
15460,39.0276
15461,34.8028
15462,39.8235
15463,40.4397
15464,39.4932
15465,36.2129
15466,41.2214
15467,38.5867
15468,40.9401
15469,40.0393
15470,37.1792
15471,39.0499
15472,41.4526
15473,37.7448
15474,38.1475
15475,38.485
15476,39.6991
15477,40.6075
15478,39.7642
15479,40.4921
15480,42.5223
15481,39.2773
15482,38.5764
15483,41.7094
15484,39.1161
15485,39.2425
15486,39.3056
15487,40.3149
15488,42.6199
15489,36.3898
15490,42.8504
15491,40.8742
15492,38.3507
15493,38.4805
15494,39.9399
15495,40.5307
15496,38.5809
15497,36.6347
15498,38.7061
15499,43.0187
15500,43.0272
15501,42.7448
15502,40.856
15503,37.2374
15504,38.6098
15505,37.6968
15506,39.8261
15507,37.9831
15508,38.0023
15509,36.7484
15510,38.9583
15511,40.0056
15512,39.301
15513,35.5389
15514,38.0738
15515,38.3075
15516,40.9137
15517,37.1692
15518,41.3431
15519,39.6287
15520,41.6546
15521,41.7082
15522,39.8495
15523,42.311
15524,40.3194
15525,40.3826
15526,40.4014
15527,40.5693
15528,38.9753
15529,41.4353
15530,42.6555
15531,37.5575
15532,38.4471
15533,38.8422
15534,38.9451
15535,38.0044
15536,39.3725
15537,39.7286
15538,39.8389
15539,35.9552
15540,40.1923
15541,40.2978
15542,41.662
15543,42.9691
15544,41.036
15545,41.2088
15546,40.3174
15547,41.4898
15548,37.7426
15549,39.8491
15550,41.9463
15551,40.9895
15552,42.1106
15553,37.1287
15554,42.5811
15555,41.5763
15556,40.0877
15557,40.8202
15558,41.9767
15559,41.1161
15560,41.1883
15561,42.276
15562,41.7709
15563,36.2806
15564,43.3512
15565,41.5441
15566,37.3146
15567,37.0245
15568,38.6364
15569,39.2277
15570,38.3649
15571,38.7747
15572,40.3205
15573,41.3377
15574,40.3577
15575,38.8942
15576,39.7003
15577,42.7242
15578,42.7543
15579,37.5999
15580,42.6934
15581,42.372
15582,40.8656
15583,38.757
15584,40.9384
15585,40.207
15586,43.1738
15587,36.4085
15588,37.8678
15589,42.647
15590,37.9698
15591,39.0966
15592,38.2525
15593,38.8077
15594,43.0638
15595,43.0761
15596,39.2173
15597,39.3916
15598,38.721
15599,39.7815
15600,40.0453
15601,39.5846
15602,40.6982
15603,38.663
15604,40.1209
15605,39.5041
15606,36.9466
15607,39.138
15608,37.7297
15609,37.8858
15610,37.9028
15611,41.0729
15612,40.0813
15613,38.4217
15614,41.5086
15615,39.1805
15616,40.457
15617,41.5671
15618,40.3567
15619,43.6515
15620,38.8893
15621,42.8321
15622,40.6818
15623,36.605
15624,41.185
15625,42.2047
15626,37.2738
15627,36.3802
15628,42.8308
15629,35.9249
15630,36.7544
15631,38.0508
15632,38.4587
15633,40.5062
15634,38.8791
15635,39.096
15636,37.6325
15637,41.6951
15638,43.8461
15639,42.2866
15640,39.3346
15641,39.4552
15642,39.0916
15643,42.225
15644,38.3235
15645,39.6265
15646,38.7605
15647,38.916
15648,39.3878
15649,40.6665
15650,38.5482
15651,41.9018
15652,42.9263
15653,41.3682
15654,38.3282
15655,39.3156
15656,39.6463
15657,39.7727
15658,38.1363
15659,38.262
15660,41.4445
15661,44.4975
15662,41.1694
15663,42.286
15664,39.4763
15665,36.6395
15666,37.1038
15667,44.5374
15668,39.4182
15669,41.4823
15670,40.3357
15671,38.614
15672,40.4623
15673,37.7566
15674,38.3502
15675,38.9867
15676,39.1074
15677,39.7885
15678,39.1362
15679,39.4142
15680,39.5689
15681,41.0706
15682,41.0808
15683,40.5194
15684,42.0603
15685,43.0221
15686,41.7973
15687,41.0199
15688,39.9331
15689,40.5657
15690,41.7289
15691,39.5885
15692,38.9593
15693,39.0134
15694,44.0991
15695,39.2069
15696,39.5271
15697,40.7048
15698,38.7675
15699,41.7133
15700,39.0182
15701,41.8674
15702,39.1883
15703,42.2414
15704,38.6089
15705,39.0324
15706,39.301
15707,40.7436
15708,40.2828
15709,40.297
15710,40.3563
15711,38.7616
15712,38.79
15713,38.8182
15714,40.1051
15715,41.1736
15716,38.3768
15717,39.7566
15718,42.0819
15719,40.4023
15720,41.1646
15721,41.6536
15722,40.8683
15723,41.0017
15724,39.3762
15725,40.4872
15726,41.2921
15727,41.9441
15728,40.41
15729,37.5952
15730,38.3369
15731,39.4544
15732,36.5027
15733,37.7319
15734,38.7488
15735,39.0517
15736,38.6655
15737,39.5194
15738,38.7164
15739,39.7475
15740,41.1478
15741,37.9404
15742,43.0386
15743,40.188
15744,44.1606
15745,39.5742
15746,40.1744
15747,37.3189
15748,40.6692
15749,38.8788
15750,38.2031
15751,41.2553
15752,36.8522
15753,38.9538
15754,37.4475
15755,40.6243
15756,37.7816
15757,38.1212
15758,44.1319
15759,39.4582
15760,41.6112
15761,38.9943
15762,40.4322
15763,41.0144
15764,41.3043
15765,40.5926
15766,41.9474
15767,41.3129
15768,42.5491
15769,44.0595
15770,44.3093
15771,39.7197
15772,38.8198
15773,40.0724
15774,40.1285
15775,45.5744
15776,41.4032
15777,42.3635
15778,40.1017
15779,40.6413
15780,41.2017
15781,38.8223
15782,39.0521
15783,39.1179
15784,41.2498
15785,37.4137
15786,40.065
15787,42.7098
15788,43.149
15789,38.529
15790,40.6486
15791,37.0247
15792,41.4282
15793,40.737
15794,39.7741
15795,37.8084
15796,42.9043
15797,40.434
15798,40.6183
15799,38.9934
15800,38.1034
15801,40.6424
15802,44.6873
15803,40.8535
15804,42.9674
15805,41.2763
15806,43.0481
15807,42.4732
15808,40.0089
15809,40.8044
15810,41.581
15811,38.0648
15812,42.1163
15813,43.2951
15814,37.5757
15815,42.6966
15816,39.6024
15817,36.7238
15818,40.4781
15819,41.1715
15820,41.9749
15821,38.268
15822,38.3653
15823,45.2322
15824,41.1184
15825,41.9234
15826,36.6512
15827,41.0738
15828,37.6213
15829,37.6774
15830,40.9533
15831,41.9918
15832,43.3045
15833,37.9033
15834,43.9138
15835,40.105
15836,40.1695
15837,40.2283
15838,40.4287
15839,40.6787
15840,40.7129
15841,40.8269
15842,40.9777
15843,42.562
15844,37.7153
15845,41.2307
15846,40.1077
15847,39.4059
15848,44.7641
15849,36.7916
15850,38.4318
15851,43.4498
15852,41.0211
15853,46.0599
15854,36.0753
15855,41.1056
15856,41.4364
15857,41.2599
15858,38.6712
15859,41.8743
15860,39.1897
15861,43.2405
15862,41.3516
15863,41.1111
15864,38.4384
15865,39.9116
15866,37.3271
15867,40.8994
15868,42.234
15869,41.3327
15870,37.7769
15871,36.9972
15872,37.76
15873,40.8835
15874,38.943
15875,38.149
15876,39.1919
15877,38.4366
15878,39.7195
15879,38.1941
15880,39.5098
15881,41.1742
15882,37.3779
15883,41.4375
15884,37.545
15885,41.0485
15886,38.2415
15887,39.2451
15888,39.6978
15889,38.0595
15890,41.6457
15891,42.6837
15892,42.1261
15893,36.2853
15894,43.1148
15895,38.1794
15896,39.3526
15897,35.3642
15898,39.4343
15899,40.3482
15900,40.7026
15901,43.1243
15902,36.7592
15903,42.5885
15904,40.3278
15905,38.8052
15906,40.9675
15907,40.4232
15908,41.504
15909,39.5262
15910,42.5604
15911,38.5694
15912,37.7395
15913,37.8223
15914,40.8776
15915,40.9691
15916,41.2729
15917,39.5751
15918,39.6298
15919,41.6456
15920,41.9327
15921,39.9453
15922,37.97
15923,42.1448
15924,39.194
15925,41.7189
15926,44.3009
15927,39.4619
15928,40.4852
15929,34.8104
15930,39.8429
15931,40.557
15932,40.2043
15933,41.2337
15934,38.2977
15935,40.5349
15936,38.8868
15937,39.2211
15938,42.6321
15939,38.7257
15940,39.1829
15941,35.2138
15942,41.619
15943,40.3814
15944,40.6437
15945,40.6226
15946,41.9607
15947,36.1609
15948,42.1786
15949,42.4718
15950,43.4232
15951,43.7452
15952,37.9133
15953,39.0885
15954,38.373
15955,41.5203
15956,39.7818
15957,40.9561
15958,38.045
15959,38.1747
15960,41.2806
15961,40.7597
15962,37.4326
15963,37.6212
15964,38.353
15965,39.285
15966,41.5163
15967,41.9213
15968,41.873
15969,37.7311
15970,36.7468
15971,40.143
15972,40.8594
15973,38.0506
15974,39.3611
15975,38.1262
15976,40.6616
15977,38.0926
15978,40.7903
15979,42.0591
15980,41.1145
15981,39.4229
15982,35.4694
15983,41.5084
15984,42.8438
15985,43.3638
15986,38.425
15987,37.9398
15988,39.292
15989,38.5334
15990,39.1395
15991,40.5371
15992,37.9966
15993,41.4927
15994,39.3625
15995,39.7341
15996,43.5549
15997,37.549
15998,37.5689
15999,43.8201
16000,40.5053
16001,40.5822
16002,43.1492
16003,38.3806
16004,42.4518
16005,40.2633
16006,38.8576
16007,39.0308
16008,41.9224
16009,42.9344
16010,37.9531
16011,36.4151
16012,36.5917
16013,40.0644
16014,38.2824
16015,37.9252
16016,42.1635
16017,39.4101
16018,39.5921
16019,39.2865
16020,40.4635
16021,39.7983
16022,38.1769
16023,39.3139
16024,36.3287
16025,41.8632
16026,41.2328
16027,42.5272
16028,42.8309
16029,40.1123
16030,40.2719
16031,40.8376
16032,39.8955
16033,36.689
16034,38.7556
16035,40.8662
16036,41.5052
16037,39.093
16038,39.3027
16039,43.7101
16040,36.3685
16041,38.5536
16042,39.639
16043,35.6952
16044,37.8966
16045,37.7277
16046,42.3845
16047,42.4181
16048,39.1041
16049,42.3304
16050,41.3963
16051,37.6367
16052,38.2369
16053,39.6963
16054,40.7028
16055,37.1291
16056,39.2387
16057,41.3059
16058,41.8831
16059,43.0986
16060,42.3957
16061,41.4385
16062,40.7587
16063,41.118
16064,40.7611
16065,37.8499
16066,41.079
16067,38.8606
16068,43.8116
16069,38.4857
16070,37.3998
16071,39.9021
16072,38.9763
16073,39.4732
16074,40.104
16075,39.3154
16076,40.4512
16077,40.7046
16078,38.9679
16079,42.2098
16080,38.3527
16081,40.3788
16082,39.6822
16083,39.7627
16084,42.7813
16085,37.1768
16086,39.2548
16087,39.4467
16088,38.4524
16089,38.699
16090,42.0913
16091,39.3444
16092,40.6763
16093,40.2895
16094,41.0797
16095,36.2555
16096,45.6759
16097,42.7097
16098,45.0364
16099,43.1925
16100,38.048
16101,39.6425
16102,41.6295
16103,40.8211
16104,41.8856
16105,42.2782
16106,41.2538
16107,40.5261
16108,38.4672
16109,38.7433
16110,38.9893
16111,39.2414
16112,40.342
16113,39.9124
16114,40.9232
16115,40.8609
16116,40.2613
16117,40.5401
16118,41.5739
16119,39.8004
16120,37.0336
16121,40.9522
16122,35.5163
16123,39.9198
16124,35.9746
16125,41.1449
16126,40.3829
16127,38.992
16128,45.1174
16129,39.3589
16130,40.1166
16131,37.5964
16132,42.7341
16133,39.0389
16134,43.2513
16135,39.3195
16136,40.0039
16137,40.0945
16138,38.1123
16139,40.7442
16140,40.8421
16141,39.8712
16142,41.0364
16143,37.4282
16144,37.4659
16145,38.6744
16146,40.704
16147,41.7376
16148,39.062
16149,40.205
16150,40.0827
16151,39.1167
16152,37.4658
16153,41.8801
16154,36.8796
16155,42.017
16156,39.9676
16157,40.9761
16158,39.0422
16159,39.0721
16160,42.1141
16161,40.2391
16162,41.8375
16163,40.3442
16164,41.4216
16165,39.8382
16166,41.2564
16167,41.384
16168,38.5319
16169,39.5188
16170,39.9495
16171,37.9882
16172,41.0942
16173,40.1821
16174,38.4786
16175,38.9937
16176,38.0421
16177,41.2588
16178,41.8724
16179,42.3352
16180,40.1502
16181,40.1669
16182,38.5906
16183,37.6684
16184,38.2361
16185,37.3147
16186,42.6006
16187,39.0999
16188,40.019
16189,44.9663
16190,39.094
16191,40.1791
16192,35.799
16193,39.5159
16194,38.5764
16195,37.6502
16196,35.9564
16197,38.5737
16198,40.0277
16199,40.3645
16200,41.206
16201,41.5427
16202,41.7157
16203,43.8226
16204,42.6972
16205,44.345
16206,39.5342
16207,41.2891
16208,40.4976
16209,42.9679
16210,36.1194
16211,37.3621
16212,37.7131
16213,37.813
16214,39.9115
16215,43.3186
16216,38.3843
16217,39.8682
16218,40.0046
16219,40.0595
16220,40.5663
16221,40.6843
16222,40.7301
16223,36.6532
16224,40.703
16225,39.2366
16226,40.1416
16227,41.9872
16228,42.0707
16229,40.1007
16230,38.2095
16231,39.002
16232,39.441
16233,43.9867
16234,38.1492
16235,42.2768
16236,38.6799
16237,44.984
16238,38.7484
16239,39.228
16240,41.6266
16241,41.1923
16242,40.2799
16243,37.9114
16244,42.5137
16245,41.1389
16246,39.1474
16247,41.7849
16248,37.8205
16249,38.1054
16250,38.657
16251,39.7848
16252,36.8633
16253,40.0762
16254,38.0106
16255,38.5169
16256,36.8169
16257,39.4322
16258,38.5715
16259,39.7014
16260,39.2762
16261,39.3426
16262,39.4599
16263,39.64
16264,40.6671
16265,40.8216
16266,42.3454
16267,42.376
16268,41.4376
16269,42.0448
16270,42.569
16271,38.1268
16272,39.0688
16273,44.1169
16274,38.6149
16275,38.8742
16276,39.0471
16277,37.344
16278,38.7962
16279,36.8391
16280,41.1602
16281,38.6564
16282,42.642
16283,39.6514
16284,43.0867
16285,43.2206
16286,41.3762
16287,36.1815
16288,39.6789
16289,39.7314
16290,40.2568
16291,38.2688
16292,41.7584
16293,41.8187
16294,39.9747
16295,40.0809
16296,39.1671
16297,39.2611
16298,39.4239
16299,39.6592
16300,38.7956
16301,43.2952
16302,40.3522
16303,40.4069
16304,38.6692
16305,43.846
16306,39.8889
16307,39.3653
16308,43.3359
16309,40.594
16310,37.9686
16311,43.9771
16312,38.2928
16313,37.8563
16314,39.0919
16315,41.633
16316,37.7919
16317,40.2271
16318,39.1564
16319,39.2293
16320,42.3509
16321,40.4929
16322,38.5773
16323,38.359
16324,40.6941
16325,40.9709
16326,36.2405
16327,41.505
16328,42.6989
16329,38.4129
16330,43.5785
16331,44.8326
16332,41.7274
16333,39.7326
16334,36.1758
16335,40.2512
16336,39.4549
16337,39.0222
16338,39.3358
16339,38.9182
16340,40.0555
16341,39.1166
16342,40.7373
16343,42.3063
16344,40.5798
16345,42.5931
16346,39.8069
16347,41.2776
16348,44.598
16349,41.696
16350,39.9915
16351,42.0595
16352,42.3057
16353,43.4922
16354,43.5872
16355,38.9091
16356,39.129
16357,36.87
16358,41.1549
16359,38.2549
16360,42.6823
16361,39.8676
16362,40.7226
16363,40.7431
16364,37.9369
16365,41.9679
16366,38.8939
16367,39.4789
16368,39.038
16369,40.2657
16370,41.4428
16371,41.5123
16372,35.6567
16373,42.442
16374,40.1082
16375,38.6396
16376,41.3277
16377,41.409
16378,40.9006
16379,38.4872
16380,34.299
16381,41.4971
16382,39.9282
16383,39.9627
16384,40.058
16385,41.1732
16386,40.5795
16387,40.7048
16388,40.8109
16389,41.8841
16390,38.8255
16391,39.994
16392,42.2516
16393,40.0373
16394,36.3562
16395,37.479
16396,38.8728
16397,39.6412
16398,39.0104
16399,39.4734
16400,40.8308
16401,38.8813
16402,40.9301
16403,42.5369
16404,41.0047
16405,39.2131
16406,39.5358
16407,39.9696
16408,39.5783
16409,39.7613
16410,39.1789
16411,43.7268
16412,39.8122
16413,39.1624
16414,38.3467
16415,37.2902
16416,39.4923
16417,38.0233
16418,42.88
16419,39.9455
16420,40.0004
16421,40.3526
16422,40.4185
16423,39.6148
16424,41.2452
16425,41.5607
16426,40.8329
16427,42.3003
16428,39.3436
16429,37.861
16430,38.3048
16431,38.6855
16432,41.7637
16433,40.137
16434,41.1819
16435,40.3503
16436,42.487
16437,41.0139
16438,42.1653
16439,40.2291
16440,40.5624
16441,42.8563
16442,41.0302
16443,36.0519
16444,38.9589
16445,41.3931
16446,39.4765
16447,37.7976
16448,40.5159
16449,39.9402
16450,40.0491
16451,40.386
16452,39.6774
16453,39.8811
16454,40.9159
16455,35.8799
16456,41.9837
16457,39.1089
16458,43.1254
16459,40.1543
16460,40.921
16461,37.9652
16462,38.0499
16463,37.2877
16464,39.2944
16465,39.7543
16466,40.1448
16467,42.2034
16468,42.3874
16469,37.6113
16470,40.6624
16471,42.7705
16472,41.2399
16473,42.2399
16474,43.0334
16475,37.3843
16476,41.6131
16477,39.0909
16478,41.1928
16479,39.4206
16480,40.1262
16481,40.9885
16482,40.0535
16483,36.7145
16484,43.1245
16485,43.4871
16486,44.0309
16487,42.7363
16488,39.1929
16489,40.3183
16490,39.4858
16491,37.8083
16492,37.7438
16493,38.8919
16494,41.1233
16495,39.3214
16496,41.5646
16497,36.7315
16498,36.8193
16499,40.2653
16500,39.4474
16501,40.79
16502,41.4702
16503,36.5144
16504,38.1914
16505,38.4692
16506,39.4835
16507,37.8509
16508,39.5894
16509,38.4578
16510,35.6362
16511,39.7659
16512,37.2629
16513,35.2721
16514,40.4871
16515,39.5564
16516,36.7042
16517,36.7777
16518,38.2354
16519,40.3206
16520,37.6003
16521,37.6154
16522,40.6985
16523,41.0046
16524,39.1566
16525,39.2287
16526,41.3667
16527,41.3845
16528,43.638
16529,40.2191
16530,39.4301
16531,41.275
16532,42.4259
16533,43.9282
16534,39.0384
16535,39.9255
16536,37.8486
16537,41.0187
16538,39.6132
16539,41.9643
16540,39.6464
16541,41.7256
16542,40.0423
16543,39.3928
16544,37.3966
16545,39.7248
16546,41.7867
16547,38.0827
16548,35.1243
16549,40.1616
16550,38.2965
16551,38.4916
16552,40.0326
16553,38.0302
16554,40.3848
16555,36.3944
16556,40.426
16557,45.5572
16558,39.8029
16559,38.9898
16560,39.6713
16561,38.9008
16562,37.9197
16563,42.1599
16564,41.1822
16565,42.4045
16566,38.7293
16567,39.5646
16568,36.8634
16569,38.8597
16570,38.0163
16571,38.4306
16572,41.2559
16573,40.2899
16574,37.6869
16575,38.7821
16576,41.9631
16577,39.7189
16578,41.5164
16579,39.8316
16580,39.0599
16581,41.7555
16582,41.0766
16583,41.3238
16584,38.0448
16585,39.1528
16586,40.1889
16587,42.4746
16588,39.172
16589,41.2857
16590,35.5038
16591,36.8254
16592,39.5837
16593,37.8001
16594,39.0537
16595,40.5516
16596,41.0849
16597,40.1461
16598,39.4205
16599,38.5828
16600,36.9127
16601,40.4662
16602,41.4506
16603,40.6416
16604,36.9331
16605,37.0458
16606,40.6023
16607,42.8232
16608,42.4785
16609,43.6533
16610,43.7402
16611,37.9683
16612,39.998
16613,38.4163
16614,40.5099
16615,38.8794
16616,42.3619
16617,39.5366
16618,39.8572
16619,39.8657
16620,40.3432
16621,40.3516
16622,37.4595
16623,37.642
16624,39.514
16625,43.1747
16626,43.1864
16627,39.085
16628,42.2551
16629,39.5609
16630,37.1806
16631,41.4936
16632,40.5625
16633,37.0637
16634,40.1664
16635,38.1998
16636,37.4602
16637,41.0892
16638,40.5537
16639,39.3131
16640,39.333
16641,43.0452
16642,43.2542
16643,37.0907
16644,44.4485
16645,39.406
16646,38.571
16647,36.4675
16648,40.8015
16649,36.8072
16650,42.8403
16651,37.3123
16652,40.5798
16653,43.8701
16654,38.0646
16655,39.5005
16656,40.7179
16657,40.9107
16658,40.1006
16659,39.2573
16660,40.2677
16661,40.8221
16662,39.9525
16663,37.356
16664,39.1696
16665,35.5241
16666,40.5806
16667,36.723
16668,41.9038
16669,40.9359
16670,37.1669
16671,39.2629
16672,41.5542
16673,41.2055
16674,36.3984
16675,38.067
16676,38.4365
16677,39.1992
16678,39.9698
16679,43.2783
16680,38.3967
16681,41.7246
16682,41.9489
16683,39.994
16684,37.3909
16685,43.4654
16686,40.7477
16687,42.6696
16688,42.1191
16689,42.6064
16690,40.2137
16691,40.9473
16692,41.3639
16693,35.4084
16694,38.84
16695,41.8537
16696,41.1932
16697,36.8107
16698,39.4495
16699,39.8078
16700,41.9033
16701,36.1595
16702,38.1945
16703,39.2297
16704,40.4378
16705,40.5389
16706,42.136
16707,39.5952
16708,40.6466
16709,41.8819
16710,44.4547
16711,42.5034
16712,43.6279
16713,40.8489
16714,37.9012
16715,38.6022
16716,38.7468
16717,39.7449
16718,40.2832
16719,40.7095
16720,35.9171
16721,41.2439
16722,41.8023
16723,36.9631
16724,42.483
16725,43.4679
16726,43.5442
16727,39.6103
16728,39.0944
16729,38.2212
16730,36.8219
16731,41.8529
16732,37.2062
16733,40.5989
16734,40.4614
16735,38.4226
16736,38.6145
16737,38.8163
16738,40.8767
16739,41.2751
16740,40.3344
16741,35.9111
16742,42.2403
16743,37.9502
16744,41.0021
16745,39.5773
16746,39.5873
16747,40.2572
16748,40.6719
16749,38.7007
16750,37.9981
16751,39.32
16752,41.7449
16753,37.7557
16754,40.8544
16755,39.1853
16756,41.3
16757,44.3243
16758,42.0374
16759,39.0849
16760,44.4037
16761,42.386
16762,40.6585
16763,40.0396
16764,41.1544
16765,37.2686
16766,42.8454
16767,38.9863
16768,40.179
16769,39.4493
16770,40.5312
16771,40.3371
16772,40.7315
16773,37.0348
16774,41.2062
16775,41.9447
16776,41.4612
16777,43.5699
16778,44.2539
16779,39.2737
16780,42.5371
16781,41.4587
16782,41.7655
16783,39.3764
16784,37.6397
16785,39.6994
16786,35.0872
16787,44.9046
16788,37.6116
16789,40.2709
16790,42.8439
16791,41.1894
16792,36.761
16793,41.1017
16794,37.2243
16795,37.3663
16796,41.7122
16797,38.1127
16798,38.3351
16799,38.5341
16800,39.2417
16801,39.3454
16802,39.7532
16803,39.9412
16804,39.0519
16805,39.185
16806,37.6013
16807,41.01
16808,42.1177
16809,42.5708
16810,38.7737
16811,41.8015
16812,42.4345
16813,42.9671
16814,38.2408
16815,38.358
16816,38.3414
16817,41.8432
16818,42.1057
16819,36.4033
16820,39.784
16821,40.893
16822,41.1386
16823,40.2126
16824,41.7396
16825,37.7693
16826,38.7907
16827,38.8817
16828,43.7704
16829,40.3107
16830,37.7572
16831,39.4551
16832,38.2707
16833,38.3472
16834,45.0985
16835,38.2344
16836,38.2428
16837,35.9528
16838,40.0747
16839,40.127
16840,43.882
16841,38.3531
16842,41.6849
16843,43.6756
16844,39.9361
16845,39.4409
16846,41.58
16847,37.2535
16848,37.3619
16849,37.4889
16850,37.5897
16851,37.7856
16852,37.2882
16853,40.6153
16854,37.97
16855,40.457
16856,38.6192
16857,41.6958
16858,42.2574
16859,39.5236
16860,41.5635
16861,39.6524
16862,39.7398
16863,39.9
16864,38.4189
16865,41.236
16866,43.5072
16867,38.0285
16868,39.259
16869,38.9871
16870,44.0921
16871,40.118
16872,39.8089
16873,40.1871
16874,36.2739
16875,41.1477
16876,38.2305
16877,39.886
16878,35.9103
16879,38.3394
16880,43.3202
16881,38.4621
16882,37.5985
16883,37.9038
16884,39.9996
16885,38.7143
16886,39.1818
16887,38.3408
16888,39.5212
16889,37.1937
16890,43.5691
16891,41.8884
16892,41.3929
16893,39.6502
16894,40.0628
16895,41.5236
16896,41.7751
16897,39.2499
16898,42.3649
16899,43.0002
16900,35.1019
16901,37.6517
16902,41.7735
16903,38.1603
16904,38.8604
16905,39.1409
16906,40.344
16907,40.4449
16908,40.7056
16909,41.9663
16910,42.151
16911,37.4738
16912,37.5282
16913,40.6439
16914,38.8869
16915,36.214
16916,36.4604
16917,39.378
16918,36.6277
16919,37.8729
16920,40.9148
16921,39.9805
16922,38.0222
16923,38.7466
16924,40.2467
16925,40.4438
16926,38.5921
16927,42.1318
16928,40.346
16929,38.8897
16930,43.2081
16931,38.32
16932,43.3637
16933,41.7758
16934,43.0728
16935,39.1784
16936,43.1999
16937,35.5542
16938,40.439
16939,40.7107
16940,41.948
16941,40.9998
16942,40.058
16943,37.8466
16944,41.7021
16945,40.2146
16946,38.5626
16947,40.5849
16948,37.9779
16949,41.132
16950,40.5499
16951,38.5832
16952,44.1159
16953,40.2436
16954,41.0373
16955,44.0621
16956,37.8173
16957,38.4541
16958,38.9953
16959,44.1227
16960,38.6329
16961,40.7994
16962,39.6377
16963,39.7281
16964,42.1408
16965,37.6523
16966,43.6186
16967,38.8289
16968,38.7719
16969,39.1712
16970,43.2487
16971,38.7334
16972,40.9925
16973,38.7762
16974,41.2354
16975,41.8999
16976,40.6449
16977,39.0673
16978,39.8113
16979,39.1359
16980,41.7839
16981,38.0449
16982,38.1925
16983,40.3947
16984,41.0468
16985,40.2739
16986,38.3541
16987,36.3718
16988,33.9951
16989,39.3975
16990,36.4811
16991,37.4932
16992,41.7591
16993,41.8455
16994,42.9894
16995,39.0727
16996,39.5739
16997,40.2336
16998,40.947
16999,38.4535
17000,39.8903
17001,43.3307
17002,40.4154
17003,39.8476
17004,41.4717
17005,37.5882
17006,37.4743
17007,40.5634
17008,41.9604
17009,39.2502
17010,38.5555
17011,42.1572
17012,40.421
17013,36.623
17014,41.6315
17015,38.9003
17016,42.1617
17017,38.2042
17018,38.7685
17019,41.6708
17020,44.8323
17021,41.3904
17022,39.5123
17023,38.6597
17024,39.1611
17025,37.6298
17026,39.1865
17027,40.5485
17028,40.7295
17029,38.1644
17030,39.7177
17031,38.2364
17032,38.9241
17033,40.1402
17034,39.6772
17035,40.1014
17036,37.234
17037,43.7681
17038,40.9571
17039,43.2782
17040,41.3071
17041,41.6392
17042,38.9978
17043,41.2623
17044,42.2708
17045,38.5996
17046,41.8519
17047,39.4129
17048,42.128
17049,37.5345
17050,34.7709
17051,40.1517
17052,40.2116
17053,40.1372
17054,42.4112
17055,44.1144
17056,40.9621
17057,37.0293
17058,39.0889
17059,41.2379
17060,41.4103
17061,39.4932
17062,42.2684
17063,37.1486
17064,36.55
17065,38.6143
17066,43.707
17067,38.8723
17068,36.1301
17069,40.2541
17070,35.7032
17071,39.7286
17072,40.4339
17073,37.6346
17074,39.2427
17075,40.6279
17076,38.843
17077,36.9238
17078,41.0138
17079,37.6637
17080,42.1959
17081,39.153
17082,41.1676
17083,36.3419
17084,41.6387
17085,39.6471
17086,40.9757
17087,40.2585
17088,40.3704
17089,42.7837
17090,38.3612
17091,42.5753
17092,41.5839
17093,42.9733
17094,42.1002
17095,40.741
17096,43.1418
17097,39.6364
17098,38.8641
17099,41.3417
17100,45.6889
17101,40.9855
17102,41.2487
17103,38.6586
17104,41.1944
17105,38.5867
17106,36.7659
17107,38.285
17108,39.2716
17109,40.4258
17110,38.5367
17111,39.2255
17112,39.622
17113,37.6754
17114,40.4112
17115,41.6426
17116,41.7289
17117,42.9638
17118,38.2535
17119,41.3382
17120,37.5244
17121,35.4406
17122,39.8677
17123,37.7922
17124,40.8006
17125,39.8664
17126,34.9076
17127,37.0292
17128,38.4122
17129,38.0484
17130,39.3087
17131,37.3677
17132,39.529
17133,40.7092
17134,38.1906
17135,39.4015
17136,33.4728
17137,39.5401
17138,40.882
17139,41.1086
17140,42.2477
17141,34.7073
17142,42.9265
17143,40.3798
17144,38.3975
17145,40.4552
17146,39.2638
17147,40.4757
17148,39.9392
17149,37.9523
17150,37.7739
17151,40.8731
17152,41.973
17153,38.091
17154,38.4447
17155,43.3187
17156,40.9814
17157,39.9898
17158,40.6707
17159,40.9671
17160,45.4699
17161,39.3178
17162,40.3437
17163,40.7759
17164,42.7979
17165,41.96
17166,37.927
17167,39.0668
17168,41.2638
17169,39.9616
17170,37.5559
17171,40.6357
17172,39.768
17173,42.3922
17174,40.4452
17175,41.3594
17176,35.4872
17177,41.1624
17178,37.1801
17179,44.7251
17180,43.1477
17181,38.2233
17182,38.4922
17183,41.382
17184,39.7878
17185,37.1062
17186,42.2427
17187,39.2939
17188,40.4438
17189,39.7645
17190,38.0478
17191,42.342
17192,42.6979
17193,38.911
17194,40.972
17195,39.5274
17196,36.8994
17197,40.178
17198,36.3877
17199,39.8775
17200,40.9816
17201,42.9981
17202,41.8306
17203,38.1342
17204,40.493
17205,40.7873
17206,39.1808
17207,37.224
17208,36.7687
17209,40.1551
17210,40.8841
17211,41.3135
17212,43.4112
17213,41.6098
17214,41.7071
17215,38.9118
17216,42.231
17217,42.247
17218,39.3014
17219,40.4113
17220,41.8923
17221,41.2257
17222,42.4803
17223,45.2034
17224,38.8514
17225,41.3678
17226,36.4008
17227,41.6372
17228,39.8252
17229,37.89
17230,39.187
17231,41.654
17232,39.8243
17233,37.3516
17234,40.765
17235,41.3921
17236,42.4257
17237,39.9193
17238,38.1309
17239,36.1861
17240,38.9533
17241,39.3362
17242,39.3446
17243,41.3712
17244,40.4612
17245,42.4697
17246,42.0037
17247,39.2125
17248,39.4014
17249,41.5414
17250,43.2182
17251,40.2852
17252,42.2306
17253,40.5652
17254,40.6113
17255,38.2379
17256,39.4158
17257,39.6846
17258,39.5599
17259,42.7268
17260,40.7151
17261,35.7236
17262,41.3751
17263,41.7019
17264,39.1149
17265,38.205
17266,39.2765
17267,39.4915
17268,39.563
17269,40.2629
17270,44.3489
17271,37.0384
17272,39.0227
17273,41.104
17274,40.5267
17275,44.2803
17276,39.5496
17277,45.0907
17278,36.0998
17279,39.7168
17280,38.0287
17281,38.5227
17282,39.254
17283,43.7759
17284,40.147
17285,40.3217
17286,38.4783
17287,41.819
17288,39.8069
17289,42.8837
17290,40.7141
17291,39.4405
17292,39.5632
17293,39.7653
17294,42.9294
17295,41.6049
17296,41.8641
17297,33.7575
17298,39.2717
17299,41.0471
17300,41.083
17301,39.236
17302,38.8145
17303,40.3612
17304,39.842
17305,39.926
17306,43.7046
17307,40.3745
17308,39.6045
17309,43.234
17310,40.3719
17311,42.388
17312,39.0563
17313,39.2483
17314,37.2655
17315,38.4218
17316,39.7092
17317,39.7503
17318,38.1503
17319,41.1635
17320,41.6411
17321,40.7909
17322,39.9426
17323,40.0351
17324,42.2699
17325,39.9925
17326,42.1519
17327,38.2987
17328,41.4589
17329,39.5888
17330,40.6002
17331,38.7421
17332,37.9184
17333,40.9226
17334,36.9584
17335,40.1416
17336,40.8361
17337,38.2057
17338,40.4387
17339,42.5458
17340,40.7085
17341,42.3742
17342,43.1478
17343,39.2182
17344,40.4546
17345,43.5763
17346,43.3208
17347,42.7716
17348,39.5396
17349,41.9023
17350,40.1374
17351,40.9357
17352,41.81
17353,39.6531
17354,41.4215
17355,40.6838
17356,42.8381
17357,39.2776
17358,38.6382
17359,41.918
17360,37.1133
17361,38.1889
17362,41.3488
17363,41.5561
17364,39.1755
17365,40.2558
17366,36.3928
17367,39.0313
17368,38.1835
17369,40.5143
17370,38.8659
17371,39.2034
17372,39.257
17373,39.3167
17374,39.7926
17375,40.2952
17376,40.3612
17377,41.0654
17378,41.2397
17379,37.2495
17380,41.313
17381,36.8505
17382,42.0419
17383,41.0652
17384,38.0937
17385,38.4263
17386,42.5218
17387,41.8854
17388,39.3229
17389,37.97
17390,38.3191
17391,44.3931
17392,37.4016
17393,42.5069
17394,40.8035
17395,37.2726
17396,40.3849
17397,39.9445
17398,39.9395
17399,39.9479
17400,39.1774
17401,42.2303
17402,43.2942
17403,41.6023
17404,41.8039
17405,38.5577
17406,41.8165
17407,44.8333
17408,39.1881
17409,41.2219
17410,43.4778
17411,39.3734
17412,37.7172
17413,37.7257
17414,37.9457
17415,42.3026
17416,40.5773
17417,40.3826
17418,38.4506
17419,37.3248
17420,40.3839
17421,38.9801
17422,38.0728
17423,41.238
17424,37.4997
17425,39.5625
17426,39.3869
17427,37.5963
17428,42.6206
17429,33.6911
17430,40.1032
17431,37.8999
17432,37.973
17433,38.0301
17434,39.635
17435,39.025
17436,39.3982
17437,37.4092
17438,37.6644
17439,40.275
17440,40.8964
17441,33.991
17442,40.9994
17443,38.4262
17444,41.571
17445,40.3268
17446,39.6074
17447,43.4401
17448,37.9868
17449,38.65
17450,39.851
17451,39.0227
17452,40.7892
17453,41.9424
17454,42.9952
17455,42.0125
17456,39.585
17457,42.6935
17458,37.2807
17459,39.9698
17460,40.17
17461,38.19
17462,39.3956
17463,39.4056
17464,37.4306
17465,39.7188
17466,40.4901
17467,43.6072
17468,38.3174
17469,39.7908
17470,39.2217
17471,42.046
17472,38.167
17473,41.4918
17474,38.5442
17475,36.0693
17476,39.5964
17477,38.7532
17478,40.1996
17479,39.2123
17480,37.6266
17481,40.7892
17482,40.7976
17483,38.6779
17484,38.0316
17485,41.0613
17486,39.3093
17487,41.7181
17488,36.8111
17489,41.99
17490,44.9242
17491,37.7014
17492,38.854
17493,40.5823
17494,38.8368
17495,39.0122
17496,40.2333
17497,35.8052
17498,41.0397
17499,36.1514
17500,39.9355
17501,37.4637
17502,40.4722
17503,40.0904
17504,39.2207
17505,42.2532
17506,39.3745
17507,38.8249
17508,40.8793
17509,40.3201
17510,39.8172
17511,39.9499
17512,41.3809
17513,36.9371
17514,41.0447
17515,41.4544
17516,38.0208
17517,40.177
17518,39.4883
17519,38.5812
17520,42.3895
17521,40.4196
17522,38.5541
17523,39.617
17524,39.8175
17525,39.8259
17526,40.9421
17527,40.8242
17528,39.3143
17529,41.6621
17530,39.7263
17531,39.0757
17532,42.5279
17533,39.6496
17534,40.6853
17535,40.8314
17536,35.9701
17537,44.0075
17538,42.3302
17539,42.62
17540,36.5276
17541,36.0348
17542,38.2006
17543,44.6005
17544,39.8505
17545,42.9811
17546,39.2048
17547,42.2734
17548,37.786
17549,38.3763
17550,40.3847
17551,35.8268
17552,39.0545
17553,36.6073
17554,40.7739
17555,40.1024
17556,36.2886
17557,40.635
17558,40.8067
17559,39.6594
17560,41.02
17561,38.0284
17562,40.6858
17563,41.3289
17564,39.413
17565,39.4646
17566,41.6406
17567,40.649
17568,37.9502
17569,36.935
17570,37.0941
17571,40.8888
17572,39.1446
17573,39.2545
17574,41.293
17575,40.7695
17576,39.8203
17577,40.1187
17578,43.3465
17579,40.5474
17580,40.8082
17581,42.0423
17582,41.6112
17583,36.9615
17584,37.2184
17585,39.5859
17586,38.626
17587,41.7516
17588,38.1044
17589,40.3225
17590,38.5817
17591,39.9738
17592,39.112
17593,40.1993
17594,42.3365
17595,40.7156
17596,39.891
17597,43.5517
17598,38.8563
17599,44.11
17600,39.2047
17601,38.4159
17602,38.7209
17603,36.1093
17604,40.2618
17605,39.3898
17606,39.7005
17607,36.9486
17608,41.2738
17609,41.456
17610,36.9279
17611,38.4724
17612,37.2294
17613,39.3046
17614,40.3166
17615,40.39
17616,38.3993
17617,39.6268
17618,37.4393
17619,38.8529
17620,42.0882
17621,38.201
17622,38.4775
17623,38.6213
17624,39.9365
17625,38.2713
17626,42.3271
17627,40.6913
17628,41.3422
17629,43.5926
17630,43.7651
17631,40.1062
17632,39.2291
17633,38.3169
17634,39.4884
17635,37.0011
17636,39.441
17637,45.1818
17638,39.5164
17639,42.982
17640,43.9469
17641,39.0895
17642,38.7338
17643,40.011
17644,39.3599
17645,42.6242
17646,43.7295
17647,39.6406
17648,39.7514
17649,35.8363
17650,38.2144
17651,40.2591
17652,38.6205
17653,41.3245
17654,36.4807
17655,38.5164
17656,42.0291
17657,42.2612
17658,42.3721
17659,35.5207
17660,38.8932
17661,39.8082
17662,38.3704
17663,40.6256
17664,41.4368
17665,38.5683
17666,41.4167
17667,39.3101
17668,39.2728
17669,39.5283
17670,40.1598
17671,36.8547
17672,41.2333
17673,41.4373
17674,37.5984
17675,42.6164
17676,39.1
17677,42.2912
17678,41.7987
17679,38.9678
17680,41.0879
17681,35.1989
17682,37.4136
17683,42.5597
17684,36.8111
17685,38.3039
17686,37.767
17687,38.2233
17688,38.6794
17689,38.7322
17690,37.8247
17691,39.9586
17692,39.1767
17693,40.0603
17694,44.4167
17695,40.6415
17696,40.7296
17697,40.838
17698,40.7758
17699,41.6611
17700,38.8446
17701,43.2116
17702,40.3708
17703,39.8964
17704,40.5441
17705,44.7472
17706,37.3778
17707,40.1407
17708,39.062
17709,39.708
17710,36.0309
17711,39.3191
17712,39.7328
17713,41.0526
17714,41.711
17715,41.8552
17716,42.4699
17717,40.4931
17718,39.6873
17719,38.7044
17720,41.1285
17721,38.0907
17722,40.312
17723,42.7279
17724,40.2059
17725,40.5883
17726,39.7298
17727,39.8958
17728,40.4494
17729,37.4621
17730,37.8292
17731,42.5476
17732,37.7344
17733,39.0014
17734,44.2499
17735,40.4838
17736,39.6415
17737,43.5592
17738,41.6841
17739,41.9945
17740,42.8044
17741,38.1747
17742,38.805
17743,38.5988
17744,40.926
17745,37.0527
17746,40.7331
17747,39.8856
17748,38.7463
17749,37.0127
17750,41.5206
17751,41.967
17752,39.506
17753,39.2007
17754,39.8376
17755,41.5509
17756,42.819
17757,39.2771
17758,42.1358
17759,37.1698
17760,37.3937
17761,41.9356
17762,38.197
17763,38.3722
17764,38.4366
17765,38.5955
17766,40.0335
17767,39.8025
17768,39.9555
17769,39.4486
17770,42.9601
17771,38.4357
17772,36.0277
17773,37.3178
17774,39.3262
17775,38.175
17776,38.7878
17777,38.9275
17778,41.9361
17779,41.4829
17780,40.1745
17781,43.217
17782,39.2366
17783,41.4198
17784,37.0055
17785,39.2829
17786,37.2924
17787,40.7125
17788,41.8754
17789,44.1109
17790,39.1411
17791,42.0365
17792,38.1848
17793,37.823
17794,39.0587
17795,41.2321
17796,39.0662
17797,40.1304
17798,36.2418
17799,37.6149
17800,40.0211
17801,39.2276
17802,39.3055
17803,39.3517
17804,41.2255
17805,41.4508
17806,41.5261
17807,39.8058
17808,41.8884
17809,42.6697
17810,43.5539
17811,40.793
17812,41.8058
17813,43.1208
17814,36.5861
17815,37.3794
17816,39.8887
17817,40.9953
17818,40.5719
17819,39.631
17820,41.2285
17821,37.9464
17822,39.4178
17823,37.066
17824,41.0662
17825,41.6325
17826,42.3142
17827,40.0706
17828,39.2415
17829,41.6375
17830,41.7471
17831,40.833
17832,39.2925
17833,40.2824
17834,37.8996
17835,42.4919
17836,36.6131
17837,43.8152
17838,42.7665
17839,32.8657
17840,39.8898
17841,38.8982
17842,37.2237
17843,40.9561
17844,40.3829
17845,41.216
17846,40.0257
17847,40.4943
17848,40.775
17849,39.3187
17850,37.1658
17851,37.2243
17852,43.3034
17853,39.4523
17854,40.753
17855,39.2731
17856,40.5784
17857,41.1896
17858,40.2089
17859,40.3886
17860,37.5022
17861,38.1411
17862,39.7489
17863,40.2119
17864,43.6055
17865,40.6989
17866,42.4532
17867,39.4666
17868,44.7212
17869,43.1353
17870,43.4698
17871,37.1907
17872,40.7696
17873,40.7951
17874,40.7524
17875,40.5911
17876,39.7748
17877,37.9743
17878,38.1148
17879,38.2654
17880,40.4209
17881,38.3123
17882,37.3236
17883,38.7909
17884,41.0382
17885,40.1935
17886,40.2248
17887,41.3267
17888,38.2505
17889,39.2204
17890,41.4433
17891,38.6881
17892,40.5558
17893,43.061
17894,41.2603
17895,39.8047
17896,40.8025
17897,39.0395
17898,39.7646
17899,40.3557
17900,41.878
17901,42.077
17902,41.3741
17903,39.7728
17904,37.6961
17905,37.8575
17906,38.2212
17907,35.3763
17908,40.4099
17909,40.7122
17910,40.9447
17911,41.8775
17912,42.2066
17913,39.9529
17914,40.4658
17915,37.9429
17916,34.0435
17917,39.1333
17918,39.1921
17919,39.3191
17920,39.4635
17921,39.6001
17922,38.4603
17923,41.3634
17924,37.608
17925,38.1627
17926,43.5966
17927,41.749
17928,43.7925
17929,37.9262
17930,37.9611
17931,40.3078
17932,40.3475
17933,39.5924
17934,40.6816
17935,40.9792
17936,37.3618
17937,38.4397
17938,34.4605
17939,36.9488
17940,41.0225
17941,37.0722
17942,42.2972
17943,38.6946
17944,41.9223
17945,35.9761
17946,42.2404
17947,37.8575
17948,38.0996
17949,40.1244
17950,40.1862
17951,44.5598
17952,38.6856
17953,38.7179
17954,38.8244
17955,42.5474
17956,39.5706
17957,39.6067
17958,40.0332
17959,40.3313
17960,40.416
17961,40.7586
17962,40.3412
17963,41.9198
17964,40.141
17965,39.4811
17966,36.5929
17967,41.2621
17968,42.2816
17969,42.7045
17970,43.7508
17971,39.5822
17972,43.9965
17973,39.1131
17974,38.2359
17975,39.4126
17976,42.4548
17977,38.7918
17978,37.0657
17979,42.2554
17980,39.7122
17981,40.0151
17982,44.3307
17983,40.9217
17984,33.7702
17985,40.9659
17986,38.9808
17987,37.411
17988,39.6608
17989,39.676
17990,37.8371
17991,41.1789
17992,41.5089
17993,39.0148
17994,41.0253
17995,44.0977
17996,40.1764
17997,37.6774
17998,41.7722
17999,40.3898
18000,43.9299
18001,38.0737
18002,40.0406
18003,40.0231
18004,41.7304
18005,41.2848
18006,39.4147
18007,41.3303
18008,39.472
18009,40.8153
18010,39.7875
18011,44.2047
18012,37.4436
18013,39.5448
18014,38.5563
18015,42.7114
18016,43.4102
18017,40.0424
18018,41.1583
18019,42.2386
18020,39.9379
18021,41.245
18022,41.5443
18023,39.5527
18024,39.7404
18025,41.9011
18026,40.3812
18027,41.6488
18028,42.6834
18029,42.5427
18030,43.4935
18031,40.9937
18032,41.0665
18033,38.3963
18034,36.8179
18035,37.5633
18036,40.5717
18037,40.332
18038,42.4637
18039,40.3532
18040,38.2373
18041,44.4352
18042,37.8194
18043,34.8351
18044,40.9331
18045,38.469
18046,41.3231
18047,37.4993
18048,37.538
18049,41.6594
18050,40.1894
18051,38.2342
18052,42.7826
18053,43.0483
18054,43.4233
18055,39.5403
18056,40.602
18057,39.7999
18058,40.9953
18059,45.2671
18060,41.3012
18061,40.6214
18062,40.7084
18063,39.7397
18064,41.9492
18065,42.008
18066,41.0362
18067,38.0835
18068,41.9712
18069,38.3824
18070,37.6877
18071,43.9099
18072,42.3282
18073,41.9792
18074,37.8287
18075,40.7895
18076,39.7072
18077,35.775
18078,36.9131
18079,43.3037
18080,36.4052
18081,37.4652
18082,37.9804
18083,42.313
18084,39.714
18085,39.0359
18086,39.1569
18087,40.7685
18088,45.8066
18089,38.8663
18090,41.3102
18091,38.5595
18092,42.1793
18093,37.2222
18094,40.8016
18095,39.8121
18096,41.1254
18097,37.923
18098,42.0169
18099,39.5891
18100,38.8396
18101,40.0313
18102,37.1404
18103,38.4924
18104,37.2409
18105,38.6879
18106,39.4809
18107,38.2909
18108,41.5713
18109,41.8148
18110,35.5306
18111,38.9278
18112,39.0637
18113,39.5151
18114,37.6105
18115,39.8455
18116,39.6794
18117,39.6879
18118,35.7409
18119,41.3846
18120,40.0178
18121,38.0542
18122,40.1951
18123,38.2149
18124,41.6403
18125,38.6514
18126,38.8782
18127,39.5719
18128,37.7514
18129,38.0344
18130,40.1281
18131,40.6239
18132,41.5769
18133,40.1561
18134,40.2152
18135,42.2295
18136,40.184
18137,43.3797
18138,37.6943
18139,37.7146
18140,38.3152
18141,41.4874
18142,39.7341
18143,44.0473
18144,40.127
18145,40.5979
18146,40.8356
18147,36.917
18148,38.9971
18149,47.3056
18150,41.53
18151,41.9242
18152,42.6838
18153,40.1867
18154,43.5052
18155,40.8402
18156,41.3251
18157,37.6366
18158,35.8972
18159,42.6214
18160,38.8932
18161,37.1517
18162,45.9572
18163,40.4044
18164,36.923
18165,38.1313
18166,41.5867
18167,38.8823
18168,39.6446
18169,42.7245
18170,38.2888
18171,39.6604
18172,39.862
18173,36.7357
18174,42.0632
18175,42.4277
18176,41.8763
18177,37.1916
18178,39.6866
18179,39.8102
18180,38.9128
18181,39.9575
18182,39.187
18183,38.1954
18184,41.5687
18185,41.017
18186,42.0254
18187,43.1691
18188,42.2674
18189,43.1393
18190,44.6474
18191,45.0242
18192,39.1627
18193,37.1465
18194,36.5422
18195,36.2267
18196,38.5503
18197,37.9822
18198,40.1356
18199,39.144
18200,37.2233
18201,41.3324
18202,40.4237
18203,38.4336
18204,39.6982
18205,38.3948
18206,38.6216
18207,38.2009
18208,42.4924
18209,41.4885
18210,39.8553
18211,40.209
18212,37.2437
18213,40.2522
18214,38.6034
18215,38.5194
18216,38.7172
18217,41.321
18218,40.6692
18219,41.2823
18220,41.5888
18221,39.5947
18222,40.6057
18223,40.4652
18224,38.6312
18225,41.1853
18226,40.3783
18227,39.2528
18228,39.9611
18229,41.4925
18230,37.8598
18231,41.36
18232,41.5953
18233,40.2368
18234,40.2967
18235,40.5642
18236,38.5583
18237,39.0232
18238,42.2405
18239,43.3826
18240,38.4069
18241,39.7124
18242,40.1095
18243,36.5827
18244,40.6219
18245,40.2824
18246,41.5925
18247,39.7702
18248,37.322
18249,36.3638
18250,40.4762
18251,38.5353
18252,37.631
18253,38.3189
18254,42.8204
18255,39.297
18256,39.9441
18257,36.1119
18258,41.2908
18259,39.3953
18260,41.9723
18261,37.9333
18262,40.3108
18263,40.1367
18264,40.1919
18265,39.3033
18266,38.7816
18267,40.9868
18268,40.312
18269,40.6543
18270,41.0714
18271,41.1175
18272,41.3883
18273,41.4613
18274,40.9579
18275,41.1277
18276,41.3203
18277,41.3846
18278,36.4199
18279,43.7845
18280,42.8977
18281,40.0193
18282,42.1433
18283,42.1958
18284,39.3606
18285,43.7567
18286,38.1431
18287,38.0346
18288,40.2105
18289,38.7299
18290,35.6088
18291,38.6172
18292,41.9549
18293,37.1071
18294,41.2009
18295,37.6485
18296,37.8761
18297,41.0496
18298,38.0928
18299,37.8743
18300,38.9326
18301,41.225
18302,40.3912
18303,41.9127
18304,42.3956
18305,35.4961
18306,38.4303
18307,39.327
18308,39.9233
18309,40.3351
18310,40.8033
18311,38.3154
18312,38.678
18313,39.228
18314,40.8506
18315,40.5429
18316,39.5038
18317,40.4898
18318,36.8015
18319,39.188
18320,42.0763
18321,40.5835
18322,40.8695
18323,42.9711
18324,43.1868
18325,40.2674
18326,41.0378
18327,41.2876
18328,41.4994
18329,39.6269
18330,40.8661
18331,40.2184
18332,41.3645
18333,42.6886
18334,37.1565
18335,41.4063
18336,39.6879
18337,36.789
18338,38.4144
18339,42.4229
18340,39.5118
18341,37.9166
18342,42.1111
18343,39.8475
18344,42.1725
18345,40.4646
18346,36.8312
18347,41.2174
18348,39.5315
18349,37.1008
18350,36.9153
18351,40.159
18352,38.1953
18353,37.7619
18354,43.0601
18355,41.9134
18356,39.1281
18357,39.0039
18358,41.1104
18359,41.1609
18360,39.1838
18361,40.2991
18362,41.0347
18363,40.14
18364,43.4179
18365,42.4473
18366,35.2076
18367,38.9493
18368,42.1322
18369,39.397
18370,37.752
18371,42.8422
18372,39.0423
18373,39.077
18374,38.1377
18375,44.5594
18376,38.7662
18377,37.9746
18378,43.0551
18379,43.4484
18380,39.6595
18381,38.9128
18382,39.5041
18383,40.2465
18384,40.3441
18385,37.576
18386,41.0766
18387,42.1882
18388,42.5782
18389,41.7113
18390,41.7945
18391,38.8162
18392,39.0817
18393,41.0944
18394,41.1561
18395,37.5608
18396,39.3963
18397,39.7335
18398,42.5817
18399,40.7257
18400,40.769
18401,41.028
18402,41.4637
18403,44.2584
18404,36.6894
18405,40.4612
18406,39.8072
18407,38.7052
18408,39.8204
18409,41.7866
18410,37.3665
18411,38.6692
18412,38.9279
18413,38.4571
18414,39.5734
18415,37.8641
18416,39.9055
18417,38.6655
18418,40.7424
18419,39.0397
18420,35.0109
18421,40.2489
18422,41.4234
18423,42.472
18424,43.5871
18425,40.6041
18426,41.6529
18427,38.6614
18428,43.1873
18429,36.4166
18430,43.581
18431,40.5975
18432,37.3876
18433,37.1203
18434,39.2138
18435,37.6066
18436,39.8363
18437,37.7894
18438,38.8009
18439,38.8403
18440,43.1864
18441,42.8417
18442,40.336
18443,40.5636
18444,38.7866
18445,42.7937
18446,40.1714
18447,40.2741
18448,37.3058
18449,39.5438
18450,38.6239
18451,35.099
18452,39.3249
18453,40.8754
18454,39.6319
18455,37.4688
18456,37.5396
18457,36.5579
18458,43.2228
18459,40.3048
18460,38.3775
18461,39.9152
18462,37.8495
18463,43.2666
18464,42.474
18465,38.9472
18466,39.1456
18467,39.8265
18468,37.2131
18469,40.3551
18470,38.3636
18471,36.6203
18472,39.075
18473,37.8172
18474,40.8604
18475,36.8869
18476,39.958
18477,39.7485
18478,39.1825
18479,40.4571
18480,41.1622
18481,42.2629
18482,41.3694
18483,41.4807
18484,44.5371
18485,40.4444
18486,40.8634
18487,38.1262
18488,41.0734
18489,43.0156
18490,35.4932
18491,37.7034
18492,40.0642
18493,39.3381
18494,40.9523
18495,41.4742
18496,40.0913
18497,39.6582
18498,40.341
18499,40.4389
18500,39.592
18501,43.6917
18502,42.1176
18503,39.3385
18504,40.136
18505,37.8388
18506,38.0788
18507,37.5121
18508,40.5653
18509,42.1068
18510,42.4629
18511,42.6248
18512,40.6665
18513,39.8532
18514,39.5228
18515,41.5313
18516,41.8049
18517,37.9534
18518,41.0093
18519,37.4941
18520,38.697
18521,39.808
18522,40.0598
18523,37.1117
18524,39.1736
18525,40.1945
18526,39.247
18527,38.2555
18528,42.3657
18529,41.5606
18530,40.6357
18531,38.9831
18532,39.0252
18533,39.2726
18534,40.7298
18535,42.9237
18536,41.5016
18537,38.607
18538,40.8899
18539,40.9344
18540,40.958
18541,41.0854
18542,39.2686
18543,41.3344
18544,41.4337
18545,43.3613
18546,39.595
18547,39.2753
18548,36.862
18549,41.7529
18550,41.4162
18551,42.6005
18552,38.3151
18553,42.9022
18554,40.5231
18555,43.4528
18556,42.2807
18557,42.689
18558,43.3012
18559,37.5693
18560,36.9125
18561,37.3155
18562,40.5753
18563,39.6334
18564,40.7969
18565,40.7264
18566,39.258
18567,37.9308
18568,37.9934
18569,39.0596
18570,38.8457
18571,37.1818
18572,38.9447
18573,38.0911
18574,38.9351
18575,40.468
18576,41.6192
18577,41.1895
18578,41.7446
18579,42.0589
18580,41.005
18581,37.334
18582,37.9484
18583,44.1868
18584,38.8223
18585,40.5558
18586,41.2264
18587,40.3017
18588,40.7636
18589,37.1057
18590,38.4114
18591,40.9356
18592,37.5232
18593,39.9994
18594,41.5009
18595,38.1287
18596,35.1671
18597,37.7097
18598,37.1538
18599,39.1622
18600,39.1426
18601,38.7697
18602,38.9142
18603,39.3104
18604,41.5347
18605,39.3709
18606,39.549
18607,40.8048
18608,37.9864
18609,40.3237
18610,39.3508
18611,42.9987
18612,42.0261
18613,40.2756
18614,42.3175
18615,37.8998
18616,39.2936
18617,41.4015
18618,40.4019
18619,41.2488
18620,39.1566
18621,41.0422
18622,39.7775
18623,40.0177
18624,38.8131
18625,36.932
18626,41.333
18627,39.4168
18628,39.6778
18629,40.0448
18630,40.079
18631,40.2345
18632,41.1024
18633,41.2346
18634,40.2944
18635,37.344
18636,37.6553
18637,38.1333
18638,40.565
18639,41.0376
18640,41.6325
18641,40.8013
18642,41.5177
18643,35.5123
18644,34.8664
18645,40.0622
18646,39.1936
18647,44.8911
18648,39.468
18649,36.2138
18650,39.6788
18651,41.738
18652,39.7464
18653,39.9022
18654,38.8747
18655,38.4855
18656,40.9154
18657,42.3634
18658,43.4552
18659,43.1899
18660,38.1985
18661,40.4622
18662,37.5832
18663,38.6885
18664,44.0807
18665,40.1718
18666,39.1802
18667,41.0479
18668,41.1016
18669,40.1579
18670,38.8481
18671,42.1392
18672,43.3814
18673,39.7943
18674,41.3171
18675,44.092
18676,44.3752
18677,39.7178
18678,38.4246
18679,39.2541
18680,39.7883
18681,40.3284
18682,37.2305
18683,37.2781
18684,37.735
18685,38.1902
18686,40.7471
18687,38.8142
18688,40.2474
18689,39.3145
18690,36.3337
18691,40.4688
18692,39.5179
18693,38.0281
18694,40.2112
18695,41.9297
18696,39.4217
18697,38.1715
18698,36.2137
18699,44.5131
18700,36.5344
18701,40.8924
18702,41.4356
18703,41.7401
18704,38.0576
18705,38.9969
18706,39.5918
18707,39.6049
18708,39.6609
18709,39.7296
18710,40.2741
18711,40.3226
18712,40.6277
18713,40.7527
18714,40.7968
18715,40.8138
18716,37.894
18717,40.9112
18718,41.0641
18719,38.1862
18720,41.8832
18721,41.9375
18722,42.2132
18723,38.2905
18724,42.8574
18725,36.9796
18726,37.5318
18727,42.0245
18728,44.2615
18729,41.495
18730,41.5895
18731,40.3631
18732,40.6401
18733,47.4387
18734,37.0954
18735,38.005
18736,40.7861
18737,35.7946
18738,39.5561
18739,39.2891
18740,36.4107
18741,39.4397
18742,40.2718
18743,41.0566
18744,39.537
18745,42.1041
18746,42.7034
18747,38.266
18748,42.7284
18749,39.1629
18750,44.8426
18751,42.514
18752,39.1679
18753,43.419
18754,39.82
18755,35.0737
18756,41.1704
18757,43.6762
18758,38.6883
18759,40.1275
18760,42.9733
18761,41.1814
18762,40.5574
18763,38.5307
18764,38.7384
18765,38.8537
18766,39.4528
18767,38.625
18768,35.2302
18769,38.3176
18770,40.392
18771,40.6615
18772,39.7416
18773,40.2748
18774,42.2832
18775,37.9839
18776,38.4698
18777,40.8247
18778,38.9126
18779,43.9854
18780,39.7401
18781,41.0796
18782,40.1498
18783,40.2518
18784,40.289
18785,38.755
18786,37.9761
18787,41.1898
18788,40.5323
18789,39.5745
18790,43.8867
18791,40.0526
18792,38.2349
18793,40.431
18794,42.9355
18795,41.5376
18796,40.0069
18797,39.7694
18798,40.9351
18799,41.1663
18800,38.3537
18801,38.5339
18802,41.7961
18803,41.8046
18804,37.5629
18805,36.5952
18806,39.8893
18807,45.0885
18808,39.065
18809,41.9412
18810,37.3405
18811,43.1791
18812,41.3173
18813,39.013
18814,43.5476
18815,39.5807
18816,38.8795
18817,40.3509
18818,40.3977
18819,42.2101
18820,41.6944
18821,37.8569
18822,39.1876
18823,36.4231
18824,40.7284
18825,39.4596
18826,41.0603
18827,44.6134
18828,42.0869
18829,39.2801
18830,40.5894
18831,38.6244
18832,38.3037
18833,39.3394
18834,46.7253
18835,40.7941
18836,41.5783
18837,40.6504
18838,41.6949
18839,41.7843
18840,36.3094
18841,39.6036
18842,40.9967
18843,38.5211
18844,41.7252
18845,38.8726
18846,37.9607
18847,41.0238
18848,40.4018
18849,39.5883
18850,37.0335
18851,41.6789
18852,38.7205
18853,37.7905
18854,40.8357
18855,38.1076
18856,41.7713
18857,38.8172
18858,40.2134
18859,40.3922
18860,43.4623
18861,37.5472
18862,40.0098
18863,41.2875
18864,40.551
18865,40.6697
18866,40.8216
18867,41.6373
18868,41.8654
18869,37.3846
18870,36.8716
18871,39.5096
18872,36.6149
18873,38.9081
18874,40.2038
18875,39.7312
18876,39.9619
18877,43.1221
18878,38.6387
18879,41.8472
18880,42.0185
18881,44.0382
18882,38.0658
18883,42.0917
18884,42.5344
18885,36.9431
18886,38.9188
18887,44.4291
18888,40.0502
18889,39.0572
18890,37.0711
18891,38.5407
18892,40.9551
18893,41.5232
18894,37.91
18895,40.2319
18896,39.4714
18897,39.819
18898,40.9389
18899,38.4211
18900,40.5344
18901,41.9753
18902,41.4415
18903,37.7491
18904,38.7077
18905,38.7392
18906,42.8024
18907,38.9313
18908,41.545
18909,38.3023
18910,40.5338
18911,39.0713
18912,42.045
18913,37.0805
18914,44.2053
18915,38.3061
18916,41.1117
18917,36.1304
18918,40.0285
18919,40.156
18920,37.2898
18921,40.605
18922,38.3372
18923,38.8431
18924,42.1477
18925,42.6935
18926,39.7483
18927,40.007
18928,37.1536
18929,40.162
18930,40.4587
18931,41.3158
18932,43.3347
18933,38.8806
18934,41.9228
18935,42.2555
18936,42.6112
18937,39.6372
18938,42.7936
18939,37.9176
18940,38.0738
18941,37.1723
18942,38.1938
18943,39.2399
18944,38.4407
18945,38.8868
18946,40.1642
18947,40.2067
18948,38.4275
18949,38.4612
18950,39.6476
18951,39.7212
18952,40.0955
18953,40.9793
18954,40.4886
18955,42.8595
18956,43.4191
18957,36.3806
18958,36.8804
18959,36.0772
18960,37.0279
18961,37.6065
18962,37.9854
18963,39.9623
18964,41.0669
18965,39.6779
18966,42.7546
18967,41.9445
18968,41.1113
18969,40.1252
18970,39.3542
18971,40.3837
18972,40.4198
18973,38.6823
18974,37.7141
18975,38.9946
18976,38.0763
18977,35.5907
18978,38.7849
18979,39.8106
18980,40.5949
18981,35.0344
18982,38.1392
18983,35.2122
18984,41.2287
18985,37.2675
18986,39.5216
18987,39.873
18988,40.4277
18989,38.957
18990,36.9654
18991,37.7204
18992,45.0868
18993,38.1928
18994,38.8503
18995,39.5981
18996,37.3141
18997,40.6636
18998,44.971
18999,41.1324
19000,41.5417
19001,42.3457
19002,37.6315
19003,42.7968
19004,40.857
19005,43.1058
19006,40.4048
19007,43.5549
19008,39.2025
19009,35.8837
19010,38.2981
19011,38.7447
19012,37.8031
19013,40.4006
19014,39.4843
19015,38.1746
19016,38.6406
19017,41.9436
19018,43.9146
19019,38.7315
19020,41.4899
19021,37.7159
19022,41.0536
19023,37.8017
19024,40.1786
19025,42.8822
19026,40.6076
19027,44.1524
19028,40.5723
19029,42.8563
19030,41.6238
19031,41.7446
19032,42.3133
19033,43.8604
19034,38.9474
19035,40.2065
19036,39.4309
19037,40.2247
19038,37.8408
19039,38.2538
19040,37.9786
19041,39.1315
19042,41.9552
19043,37.8443
19044,40.9122
19045,37.046
19046,38.0872
19047,41.2023
19048,37.2107
19049,41.6564
19050,39.724
19051,33.178
19052,39.279
19053,39.2718
19054,41.8516
19055,42.3545
19056,40.4561
19057,40.2314
19058,41.295
19059,40.3678
19060,40.4003
19061,44.0674
19062,39.6357
19063,41.5224
19064,36.9394
19065,40.6858
19066,38.2414
19067,37.7493
19068,40.9494
19069,39.3185
19070,42.084
19071,40.7715
19072,38.3996
19073,41.109
19074,42.6506
19075,36.7809
19076,37.3329
19077,39.1833
19078,39.2506
19079,39.4805
19080,39.489
19081,40.5193
19082,38.9267
19083,40.2453
19084,40.8682
19085,38.9189
19086,40.1763
19087,40.6366
19088,41.858
19089,38.996
19090,38.4763
19091,39.3113
19092,44.8093
19093,39.8812
19094,41.1065
19095,40.0339
19096,38.8841
19097,40.5546
19098,40.2477
19099,39.6592
19100,35.671
19101,40.1556
19102,41.6325
19103,38.8517
19104,39.4261
19105,43.1193
19106,39.9482
19107,37.1938
19108,40.0383
19109,38.1699
19110,40.2717
19111,41.2612
19112,34.3585
19113,39.6138
19114,37.58
19115,40.68
19116,38.6884
19117,40.8668
19118,40.8753
19119,41.225
19120,41.371
19121,42.3881
19122,40.5735
19123,35.6719
19124,37.1814
19125,39.3531
19126,42.4975
19127,38.1174
19128,39.2144
19129,40.5443
19130,38.5781
19131,40.0561
19132,39.3683
19133,39.6134
19134,39.6218
19135,40.0952
19136,40.1649
19137,37.2184
19138,40.4826
19139,37.6112
19140,40.628
19141,37.7535
19142,37.8131
19143,40.8935
19144,38.4025
19145,40.5658
19146,39.5851
19147,38.646
19148,42.2647
19149,38.3291
19150,39.3991
19151,39.8944
19152,40.0763
19153,40.2102
19154,40.4067
19155,39.6591
19156,40.6676
19157,40.8502
19158,44.5604
19159,41.8955
19160,41.9601
19161,42.231
19162,44.2706
19163,43.8091
19164,38.9176
19165,38.6204
19166,40.3625
19167,39.9105
19168,38.3026
19169,38.3353
19170,38.6864
19171,41.0489
19172,39.2117
19173,39.3136
19174,39.2404
19175,40.26
19176,40.3408
19177,40.5808
19178,41.1511
19179,37.3586
19180,37.5442
19181,42.6957
19182,43.1146
19183,43.8764
19184,39.4
19185,39.4084
19186,37.1283
19187,41.0816
19188,39.774
19189,41.5702
19190,37.6411
19191,39.2422
19192,38.4135
19193,38.4641
19194,38.649
19195,36.7589
19196,39.0135
19197,39.0723
19198,39.1523
19199,39.6669
19200,39.7365
19201,41.8557
19202,39.8641
19203,41.3334
19204,40.5116
19205,40.9219
19206,40.0021
19207,41.1786
19208,41.187
19209,41.3422
19210,38.4867
19211,41.8104
19212,39.9683
19213,40.9789
19214,42.3986
19215,36.9582
19216,40.3378
19217,43.0614
19218,38.3872
19219,39.498
19220,40.4831
19221,40.3278
19222,45.1545
19223,41.5157
19224,43.1995
19225,42.9006
19226,41.811
19227,41.9191
19228,38.9377
19229,36.7197
19230,38.1992
19231,41.413
19232,39.5028
19233,39.5268
19234,40.7446
19235,37.9138
19236,41.5731
19237,42.943
19238,43.4507
19239,41.4793
19240,40.5306
19241,37.5527
19242,36.3869
19243,39.3631
19244,39.4715
19245,37.6601
19246,42.8185
19247,41.8543
19248,40.449
19249,39.7722
19250,38.4794
19251,39.0059
19252,37.2013
19253,39.1702
19254,39.2281
19255,38.8311
19256,37.0968
19257,39.7587
19258,41.5279
19259,42.3894
19260,39.1548
19261,39.4204
19262,44.1005
19263,41.7823
19264,39.4803
19265,39.0062
19266,38.2793
19267,37.5051
19268,39.9265
19269,40.0252
19270,39.5473
19271,41.7374
19272,39.7181
19273,40.934
19274,43.5238
19275,39.0403
19276,43.3247
19277,44.209
19278,40.1636
19279,41.4397
19280,39.1521
19281,39.2858
19282,39.8353
19283,40.3217
19284,40.3994
19285,40.6839
19286,40.307
19287,40.3709
19288,40.8219
19289,39.8413
19290,42.3299
19291,40.8494
19292,41.0887
19293,39.6629
19294,41.7487
19295,41.9622
19296,40.9774
19297,45.1791
19298,39.9496
19299,39.0874
19300,40.2347
19301,42.2431
19302,38.4752
19303,41.6926
19304,38.5812
19305,36.7121
19306,39.01
19307,40.4007
19308,39.75
19309,42.4643
19310,38.7975
19311,40.8123
19312,42.0498
19313,35.4316
19314,38.6489
19315,41.8344
19316,38.9159
19317,37.2524
19318,42.0268
19319,39.0951
19320,40.0666
19321,40.2691
19322,38.0259
19323,36.3594
19324,38.5075
19325,42.0461
19326,38.4313
19327,40.0693
19328,36.2436
19329,39.8272
19330,38.5729
19331,38.4757
19332,39.9522
19333,38.4571
19334,42.4466
19335,42.2721
19336,38.3187
19337,38.4582
19338,40.6197
19339,39.0933
19340,39.3794
19341,39.6121
19342,38.9177
19343,36.9261
19344,38.2213
19345,39.8185
19346,39.0263
19347,40.7384
19348,43.1123
19349,44.2652
19350,39.8423
19351,40.2655
19352,37.7971
19353,37.2443
19354,43.0751
19355,37.1953
19356,36.3739
19357,37.138
19358,41.4843
19359,40.8309
19360,37.9874
19361,38.7884
19362,37.3583
19363,41.7991
19364,37.9397
19365,36.0485
19366,39.1539
19367,44.3213
19368,38.4445
19369,38.4529
19370,39.6178
19371,38.9771
19372,39.7843
19373,40.0456
19374,41.1735
19375,41.2792
19376,40.2887
19377,38.7319
19378,37.9962
19379,39.0562
19380,41.6556
19381,39.3053
19382,33.3777
19383,40.8877
19384,40.6642
19385,39.0662
19386,42.0974
19387,41.1777
19388,40.8456
19389,41.5143
19390,41.7922
19391,40.1002
19392,39.2999
19393,39.5546
19394,40.9085
19395,39.9297
19396,41.1228
19397,41.8426
19398,37.9843
19399,41.0796
19400,41.1998
19401,41.3716
19402,42.432
19403,36.4475
19404,42.5598
19405,41.3605
19406,45.77
19407,39.7289
19408,40.0409
19409,40.5631
19410,42.1004
19411,41.9075
19412,37.2826
19413,37.8123
19414,38.4837
19415,38.8668
19416,37.321
19417,39.8545
19418,41.6556
19419,41.3499
19420,39.3931
19421,42.6236
19422,40.486
19423,40.5712
19424,41.2258
19425,44.3248
19426,47.0749
19427,41.6626
19428,38.8968
19429,38.5662
19430,40.3911
19431,37.747
19432,38.1388
19433,38.1644
19434,41.4724
19435,38.607
19436,40.6815
19437,39.9403
19438,39.1879
19439,39.3445
19440,39.399
19441,42.4074
19442,39.5412
19443,43.171
19444,40.2713
19445,40.3041
19446,41.325
19447,40.3606
19448,40.4775
19449,40.4897
19450,41.1234
19451,36.292
19452,41.4783
19453,42.4547
19454,39.0046
19455,39.2786
19456,43.4655
19457,40.6365
19458,36.6378
19459,41.9562
19460,39.2218
19461,42.6852
19462,37.9378
19463,38.0144
19464,38.0249
19465,40.3035
19466,41.6144
19467,41.9572
19468,39.498
19469,39.6766
19470,41.8455
19471,39.0406
19472,36.4412
19473,40.7032
19474,38.2666
19475,40.3602
19476,40.7309
19477,38.881
19478,39.0949
19479,39.3164
19480,40.4881
19481,37.6776
19482,41.2201
19483,39.9923
19484,40.6633
19485,40.1373
19486,41.3388
19487,37.5052
19488,41.6658
19489,38.072
19490,36.3728
19491,38.7469
19492,39.5759
19493,37.6971
19494,37.7119
19495,40.1821
19496,40.3376
19497,38.4356
19498,40.9997
19499,41.0427
19500,41.1659
19501,40.4877
19502,39.5799
19503,39.7483
19504,41.8531
19505,40.3005
19506,42.4266
19507,40.4538
19508,40.6341
19509,40.8124
19510,43.3168
19511,42.5975
19512,35.7079
19513,42.1675
19514,37.0595
19515,38.4233
19516,37.7326
19517,42.2399
19518,39.5409
19519,37.7506
19520,42.2396
19521,43.2548
19522,36.8689
19523,35.8883
19524,39.6773
19525,42.6036
19526,36.4892
19527,39.5131
19528,42.2491
19529,42.3594
19530,37.7891
19531,38.8257
19532,42.9116
19533,39.9842
19534,41.1521
19535,41.2306
19536,38.3638
19537,38.4228
19538,40.7382
19539,41.8112
19540,38.934
19541,39.2395
19542,39.6126
19543,39.017
19544,42.3793
19545,39.4403
19546,39.5022
19547,41.0795
19548,40.7444
19549,41.2834
19550,38.9128
19551,42.3079
19552,38.8022
19553,38.908
19554,40.9225
19555,39.0536
19556,44.0655
19557,39.5385
19558,39.6911
19559,41.809
19560,40.7192
19561,39.8048
19562,38.7695
19563,36.9744
19564,44.1141
19565,44.0222
19566,40.9159
19567,40.8149
19568,37.0099
19569,39.7943
19570,40.2238
19571,40.1825
19572,40.5551
19573,41.9421
19574,37.75
19575,43.0215
19576,40.148
19577,41.4274
19578,40.9
19579,37.2195
19580,39.9877
19581,40.6412
19582,38.9097
19583,41.7271
19584,37.1661
19585,39.5958
19586,40.7479
19587,40.8537
19588,38.5597
19589,38.9416
19590,37.9777
19591,39.0657
19592,38.3303
19593,42.0609
19594,40.2924
19595,40.3647
19596,40.4341
19597,39.645
19598,37.7017
19599,39.7808
19600,39.0243
19601,40.817
19602,39.904
19603,41.3859
19604,42.8228
19605,40.1359
19606,40.4536
19607,43.8316
19608,42.9385
19609,41.1727
19610,41.3657
19611,43.3758
19612,35.9308
19613,38.2696
19614,36.5962
19615,37.6063
19616,38.446
19617,39.5144
19618,39.8464
19619,39.97
19620,40.738
19621,41.381
19622,41.4354
19623,37.8421
19624,43.2141
19625,39.4795
19626,39.94
19627,39.2904
19628,41.3455
19629,38.5462
19630,39.5547
19631,39.9836
19632,42.1579
19633,36.9824
19634,39.3679
19635,38.4622
19636,38.0438
19637,40.0934
19638,41.697
19639,41.8735
19640,39.2773
19641,43.0923
19642,40.1842
19643,41.1486
19644,42.2441
19645,38.0972
19646,36.1374
19647,39.3676
19648,38.3436
19649,39.1996
19650,40.2338
19651,38.5266
19652,39.0972
19653,38.115
19654,38.5743
19655,39.5828
19656,38.6446
19657,39.3493
19658,40.5535
19659,40.84
19660,43.996
19661,41.0113
19662,36.5558
19663,39.0686
19664,39.3187
19665,38.6702
19666,40.4762
19667,43.7477
19668,42.0055
19669,41.1476
19670,40.1679
19671,40.2579
19672,42.3349
19673,41.7109
19674,41.8822
19675,41.3661
19676,39.9042
19677,35.9581
19678,40.1191
19679,44.2195
19680,39.0185
19681,38.2992
19682,38.9976
19683,40.6507
19684,40.7079
19685,41.5894
19686,35.4572
19687,36.8082
19688,37.9908
19689,38.2798
19690,40.4908
19691,39.3775
19692,39.503
19693,41.6037
19694,40.0156
19695,40.072
19696,40.1094
19697,40.7533
19698,40.9151
19699,41.4412
19700,41.8539
19701,42.1208
19702,42.7289
19703,39.0487
19704,43.1048
19705,40.5674
19706,40.6887
19707,40.818
19708,41.4565
19709,41.1915
19710,39.654
19711,44.5034
19712,36.852
19713,36.4724
19714,38.6286
19715,38.7325
19716,39.5337
19717,38.2092
19718,38.2578
19719,37.9657
19720,40.2412
19721,38.5167
19722,40.6253
19723,40.9368
19724,40.4008
19725,39.4988
19726,41.8879
19727,40.0684
19728,39.2059
19729,40.9004
19730,40.9817
19731,42.0349
19732,41.1065
19733,34.1269
19734,39.8677
19735,42.0104
19736,42.1678
19737,43.9235
19738,39.9358
19739,44.1054
19740,37.1422
19741,41.4359
19742,37.4678
19743,37.8877
19744,44.5316
19745,36.5519
19746,36.9608
19747,37.5978
19748,43.6562
19749,35.6
19750,38.7719
19751,36.7817
19752,38.1581
19753,37.7199
19754,37.7755
19755,38.9751
19756,38.4357
19757,38.6223
19758,40.6637
19759,43.9275
19760,39.972
19761,40.9881
19762,34.3174
19763,38.6246
19764,37.7391
19765,42.1378
19766,40.2097
19767,41.2299
19768,39.836
19769,42.3469
19770,41.9363
19771,42.5746
19772,40.6701
19773,39.6613
19774,43.0092
19775,42.1025
19776,39.0034
19777,37.0549
19778,38.4542
19779,39.7379
19780,42.8276
19781,37.9401
19782,40.0529
19783,40.2787
19784,40.5628
19785,40.641
19786,41.1024
19787,40.3364
19788,41.7746
19789,39.9005
19790,42.0797
19791,40.6041
19792,41.6125
19793,36.0656
19794,38.35
19795,40.514
19796,38.6568
19797,36.7018
19798,40.8005
19799,35.1705
19800,37.2051
19801,38.2636
19802,39.2772
19803,38.3469
19804,38.5447
19805,37.9002
19806,36.9503
19807,38.5069
19808,41.7299
19809,39.2729
19810,43.5863
19811,40.642
19812,40.9443
19813,40.2048
19814,41.5893
19815,40.1484
19816,36.2244
19817,42.7188
19818,41.4184
19819,38.1379
19820,38.2777
19821,39.6963
19822,45.9351
19823,36.9847
19824,38.1832
19825,42.5603
19826,38.9403
19827,43.2402
19828,37.8543
19829,38.1731
19830,40.2184
19831,38.2583
19832,43.6965
19833,40.1379
19834,40.4939
19835,40.9889
19836,42.1749
19837,37.3466
19838,41.5146
19839,42.8051
19840,41.983
19841,39.7256
19842,39.9606
19843,38.1104
19844,37.733
19845,37.9927
19846,39.1368
19847,42.8657
19848,39.7867
19849,40.7952
19850,41.179
19851,36.5851
19852,37.8008
19853,39.9036
19854,41.1213
19855,39.7353
19856,43.8421
19857,37.8784
19858,44.1325
19859,42.1977
19860,38.5647
19861,41.8426
19862,41.0494
19863,35.3325
19864,37.7592
19865,38.0424
19866,42.6796
19867,39.6284
19868,36.2864
19869,41.0971
19870,37.4809
19871,41.5332
19872,43.5702
19873,41.923
19874,42.6274
19875,37.6436
19876,39.3258
19877,42.3342
19878,40.3879
19879,38.4237
19880,41.5463
19881,39.6698
19882,39.6966
19883,38.2673
19884,36.7414
19885,44.4892
19886,42.6407
19887,41.6557
19888,40.7369
19889,40.9679
19890,42.2848
19891,40.5702
19892,40.6724
19893,41.7154
19894,40.1596
19895,41.5037
19896,42.9713
19897,42.8508
19898,44.4002
19899,40.827
19900,35.7643
19901,41.0589
19902,42.8978
19903,36.0677
19904,40.7134
19905,38.2855
19906,41.4787
19907,42.5298
19908,38.9715
19909,41.5099
19910,40.0406
19911,40.5197
19912,41.0811
19913,41.2972
19914,42.3242
19915,39.0629
19916,37.5284
19917,38.6991
19918,42.852
19919,39.9171
19920,41.6749
19921,40.6048
19922,41.0589
19923,44.7936
19924,43.2126
19925,39.7199
19926,40.8414
19927,41.6762
19928,40.8195
19929,41.1979
19930,37.2064
19931,37.4283
19932,39.6725
19933,37.7984
19934,38.9515
19935,38.2409
19936,38.8408
19937,39.1086
19938,41.3818
19939,41.3962
19940,39.448
19941,41.7869
19942,36.3025
19943,42.5454
19944,38.793
19945,37.9569
19946,37.9833
19947,41.2677
19948,39.4592
19949,39.4701
19950,40.4914
19951,38.5172
19952,39.7032
19953,41.0032
19954,41.372
19955,39.4288
19956,39.8139
19957,36.3543
19958,38.7206
19959,41.8231
19960,42.8907
19961,41.9698
19962,42.0671
19963,38.8382
19964,42.0382
19965,44.7457
19966,38.8068
19967,37.921
19968,40.0057
19969,42.0265
19970,36.7624
19971,39.1959
19972,41.213
19973,40.2719
19974,41.4546
19975,40.6206
19976,38.1464
19977,39.5822
19978,42.19
19979,41.2955
19980,40.3181
19981,39.8155
19982,40.0419
19983,42.4457
19984,41.6446
19985,40.6753
19986,37.8579
19987,40.1778
19988,40.4353
19989,41.7877
19990,39.4861
19991,41.0354
19992,42.2535
19993,39.2899
19994,41.4345
19995,41.6491
19996,40.8775
19997,38.4814
19998,41.8797
19999,41.8982
20000,37.4556
20001,42.8062
20002,39.6961
20003,43.7715
20004,42.0757
20005,39.9278
20006,41.4709
20007,41.5695
20008,38.0131
20009,36.3921
20010,36.5003
20011,38.9828
20012,39.2395
20013,39.4541
20014,39.6524
20015,40.1837
20016,39.5994
20017,39.8488
20018,37.0686
20019,40.6805
20020,38.2199
20021,38.9546
20022,38.0714
20023,42.1655
20024,37.2593
20025,38.0166
20026,43.6865
20027,39.0097
20028,43.2446
20029,37.6432
20030,39.1695
20031,42.6752
20032,39.2992
20033,42.3076
20034,38.8332
20035,44.0888
20036,39.526
20037,39.9106
20038,39.0596
20039,40.1056
20040,40.2715
20041,40.5362
20042,41.8362
20043,43.0472
20044,37.3143
20045,38.2903
20046,40.0524
20047,42.2154
20048,37.2393
20049,37.5379
20050,39.8401
20051,41.1775
20052,38.0671
20053,40.0874
20054,39.0087
20055,37.4708
20056,42.0095
20057,40.2294
20058,38.9874
20059,41.3253
20060,36.8542
20061,36.8899
20062,40.8983
20063,37.6979
20064,35.7959
20065,41.4265
20066,37.6526
20067,42.1572
20068,39.3304
20069,36.9468
20070,39.3876
20071,40.6536
20072,39.6984
20073,41.0633
20074,40.6262
20075,39.6361
20076,41.6229
20077,38.6373
20078,41.9673
20079,38.4264
20080,40.454
20081,42.5404
20082,43.2338
20083,44.8556
20084,39.8871
20085,42.0767
20086,40.2038
20087,44.198
20088,41.7158
20089,42.1525
20090,38.2962
20091,38.3718
20092,40.708
20093,40.2528
20094,40.6101
20095,42.3571
20096,42.5008
20097,38.5566
20098,40.6413
20099,46.2453
20100,38.634
20101,39.053
20102,39.7745
20103,40.2573
20104,42.5415
20105,39.1415
20106,39.3081
20107,37.344
20108,38.095
20109,39.4468
20110,38.4326
20111,36.6642
20112,40.711
20113,41.3994
20114,41.072
20115,42.3977
20116,42.6712
20117,42.3808
20118,41.9102
20119,37.9358
20120,38.2953
20121,38.7304
20122,43.0267
20123,39.3887
20124,39.6348
20125,39.8895
20126,39.9087
20127,39.4342
20128,41.5037
20129,41.9328
20130,39.8212
20131,40.3507
20132,40.3669
20133,40.9347
20134,36.0852
20135,42.4634
20136,43.8204
20137,40.0893
20138,41.2837
20139,36.2952
20140,40.4672
20141,41.0901
20142,38.7297
20143,38.4821
20144,40.9495
20145,40.3221
20146,40.3634
20147,41.7265
20148,39.9486
20149,37.7866
20150,38.7842
20151,38.2759
20152,39.4177
20153,38.438
20154,38.7769
20155,40.7603
20156,36.9081
20157,42.6743
20158,42.0793
20159,36.234
20160,42.1798
20161,37.5005
20162,38.6248
20163,39.2219
20164,39.53
20165,38.6588
20166,42.8915
20167,40.2486
20168,40.7829
20169,39.044
20170,36.3302
20171,38.486
20172,40.9137
20173,44.9728
20174,39.3394
20175,42.399
20176,37.4551
20177,41.7626
20178,39.9816
20179,43.265
20180,44.9196
20181,37.7447
20182,38.1735
20183,45.1489
20184,37.9275
20185,38.1746
20186,40.3161
20187,39.2033
20188,42.4683
20189,40.5787
20190,39.0846
20191,39.1734
20192,41.6408
20193,39.3901
20194,40.6133
20195,43.2139
20196,37.4653
20197,38.0815
20198,39.3772
20199,42.8215
20200,40.9386
20201,45.1377
20202,38.6156
20203,38.0216
20204,38.1815
20205,40.2995
20206,41.4486
20207,40.4477
20208,40.5887
20209,40.7975
20210,40.6688
20211,37.6439
20212,36.8205
20213,39.2085
20214,42.2624
20215,39.5969
20216,39.9077
20217,39.9539
20218,40.2295
20219,38.2385
20220,39.3943
20221,40.4592
20222,40.5133
20223,38.729
20224,40.9868
20225,40.0508
20226,40.0701
20227,41.4662
20228,41.4146
20229,40.4357
20230,42.7006
20231,41.9556
20232,42.258
20233,41.5977
20234,42.1938
20235,38.2563
20236,40.8989
20237,44.1285
20238,41.1619
20239,39.6977
20240,40.7773
20241,39.8517
20242,39.1977
20243,40.4995
20244,39.6763
20245,39.0866
20246,39.6834
20247,41.8524
20248,35.235
20249,40.2469
20250,44.2928
20251,40.6785
20252,41.3789
20253,38.816
20254,37.1397
20255,39.3992
20256,39.5451
20257,36.2594
20258,38.7322
20259,37.9995
20260,41.1039
20261,39.8207
20262,37.1388
20263,40.2635
20264,37.6809
20265,40.2798
20266,38.6539
20267,41.0639
20268,35.6668
20269,40.6983
20270,37.8596
20271,39.9216
20272,39.292
20273,40.4206
20274,40.9069
20275,43.1869
20276,40.5016
20277,38.6788
20278,42.4348
20279,39.1663
20280,36.1818
20281,36.2361
20282,39.5604
20283,38.7757
20284,39.0569
20285,35.6907
20286,40.7743
20287,38.7236
20288,40.9109
20289,39.0617
20290,37.5476
20291,40.3657
20292,39.9857
20293,41.3644
20294,41.4221
20295,42.749
20296,39.2343
20297,40.31
20298,37.6162
20299,36.7747
20300,37.6599
20301,38.9313
20302,38.1084
20303,38.5571
20304,39.0187
20305,43.0741
20306,40.447
20307,40.5844
20308,41.071
20309,42.226
20310,38.3064
20311,40.7211
20312,43.7532
20313,39.4946
20314,41.1242
20315,40.4365
20316,42.5293
20317,40.1172
20318,37.9832
20319,40.997
20320,38.3378
20321,41.8911
20322,41.2041
20323,41.0226
20324,39.654
20325,39.5807
20326,40.9299
20327,35.0335
20328,39.7782
20329,39.4301
20330,41.2627
20331,37.5387
20332,35.8661
20333,39.968
20334,42.3042
20335,38.8945
20336,38.9701
20337,39.3166
20338,37.3317
20339,39.4325
20340,39.9222
20341,41.0696
20342,39.112
20343,39.2051
20344,36.5522
20345,39.7657
20346,40.8463
20347,41.3815
20348,40.8285
20349,35.8979
20350,42.943
20351,42.1978
20352,42.4976
20353,41.506
20354,41.5952
20355,41.7529
20356,41.4106
20357,38.3535
20358,37.0364
20359,37.2145
20360,39.2365
20361,41.9308
20362,38.0215
20363,40.9821
20364,39.5632
20365,40.1607
20366,39.1025
20367,40.916
20368,38.7027
20369,42.5637
20370,38.7503
20371,39.3283
20372,40.7407
20373,40.0421
20374,43.108
20375,43.7957
20376,36.1752
20377,37.2516
20378,38.2216
20379,38.5823
20380,39.6419
20381,39.7181
20382,39.817
20383,39.3162
20384,38.8683
20385,36.8947
20386,40.3327
20387,41.3519
20388,41.8347
20389,42.0831
20390,39.1191
20391,39.7204
20392,41.9658
20393,38.9933
20394,42.1323
20395,40.5125
20396,40.924
20397,39.0584
20398,39.8553
20399,45.9072
20400,41.7161
20401,42.0196
20402,42.3145
20403,37.095
20404,37.4231
20405,38.4643
20406,38.0322
20407,38.1005
20408,39.1527
20409,36.8217
20410,40.2098
20411,40.5257
20412,41.632
20413,41.1407
20414,43.1633
20415,36.136
20416,38.7969
20417,37.9524
20418,39.3708
20419,37.5123
20420,40.1559
20421,39.2896
20422,41.1209
20423,40.4081
20424,42.0565
20425,42.1867
20426,36.2486
20427,42.7191
20428,39.0703
20429,41.2815
20430,41.4432
20431,41.5863
20432,37.6281
20433,37.8573
20434,40.9719
20435,38.4488
20436,38.9852
20437,37.0316
20438,39.286
20439,37.5001
20440,38.5562
20441,41.8621
20442,40.0756
20443,40.2875
20444,40.3085
20445,40.332
20446,40.4571
20447,36.5488
20448,40.8135
20449,40.8363
20450,40.8717
20451,41.5113
20452,41.5983
20453,41.8276
20454,39.8557
20455,42.0606
20456,38.5265
20457,39.1122
20458,39.2738
20459,38.3815
20460,38.4146
20461,43.6477
20462,38.7953
20463,40.0853
20464,40.3466
20465,40.4306
20466,42.0046
20467,41.1387
20468,38.5711
20469,38.0394
20470,41.1688
20471,38.6271
20472,41.6565
20473,39.6974
20474,41.7511
20475,38.0619
20476,42.0718
20477,40.6256
20478,37.634
20479,40.6458
20480,37.9807
20481,41.3305
20482,44.4116
20483,39.6434
20484,40.8371
20485,41.079
20486,42.4107
20487,42.3973
20488,38.9673
20489,39.5074
20490,40.2666
20491,39.5181
20492,38.7645
20493,40.8429
20494,40.0516
20495,39.1988
20496,39.3548
20497,38.5253
20498,40.7634
20499,40.8979
20500,39.1073
20501,40.4195
20502,42.9081
20503,41.9946
20504,39.7134
20505,38.094
20506,37.5978
20507,40.6216
20508,41.6502
20509,40.8121
20510,35.785
20511,43.2525
20512,39.4404
20513,36.7039
20514,39.7124
20515,38.986
20516,39.0496
20517,40.6942
20518,37.0198
20519,38.2508
20520,41.4716
20521,38.8984
20522,44.0305
20523,39.3961
20524,42.8084
20525,38.2592
20526,38.4245
20527,39.2484
20528,39.5329
20529,40.8482
20530,38.4445
20531,41.7669
20532,41.0731
20533,38.1977
20534,41.7064
20535,42.1644
20536,39.3087
20537,36.3634
20538,43.8062
20539,40.5832
20540,38.0288
20541,39.0777
20542,39.1233
20543,40.8151
20544,38.13
20545,41.2707
20546,41.2825
20547,40.3687
20548,40.2278
20549,38.6929
20550,39.0518
20551,36.2819
20552,38.8201
20553,41.0038
20554,40.1162
20555,40.1729
20556,37.5125
20557,39.2336
20558,39.3252
20559,39.7033
20560,38.7222
20561,36.8697
20562,38.9498
20563,36.5271
20564,40.6697
20565,40.8874
20566,37.0914
20567,36.3588
20568,41.4714
20569,37.6067
20570,37.6792
20571,39.0082
20572,35.9226
20573,39.1802
20574,43.9287
20575,41.1133
20576,41.3646
20577,38.4099
20578,38.1471
20579,37.4798
20580,40.7836
20581,43.1004
20582,41.245
20583,43.2062
20584,41.0441
20585,36.3434
20586,38.9176
20587,39.4903
20588,39.4987
20589,42.7848
20590,37.9539
20591,40.1987
20592,41.4248
20593,38.5852
20594,40.7224
20595,40.9579
20596,39.3194
20597,39.5231
20598,41.6427
20599,38.724
20600,39.7563
20601,38.986
20602,42.1247
20603,36.1382
20604,39.1816
20605,42.2088
20606,39.2173
20607,42.5192
20608,42.8028
20609,40.8602
20610,37.1029
20611,37.1209
20612,39.281
20613,40.6461
20614,38.9355
20615,43.1534
20616,35.6621
20617,40.0256
20618,41.2849
20619,39.3279
20620,38.1742
20621,40.2305
20622,37.292
20623,42.3365
20624,41.399
20625,42.1965
20626,42.4128
20627,39.676
20628,42.8102
20629,43.053
20630,40.1192
20631,42.5618
20632,39.703
20633,41.4902
20634,41.7521
20635,39.271
20636,41.4373
20637,41.159
20638,39.3558
20639,40.8055
20640,40.9178
20641,39.109
20642,37.6698
20643,41.0668
20644,41.819
20645,42.1292
20646,37.9684
20647,39.3178
20648,38.3263
20649,41.7112
20650,39.7252
20651,41.5072
20652,41.4339
20653,37.8392
20654,38.8489
20655,40.1505
20656,41.764
20657,39.9193
20658,37.9278
20659,41.5348
20660,42.028
20661,40.2444
20662,39.3546
20663,37.3829
20664,39.979
20665,40.6218
20666,39.303
20667,43.4617
20668,42.6569
20669,38.0401
20670,40.429
20671,42.4849
20672,42.591
20673,38.9448
20674,40.0128
20675,39.3454
20676,39.3678
20677,40.4954
20678,42.2969
20679,40.4174
20680,46.3934
20681,35.5557
20682,41.6749
20683,37.9671
20684,40.3153
20685,40.5001
20686,35.5937
20687,38.7937
20688,37.8021
20689,42.0422
20690,41.0564
20691,41.204
20692,35.5441
20693,40.7301
20694,38.7418
20695,38.7735
20696,38.8829
20697,39.3601
20698,41.4388
20699,40.9624
20700,37.0071
20701,44.7827
20702,38.0502
20703,38.2954
20704,40.1167
20705,40.8251
20706,42.9484
20707,40.4617
20708,40.9172
20709,41.0635
20710,39.4326
20711,37.2219
20712,37.9847
20713,38.5161
20714,43.0777
20715,40.9973
20716,38.3855
20717,40.6268
20718,40.7318
20719,40.8838
20720,39.0305
20721,39.1013
20722,41.4363
20723,39.4448
20724,40.4534
20725,38.4618
20726,42.4888
20727,38.6251
20728,41.7539
20729,42.2841
20730,40.7428
20731,41.8421
20732,41.0654
20733,40.7242
20734,43.2027
20735,44.2694
20736,43.6822
20737,38.1203
20738,37.479
20739,39.7552
20740,38.59
20741,37.1445
20742,36.4582
20743,41.6204
20744,38.4407
20745,37.9683
20746,39.1688
20747,40.3816
20748,38.4939
20749,39.3924
20750,41.6531
20751,38.4461
20752,41.6671
20753,36.9856
20754,38.009
20755,39.0633
20756,38.8926
20757,42.9808
20758,39.3002
20759,42.6109
20760,40.6302
20761,40.8154
20762,38.7131
20763,40.9299
20764,40.1975
20765,37.614
20766,39.7839
20767,42.7923
20768,41.2301
20769,41.8041
20770,43.0489
20771,38.6698
20772,42.8597
20773,37.9386
20774,38.1474
20775,44.1925
20776,38.7455
20777,40.0457
20778,40.7043
20779,40.843
20780,41.126
20781,38.4449
20782,36.6728
20783,43.3071
20784,37.4212
20785,38.2678
20786,37.6385
20787,39.0466
20788,37.4171
20789,38.4633
20790,40.4966
20791,38.8461
20792,38.8639
20793,41.153
20794,39.6231
20795,39.2552
20796,42.5578
20797,40.6343
20798,39.7964
20799,41.2347
20800,41.6449
20801,39.5276
20802,41.5652
20803,42.9145
20804,36.1571
20805,44.9491
20806,44.9933
20807,40.1601
20808,39.6376
20809,40.7918
20810,40.0653
20811,38.5234
20812,42.9157
20813,43.5647
20814,42.9026
20815,40.9255
20816,39.6015
20817,45.0902
20818,40.2951
20819,37.8384
20820,39.8765
20821,40.8922
20822,40.5715
20823,40.6816
20824,40.8007
20825,36.8203
20826,41.6904
20827,39.6989
20828,43.76
20829,37.8086
20830,39.8229
20831,42.9494
20832,38.9711
20833,41.689
20834,38.8644
20835,38.2994
20836,39.434
20837,39.6869
20838,42.0453
20839,45.8237
20840,41.3545
20841,39.6909
20842,42.2196
20843,38.3048
20844,38.6168
20845,38.7991
20846,37.8499
20847,40.2012
20848,38.7575
20849,38.3448
20850,39.3763
20851,39.0717
20852,39.5503
20853,39.6013
20854,39.3667
20855,38.3998
20856,38.9571
20857,43.2456
20858,38.6746
20859,41.6831
20860,40.9407
20861,39.1183
20862,39.1456
20863,42.4747
20864,40.6187
20865,39.6193
20866,41.2495
20867,39.306
20868,39.9273
20869,37.4386
20870,39.1139
20871,41.3567
20872,38.5745
20873,37.4186
20874,40.3573
20875,39.7434
20876,40.9554
20877,37.9557
20878,37.3706
20879,39.9001
20880,40.1074
20881,40.8125
20882,41.3725
20883,38.6768
20884,38.6912
20885,41.826
20886,38.8419
20887,42.8889
20888,39.3624
20889,42.4256
20890,40.202
20891,39.8449
20892,40.5479
20893,38.6841
20894,43.3219
20895,40.7914
20896,42.3602
20897,43.0811
20898,38.6794
20899,42.1517
20900,37.2735
20901,36.2363
20902,38.6987
20903,40.8543
20904,41.102
20905,39.6352
20906,37.6455
20907,38.3386
20908,41.8843
20909,41.4554
20910,39.4853
20911,40.5878
20912,38.3636
20913,39.1062
20914,39.4172
20915,40.0092
20916,40.0723
20917,43.0868
20918,42.1806
20919,41.524
20920,40.8951
20921,41.9478
20922,38.444
20923,38.4831
20924,39.3915
20925,37.4522
20926,41.6076
20927,42.1262
20928,40.4118
20929,42.256
20930,41.7184
20931,38.0253
20932,38.5732
20933,40.6966
20934,39.8205
20935,40.1179
20936,37.7535
20937,40.8379
20938,39.6044
20939,37.7859
20940,42.5144
20941,38.743
20942,42.796
20943,37.6003
20944,43.9818
20945,43.095
20946,39.3012
20947,38.336
20948,39.3486
20949,39.853
20950,39.9667
20951,40.365
20952,40.74
20953,39.8249
20954,40.8429
20955,41.6231
20956,42.352
20957,42.2024
20958,43.6363
20959,43.685
20960,38.7663
20961,43.2095
20962,44.3878
20963,40.6546
20964,41.6634
20965,39.3279
20966,36.5709
20967,38.4996
20968,42.6387
20969,40.2845
20970,36.5414
20971,40.8472
20972,41.8213
20973,39.6417
20974,39.6777
20975,44.895
20976,38.9675
20977,39.0647
20978,42.2532
20979,42.5176
20980,42.6807
20981,40.2555
20982,36.3187
20983,41.3299
20984,41.1878
20985,41.7921
20986,42.9427
20987,41.2958
20988,37.8024
20989,40.204
20990,40.2504
20991,38.8867
20992,38.7307
20993,39.6826
20994,36.7139
20995,38.3324
20996,39.5964
20997,38.9649
20998,43.0541
20999,39.1748
21000,42.2641
21001,37.2967
21002,38.3872
21003,43.622
21004,40.7707
21005,39.2256
21006,39.8686
21007,42.2581
21008,38.4661
21009,38.9884
21010,34.004
21011,37.7185
21012,42.0231
21013,41.1225
21014,40.1624
21015,40.9202
21016,42.519
21017,41.5834
21018,41.7712
21019,38.6779
21020,40.4805
21021,39.1853
21022,39.3447
21023,40.8917
21024,38.2271
21025,44.2368
21026,36.4302
21027,41.6176
21028,41.4615
21029,41.9541
21030,41.4383
21031,42.8909
21032,39.5465
21033,39.6375
21034,41.9983
21035,39.053
21036,39.751
21037,40.373
21038,40.5747
21039,40.9242
21040,38.9682
21041,41.2865
21042,42.412
21043,39.4761
21044,42.4788
21045,42.6358
21046,39.8653
21047,43.2362
21048,40.0916
21049,34.6607
21050,40.1182
21051,41.1489
21052,38.8238
21053,39.2709
21054,40.7269
21055,41.759
21056,38.9668
21057,42.4042
21058,38.3283
21059,41.5096
21060,37.462
21061,41.9837
21062,41.228
21063,39.5553
21064,38.8818
21065,42.745
21066,36.9374
21067,37.3485
21068,39.2597
21069,38.03
21070,39.5691
21071,36.7637
21072,41.7721
21073,41.2642
21074,38.5117
21075,41.3721
21076,37.8777
21077,38.8041
21078,40.5415
21079,40.2505
21080,40.3646
21081,36.8701
21082,36.8109
21083,36.4394
21084,37.6643
21085,37.9848
21086,41.6327
21087,36.8044
21088,36.2039
21089,37.5483
21090,40.6663
21091,38.8114
21092,39.8862
21093,42.7695
21094,40.0632
21095,41.1741
21096,39.7352
21097,41.2858
21098,43.7004
21099,42.0746
21100,41.5132
21101,42.6774
21102,42.2724
21103,42.3201
21104,44.0161
21105,38.9439
21106,39.0299
21107,40.375
21108,40.5793
21109,40.885
21110,39.7184
21111,40.2529
21112,41.3029
21113,40.3954
21114,41.0944
21115,39.9788
21116,40.6765
21117,41.2934
21118,40.7542
21119,40.8816
21120,37.0772
21121,38.7922
21122,40.8834
21123,36.4063
21124,40.7054
21125,40.9519
21126,37.0589
21127,37.3896
21128,40.682
21129,36.8652
21130,38.5748
21131,41.6438
21132,38.7564
21133,41.6242
21134,39.2035
21135,42.4113
21136,42.5123
21137,40.3883
21138,40.5173
21139,40.9268
21140,43.1101
21141,36.1514
21142,42.1989
21143,40.6184
21144,37.8846
21145,37.999
21146,38.1362
21147,38.828
21148,40.6404
21149,39.8768
21150,39.4653
21151,40.8656
21152,38.1771
21153,37.7294
21154,45.1064
21155,39.3919
21156,39.9275
21157,41.9766
21158,38.4488
21159,39.7947
21160,39.4722
21161,42.1538
21162,40.3187
21163,38.3931
21164,40.576
21165,38.2537
21166,36.8407
21167,40.0138
21168,41.3552
21169,40.8824
21170,42.2844
21171,38.9163
21172,39.0314
21173,40.4839
21174,37.9418
21175,38.2246
21176,41.2513
21177,38.3253
21178,36.8134
21179,40.8936
21180,36.133
21181,39.2413
21182,39.8962
21183,37.2573
21184,42.9943
21185,42.6041
21186,41.6823
21187,41.8027
21188,42.0318
21189,42.0402
21190,41.0487
21191,39.3772
21192,39.7716
21193,39.7945
21194,36.9097
21195,38.11
21196,41.3964
21197,39.5903
21198,41.7345
21199,39.864
21200,36.9392
21201,43.0876
21202,42.5237
21203,38.3078
21204,40.3765
21205,38.588
21206,40.622
21207,39.2232
21208,39.3527
21209,39.5313
21210,37.7309
21211,40.8828
21212,42.1881
21213,44.5047
21214,41.7763
21215,39.3618
21216,35.8468
21217,40.1508
21218,37.1689
21219,40.8353
21220,41.6263
21221,37.8719
21222,39.3667
21223,39.231
21224,39.7863
21225,40.4893
21226,39.9125
21227,41.579
21228,39.9823
21229,38.2227
21230,39.4958
21231,41.3195
21232,41.5312
21233,41.8416
21234,37.6877
21235,38.0021
21236,38.5395
21237,39.8983
21238,38.2235
21239,41.7289
21240,42.4681
21241,36.0179
21242,40.3979
21243,44.41
21244,40.6724
21245,40.3931
21246,41.4265
21247,41.6907
21248,39.6614
21249,40.3967
21250,38.8328
21251,40.0485
21252,40.1344
21253,36.277
21254,39.7265
21255,40.7388
21256,38.8094
21257,37.8192
21258,40.0848
21259,41.4442
21260,37.7817
21261,40.022
21262,39.4927
21263,39.5364
21264,39.6883
21265,41.1061
21266,37.2361
21267,40.3374
21268,37.3835
21269,37.4228
21270,40.4735
21271,39.9367
21272,39.6078
21273,38.6996
21274,38.7586
21275,38.9723
21276,40.0012
21277,39.5809
21278,35.6899
21279,39.9533
21280,40.2078
21281,45.0054
21282,37.3988
21283,41.4728
21284,41.5956
21285,41.6167
21286,41.6427
21287,41.7551
21288,42.3927
21289,40.6312
21290,39.4591
21291,37.5914
21292,38.5184
21293,41.8652
21294,40.6747
21295,40.1211
21296,40.1528
21297,42.1309
21298,38.5281
21299,42.7282
21300,39.8711
21301,42.3152
21302,42.2341
21303,38.7901
21304,39.1217
21305,39.6966
21306,39.373
21307,41.2133
21308,44.1876
21309,39.9017
21310,39.6289
21311,36.7772
21312,41.1382
21313,41.235
21314,43.3972
21315,42.9261
21316,39.2639
21317,36.0063
21318,38.0224
21319,38.3471
21320,37.5709
21321,38.9019
21322,38.3541
21323,40.9964
21324,39.0787
21325,39.1051
21326,40.2658
21327,35.3317
21328,40.6287
21329,41.7873
21330,38.1842
21331,38.59
21332,37.9899
21333,42.1022
21334,39.3558
21335,40.2738
21336,40.2823
21337,40.2907
21338,39.6382
21339,41.0985
21340,37.4921
21341,37.6975
21342,42.0718
21343,35.1178
21344,38.5495
21345,41.7766
21346,38.1773
21347,36.1862
21348,39.5477
21349,38.1261
21350,39.5635
21351,37.467
21352,41.026
21353,37.7124
21354,37.2992
21355,42.0139
21356,41.9825
21357,40.1934
21358,41.5683
21359,40.0586
21360,37.5069
21361,39.6303
21362,37.8261
21363,40.72
21364,39.8007
21365,38.8092
21366,41.0205
21367,41.5778
21368,39.5973
21369,40.3312
21370,40.5027
21371,37.6635
21372,39.8308
21373,41.2112
21374,40.4008
21375,38.7054
21376,41.8292
21377,42.3862
21378,37.7091
21379,38.091
21380,38.1398
21381,43.3308
21382,38.4986
21383,39.6102
21384,38.8741
21385,39.9098
21386,39.7037
21387,39.1449
21388,42.3209
21389,42.4625
21390,40.0545
21391,41.9575
21392,33.2242
21393,37.6056
21394,39.4187
21395,42.2554
21396,43.3482
21397,38.7512
21398,42.2752
21399,40.0414
21400,40.4054
21401,39.9322
21402,41.1818
21403,38.4975
21404,39.7452
21405,37.6364
21406,41.7143
21407,43.0516
21408,37.1899
21409,37.5451
21410,37.9587
21411,37.4572
21412,38.3256
21413,36.3533
21414,40.2878
21415,40.5921
21416,38.4798
21417,41.5347
21418,41.721
21419,41.6942
21420,41.7731
21421,35.1281
21422,43.4176
21423,40.4962
21424,44.4265
21425,33.7981
21426,42.0836
21427,44.9554
21428,39.4718
21429,38.754
21430,40.0064
21431,39.1014
21432,40.8596
21433,40.2866
21434,39.392
21435,41.942
21436,40.489
21437,42.3664
21438,41.7918
21439,39.2096
21440,40.249
21441,40.6681
21442,41.0656
21443,38.1326
21444,42.1843
21445,37.8826
21446,37.934
21447,38.9849
21448,41.6562
21449,42.0588
21450,40.779
21451,38.8743
21452,41.203
21453,41.299
21454,41.3139
21455,41.5363
21456,42.4206
21457,41.4015
21458,42.4204
21459,40.9656
21460,39.8245
21461,40.175
21462,41.4398
21463,38.7699
21464,38.7784
21465,41.8301
21466,41.0301
21467,41.5116
21468,37.3046
21469,40.313
21470,43.381
21471,42.0877
21472,40.9805
21473,42.0838
21474,37.8524
21475,39.9094
21476,42.9915
21477,39.3723
21478,38.044
21479,40.7883
21480,41.2165
21481,39.8471
21482,40.0335
21483,43.1503
21484,41.0219
21485,41.4785
21486,41.9921
21487,37.024
21488,42.2135
21489,39.2385
21490,36.8293
21491,38.082
21492,40.5088
21493,39.8795
21494,37.967
21495,39.5969
21496,41.5484
21497,42.0044
21498,42.3265
21499,41.0342
21500,39.3309
21501,38.0324
21502,37.1684
21503,38.5471
21504,41.6731
21505,41.9193
21506,39.3304
21507,39.4078
21508,41.0316
21509,40.2122
21510,39.1005
21511,39.9438
21512,40.1448
21513,36.242
21514,40.1011
21515,38.6397
21516,39.4509
21517,37.715
21518,40.1112
21519,37.1509
21520,37.7403
21521,40.916
21522,41.2922
21523,37.4001
21524,41.6224
21525,41.2587
21526,38.8252
21527,37.7369
21528,41.7663
21529,42.2698
21530,37.6321
21531,40.9259
21532,40.0522
21533,40.7301
21534,42.9198
21535,39.2694
21536,43.3918
21537,38.4911
21538,35.5328
21539,38.0618
21540,40.1884
21541,38.2775
21542,40.5596
21543,41.8592
21544,40.2096
21545,41.5018
21546,39.5103
21547,39.6906
21548,41.3201
21549,40.6552
21550,41.7658
21551,39.3685
21552,39.4789
21553,39.0885
21554,40.3884
21555,40.4747
21556,40.555
21557,40.6002
21558,41.7635
21559,42.3263
21560,40.6848
21561,42.0491
21562,43.2726
21563,41.9295
21564,39.1603
21565,40.3656
21566,39.4134
21567,41.6262
21568,42.6642
21569,42.7256
21570,38.962
21571,41.4402
21572,38.8782
21573,41.33
21574,39.5645
21575,40.6668
21576,38.0344
21577,38.2448
21578,36.067
21579,38.4338
21580,37.7691
21581,40.5027
21582,38.2311
21583,38.5837
21584,38.6694
21585,38.9649
21586,39.3277
21587,41.3832
21588,39.454
21589,39.6187
21590,41.6829
21591,41.7186
21592,38.3655
21593,40.6232
21594,37.5347
21595,42.056
21596,38.7548
21597,40.2564
21598,41.4146
21599,40.7312
21600,40.7396
21601,40.1007
21602,41.4132
21603,40.5142
21604,40.8567
21605,39.9724
21606,41.9374
21607,38.5722
21608,40.1941
21609,41.0626
21610,40.3897
21611,41.165
21612,39.0136
21613,39.3418
21614,36.9721
21615,38.4466
21616,36.8743
21617,38.1574
21618,40.4296
21619,37.8316
21620,38.916
21621,39.1161
21622,39.3922
21623,39.5544
21624,37.8397
21625,39.4311
21626,41.5056
21627,41.5565
21628,40.5953
21629,41.8357
21630,42.951
21631,42.5879
21632,38.5199
21633,47.2005
21634,39.906
21635,39.0591
21636,41.1418
21637,38.8804
21638,43.3114
21639,39.3684
21640,40.338
21641,36.8427
21642,37.0875
21643,41.1894
21644,37.983
21645,39.4176
21646,37.1855
21647,35.1957
21648,39.2702
21649,39.0942
21650,39.4316
21651,39.8028
21652,39.9849
21653,38.5197
21654,38.556
21655,40.7663
21656,40.2845
21657,37.3469
21658,45.3461
21659,42.4454
21660,39.1417
21661,39.4612
21662,39.7201
21663,39.5325
21664,40.6883
21665,41.7675
21666,42.2034
21667,39.7123
21668,38.9389
21669,36.2111
21670,37.9159
21671,39.3911
21672,39.5261
21673,40.0824
21674,42.8739
21675,39.3393
21676,38.6501
21677,39.884
21678,40.1059
21679,42.4526
21680,41.0957
21681,38.2091
21682,41.7025
21683,39.0469
21684,42.2546
21685,40.2962
21686,39.6401
21687,40.6656
21688,38.4761
21689,41.7801
21690,39.048
21691,37.2488
21692,42.6178
21693,38.8864
21694,44.4693
21695,44.9187
21696,42.1742
21697,38.4993
21698,42.9085
21699,36.5067
21700,39.6632
21701,37.9292
21702,40.2642
21703,42.9825
21704,45.5988
21705,39.2212
21706,37.9258
21707,41.0201
21708,39.4762
21709,38.5113
21710,39.5699
21711,39.9884
21712,40.5664
21713,39.4977
21714,40.8563
21715,40.9392
21716,38.254
21717,38.6054
21718,35.5075
21719,39.961
21720,40.0523
21721,40.1824
21722,40.465
21723,37.585
21724,38.6061
21725,39.4802
21726,39.0237
21727,37.4517
21728,41.4601
21729,41.5647
21730,41.673
21731,40.8845
21732,41.4868
21733,41.4972
21734,34.7958
21735,40.7022
21736,38.0406
21737,40.4334
21738,36.5125
21739,38.0918
21740,38.1221
21741,38.1519
21742,39.2176
21743,38.5367
21744,42.244
21745,39.5832
21746,39.9099
21747,42.0457
21748,40.0751
21749,40.2152
21750,38.6618
21751,41.8074
21752,39.7792
21753,43.0471
21754,40.0937
21755,40.2467
21756,40.6487
21757,41.5065
21758,40.7401
21759,42.3145
21760,38.889
21761,38.9337
21762,39.1437
21763,39.4212
21764,39.7758
21765,36.9039
21766,38.0343
21767,40.7432
21768,41.5656
21769,41.7819
21770,39.2922
21771,37.3356
21772,38.2457
21773,38.6313
21774,38.8835
21775,37.4497
21776,39.4581
21777,40.3508
21778,40.6602
21779,41.0003
21780,41.3648
21781,41.3942
21782,40.0885
21783,42.0969
21784,42.6383
21785,43.1703
21786,40.6884
21787,41.0456
21788,42.1636
21789,44.5586
21790,35.6364
21791,36.4214
21792,34.6676
21793,37.7149
21794,41.9164
21795,41.6477
21796,39.6566
21797,40.3087
21798,40.4944
21799,43.6882
21800,37.8527
21801,40.8611
21802,37.9436
21803,41.4625
21804,40.471
21805,41.5542
21806,39.5627
21807,38.8418
21808,41.8729
21809,42.0522
21810,38.31
21811,42.7109
21812,38.751
21813,39.0465
21814,37.7389
21815,40.2531
21816,44.4448
21817,38.4533
21818,40.8542
21819,42.5338
21820,42.7961
21821,40.8807
21822,37.934
21823,37.9772
21824,43.1483
21825,41.3775
21826,42.6758
21827,37.7845
21828,38.4339
21829,40.0184
21830,41.2272
21831,41.4897
21832,40.642
21833,40.6708
21834,36.1388
21835,42.2806
21836,41.3371
21837,42.2172
21838,39.8113
21839,38.4462
21840,40.644
21841,42.5121
21842,39.0008
21843,40.7766
21844,36.2201
21845,40.2891
21846,41.4637
21847,37.7936
21848,40.8307
21849,36.0378
21850,40.483
21851,40.8218
21852,37.8838
21853,42.0066
21854,43.7066
21855,43.4957
21856,41.7226
21857,41.7241
21858,42.1326
21859,37.3152
21860,37.5922
21861,40.6007
21862,38.7052
21863,39.5179
21864,38.8471
21865,40.0273
21866,39.0411
21867,40.1453
21868,42.3339
21869,39.6549
21870,40.9969
21871,40.6959
21872,40.7669
21873,42.2794
21874,35.2888
21875,41.3909
21876,38.3344
21877,39.4611
21878,39.9235
21879,36.9398
21880,44.7617
21881,43.7743
21882,43.9121
21883,40.0865
21884,40.1179
21885,40.2023
21886,39.2219
21887,38.9839
21888,40.9929
21889,40.2646
21890,39.3442
21891,40.9189
21892,41.4754
21893,38.5947
21894,39.7499
21895,43.795
21896,41.8223
21897,43.149
21898,41.9495
21899,36.8884
21900,40.5696
21901,41.0378
21902,41.8859
21903,42.0639
21904,41.083
21905,36.7034
21906,37.3199
21907,41.6706
21908,43.235
21909,39.3317
21910,37.3969
21911,39.757
21912,38.0568
21913,40.1444
21914,42.1529
21915,40.4907
21916,38.9033
21917,39.3839
21918,38.9723
21919,45.2598
21920,41.4851
21921,38.6945
21922,38.8972
21923,37.4926
21924,38.1489
21925,38.7255
21926,39.3521
21927,40.0033
21928,41.5905
21929,35.8442
21930,43.8526
21931,38.2844
21932,40.1881
21933,37.9642
21934,41.094
21935,38.2067
21936,37.4565
21937,39.1451
21938,39.2288
21939,39.2614
21940,39.6003
21941,39.703
21942,40.7027
21943,43.808
21944,44.2
21945,41.5885
21946,36.7599
21947,40.046
21948,40.439
21949,40.859
21950,40.9905
21951,41.2905
21952,37.3093
21953,39.427
21954,44.5374
21955,42.0237
21956,38.561
21957,40.083
21958,37.2736
21959,37.5174
21960,40.7916
21961,38.8676
21962,42.0594
21963,42.1026
21964,40.3684
21965,39.4149
21966,38.6533
21967,41.0325
21968,39.139
21969,39.4753
21970,39.6552
21971,43.6826
21972,40.7885
21973,40.1645
21974,42.2448
21975,40.3554
21976,39.111
21977,41.2597
21978,38.2682
21979,40.3186
21980,38.3806
21981,39.5398
21982,41.9719
21983,44.0425
21984,37.2884
21985,42.5588
21986,40.9248
21987,40.1725
21988,43.1818
21989,39.2927
21990,37.7228
21991,41.8007
21992,38.8609
21993,41.8944
21994,38.292
21995,39.3884
21996,40.5843
21997,41.7651
21998,41.3235
21999,40.5778
22000,42.1802
22001,41.4362
22002,39.3608
22003,43.9425
22004,40.0793
22005,41.4083
22006,38.3079
22007,41.572
22008,37.8358
22009,40.2738
22010,42.4103
22011,39.6719
22012,42.8844
22013,38.3946
22014,40.6547
22015,39.0985
22016,35.2764
22017,40.3283
22018,39.4146
22019,38.7566
22020,39.8201
22021,42.5809
22022,43.6291
22023,40.7838
22024,39.755
22025,38.9524
22026,39.5072
22027,38.6722
22028,40.3562
22029,37.6358
22030,44.114
22031,43.3737
22032,43.6497
22033,40.8287
22034,39.9791
22035,38.4833
22036,37.5947
22037,38.7506
22038,37.3182
22039,43.5824
22040,38.8584
22041,41.136
22042,40.3717
22043,39.4261
22044,36.5206
22045,38.9122
22046,35.3541
22047,39.1184
22048,41.0083
22049,41.6757
22050,36.8364
22051,41.9164
22052,42.1471
22053,42.3932
22054,40.0777
22055,38.1608
22056,38.7468
22057,39.9494
22058,39.3207
22059,38.6228
22060,41.7217
22061,42.3383
22062,40.5841
22063,42.5925
22064,40.8484
22065,41.4543
22066,38.031
22067,37.3295
22068,42.4241
22069,37.9089
22070,39.4431
22071,39.8426
22072,41.4105
22073,40.7246
22074,40.7546
22075,40.9528
22076,40.8605
22077,42.7932
22078,42.8636
22079,43.6868
22080,39.4768
22081,40.0162
22082,36.6727
22083,35.2908
22084,42.5191
22085,37.6256
22086,36.5929
22087,40.6016
22088,40.2374
22089,38.3184
22090,38.6739
22091,36.0733
22092,41.1959
22093,40.2207
22094,39.3314
22095,40.3763
22096,35.6284
22097,37.8426
22098,39.5345
22099,40.6457
22100,38.1453
22101,40.3012
22102,38.7397
22103,41.0613
22104,39.4179
22105,41.2239
22106,39.4806
22107,41.1513
22108,41.4611
22109,38.4729
22110,38.5983
22111,41.6485
22112,36.809
22113,38.9454
22114,42.3301
22115,37.856
22116,37.8997
22117,40.5203
22118,39.3695
22119,36.6866
22120,42.7171
22121,40.17
22122,39.1784
22123,42.3811
22124,39.5657
22125,36.4208
22126,39.2862
22127,43.7464
22128,44.4319
22129,42.6235
22130,39.2587
22131,38.2095
22132,38.7886
22133,38.452
22134,38.2825
22135,38.8715
22136,38.4208
22137,38.4998
22138,40.259
22139,39.616
22140,38.7949
22141,42.5305
22142,39.0207
22143,37.0372
22144,38.2351
22145,39.5177
22146,38.5033
22147,40.8405
22148,41.8943
22149,39.6654
22150,39.9638
22151,34.7067
22152,39.4061
22153,40.5511
22154,38.1612
22155,42.6032
22156,36.7099
22157,36.7513
22158,39.2303
22159,40.4772
22160,39.4886
22161,40.0716
22162,40.1824
22163,40.2818
22164,39.468
22165,40.6724
22166,37.9922
22167,44.4333
22168,40.7127
22169,35.4484
22170,39.4522
22171,40.676
22172,40.0268
22173,44.315
22174,38.3045
22175,41.4544
22176,39.9198
22177,36.9283
22178,38.0518
22179,38.1469
22180,44.1966
22181,43.3234
22182,39.3845
22183,38.9414
22184,41.0734
22185,39.5302
22186,42.1805
22187,41.6335
22188,41.4729
22189,40.1678
22190,40.4849
22191,40.836
22192,43.0784
22193,42.0888
22194,43.5693
22195,40.7076
22196,39.8394
22197,38.8589
22198,38.937
22199,42.0242
22200,39.2405
22201,40.7546
22202,43.2236
22203,36.6945
22204,43.239
22205,43.4004
22206,40.5345
22207,41.0479
22208,39.308
22209,37.7613
22210,39.9291
22211,41.0272
22212,42.4904
22213,39.952
22214,35.2693
22215,36.4176
22216,41.6949
22217,41.078
22218,40.3813
22219,38.4634
22220,37.4356
22221,40.3933
22222,39.1375
22223,41.1733
22224,39.3432
22225,42.2146
22226,39.5415
22227,40.5344
22228,42.9609
22229,36.5354
22230,36.5841
22231,35.694
22232,37.9444
22233,41.1577
22234,39.1014
22235,39.7137
22236,39.7019
22237,39.9765
22238,37.1536
22239,38.375
22240,39.0099
22241,39.0183
22242,39.0797
22243,39.1841
22244,41.4225
22245,39.8917
22246,41.4525
22247,40.4809
22248,41.4998
22249,41.5761
22250,43.2581
22251,41.868
22252,40.188
22253,39.9748
22254,42.1862
22255,44.4382
22256,42.7717
22257,42.8936
22258,36.0161
22259,39.3266
22260,40.6193
22261,39.975
22262,38.45
22263,38.9957
22264,39.0655
22265,42.3248
22266,40.6919
22267,41.3379
22268,41.8024
22269,38.0132
22270,42.3269
22271,38.7694
22272,36.781
22273,42.9094
22274,37.9742
22275,38.4031
22276,39.4771
22277,39.5094
22278,36.8652
22279,40.2269
22280,37.6193
22281,37.7607
22282,41.0422
22283,38.0521
22284,38.0656
22285,41.5229
22286,41.6662
22287,38.8931
22288,42.6973
22289,43.5019
22290,41.1629
22291,38.2714
22292,37.9063
22293,40.9343
22294,41.307
22295,42.3873
22296,40.6956
22297,41.2469
22298,37.707
22299,40.2127
22300,41.2231
22301,40.6135
22302,40.2203
22303,39.3141
22304,38.2869
22305,39.5219
22306,43.2866
22307,37.8523
22308,39.0421
22309,39.4424
22310,39.708
22311,34.5863
22312,37.6004
22313,41.0206
22314,38.4501
22315,41.3758
22316,42.3842
22317,40.3849
22318,36.7013
22319,41.655
22320,38.8093
22321,37.8561
22322,42.9016
22323,41.3653
22324,40.6627
22325,39.096
22326,39.7529
22327,37.7613
22328,42.0047
22329,39.7421
22330,40.86
22331,40.9949
22332,41.5887
22333,40.9694
22334,40.3509
22335,38.446
22336,36.9658
22337,34.9912
22338,38.0169
22339,41.177
22340,39.7684
22341,41.5057
22342,38.7904
22343,39.8936
22344,38.2162
22345,40.4277
22346,40.7174
22347,40.1793
22348,41.1928
22349,39.7644
22350,37.3884
22351,41.3677
22352,41.8938
22353,38.6812
22354,41.7155
22355,37.7938
22356,39.232
22357,42.526
22358,40.6322
22359,37.4855
22360,43.7166
22361,40.2409
22362,35.6779
22363,39.3931
22364,38.4151
22365,40.84
22366,38.8997
22367,41.1914
22368,39.8369
22369,38.9331
22370,38.3892
22371,39.7112
22372,40.739
22373,39.7822
22374,43.9861
22375,41.5962
22376,42.1319
22377,39.6922
22378,44.8269
22379,37.5559
22380,38.9909
22381,41.2625
22382,38.7773
22383,40.0567
22384,40.2984
22385,41.0615
22386,41.2349
22387,42.3183
22388,38.6006
22389,40.3328
22390,38.2611
22391,39.2828
22392,36.775
22393,40.0348
22394,40.0656
22395,37.9409
22396,37.2649
22397,38.8784
22398,36.8934
22399,38.9019
22400,38.9993
22401,39.0774
22402,39.6303
22403,39.7124
22404,39.7779
22405,39.8346
22406,39.3291
22407,40.6837
22408,41.8667
22409,37.0322
22410,39.4346
22411,37.443
22412,42.8448
22413,42.0615
22414,43.6749
22415,39.2244
22416,41.4177
22417,35.8801
22418,40.3787
22419,37.7528
22420,41.2194
22421,42.2702
22422,44.0844
22423,42.4942
22424,41.74
22425,44.1995
22426,41.8434
22427,40.878
22428,36.5894
22429,37.9519
22430,37.0632
22431,38.7957
22432,39.595
22433,38.7665
22434,40.2493
22435,39.6959
22436,39.8914
22437,41.0897
22438,40.1702
22439,42.2182
22440,42.6384
22441,42.9077
22442,39.2478
22443,38.2948
22444,44.419
22445,39.9905
22446,41.3314
22447,38.8751
22448,41.1616
22449,39.2209
22450,39.4411
22451,38.5842
22452,40.8263
22453,39.2595
22454,40.4877
22455,36.8621
22456,40.7936
22457,39.1569
22458,37.7095
22459,41.0671
22460,39.2237
22461,38.3154
22462,38.3913
22463,42.5852
22464,39.3604
22465,38.9947
22466,38.3718
22467,40.6938
22468,39.3941
22469,38.4983
22470,39.047
22471,42.1602
22472,43.6919
22473,36.7825
22474,41.4121
22475,43.4211
22476,41.5079
22477,41.8554
22478,36.062
22479,43.3724
22480,43.7013
22481,37.9017
22482,39.2378
22483,39.1523
22484,40.5059
22485,40.6107
22486,41.7038
22487,43.109
22488,42.0466
22489,42.7289
22490,34.8381
22491,40.7092
22492,40.1948
22493,38.4959
22494,41.834
22495,42.0066
22496,40.1766
22497,39.654
22498,41.0285
22499,37.8698
22500,40.706
22501,37.8588
22502,41.9228
22503,42.3417
22504,42.2595
22505,37.7716
22506,38.3764
22507,38.0186
22508,38.8584
22509,41.3105
22510,40.8866
22511,36.3
22512,41.9998
22513,42.0502
22514,40.0586
22515,42.4071
22516,38.8927
22517,38.2607
22518,39.3805
22519,38.4094
22520,40.1024
22521,39.3848
22522,36.8707
22523,39.0343
22524,40.1487
22525,39.4627
22526,40.882
22527,41.0471
22528,36.6487
22529,37.3383
22530,38.7105
22531,40.4696
22532,37.7648
22533,39.8941
22534,39.4069
22535,38.5357
22536,40.755
22537,43.1391
22538,41.3979
22539,38.4747
22540,41.7261
22541,38.9525
22542,39.8639
22543,43.2163
22544,41.8235
22545,41.02
22546,43.0529
22547,41.0788
22548,40.2194
22549,39.5481
22550,40.6966
22551,38.0847
22552,41.4809
22553,40.0278
22554,36.1667
22555,38.5751
22556,39.2784
22557,39.5702
22558,38.9792
22559,40.1483
22560,41.0236
22561,38.3614
22562,41.6746
22563,37.8174
22564,41.8905
22565,38.3004
22566,36.4851
22567,38.985
22568,39.6126
22569,40.0163
22570,38.4202
22571,40.7253
22572,40.8775
22573,40.4859
22574,42.8767
22575,38.6679
22576,38.8589
22577,38.1621
22578,39.2048
22579,39.2217
22580,42.013
22581,43.3022
22582,40.5103
22583,41.6732
22584,40.6816
22585,40.7027
22586,39.7791
22587,40.9908
22588,41.6389
22589,41.7157
22590,40.0643
22591,38.1854
22592,41.97
22593,39.6505
22594,35.9175
22595,40.0641
22596,40.0725
22597,45.3185
22598,38.0291
22599,41.0466
22600,39.1334
22601,38.2586
22602,39.5999
22603,40.2212
22604,38.3916
22605,40.547
22606,40.7291
22607,40.7529
22608,41.931
22609,39.9933
22610,37.1327
22611,42.1213
22612,41.3625
22613,42.0216
22614,41.9425
22615,41.0315
22616,41.1986
22617,40.0306
22618,45.3765
22619,40.563
22620,39.8851
22621,41.1974
22622,41.7383
22623,39.8908
22624,38.924
22625,40.0594
22626,42.9757
22627,37.7993
22628,36.9516
22629,37.5008
22630,41.7603
22631,41.5807
22632,37.1848
22633,35.5814
22634,40.6371
22635,39.174
22636,40.1824
22637,34.4682
22638,41.5219
22639,37.1051
22640,37.0015
22641,38.7582
22642,39.1106
22643,39.4238
22644,40.6403
22645,40.6771
22646,37.0841
22647,41.1009
22648,37.1134
22649,42.5856
22650,39.2996
22651,36.3022
22652,37.7187
22653,40.9817
22654,41.6817
22655,40.5522
22656,40.0386
22657,39.0566
22658,37.224
22659,36.9787
22660,40.0863
22661,41.2399
22662,36.3703
22663,39.0804
22664,38.1856
22665,37.5503
22666,40.6204
22667,39.5591
22668,40.8104
22669,38.9578
22670,37.0906
22671,40.3196
22672,37.3831
22673,38.8389
22674,43.0024
22675,40.3026
22676,40.7046
22677,43.7934
22678,40.8145
22679,42.1906
22680,40.255
22681,37.5647
22682,39.1864
22683,35.9601
22684,39.8117
22685,40.0103
22686,40.2117
22687,40.6584
22688,40.7885
22689,37.2204
22690,37.4624
22691,42.628
22692,39.3077
22693,39.6975
22694,40.8537
22695,40.9085
22696,42.1093
22697,38.2758
22698,37.5105
22699,41.8553
22700,39.1455
22701,41.2369
22702,40.4946
22703,43.7951
22704,42.8846
22705,40.4981
22706,40.8078
22707,37.8146
22708,39.6624
22709,43.254
22710,40.6609
22711,39.6685
22712,42.5533
22713,40.617
22714,37.6356
22715,35.4194
22716,41.6197
22717,41.1961
22718,41.5757
22719,39.7764
22720,43.8778
22721,43.0458
22722,41.8819
22723,42.9635
22724,42.0606
22725,39.2401
22726,42.2992
22727,44.6724
22728,36.0032
22729,37.7345
22730,40.6228
22731,36.8091
22732,40.9713
22733,41.081
22734,39.7403
22735,39.4945
22736,40.5176
22737,39.0675
22738,39.0927
22739,40.1921
22740,40.2868
22741,36.2778
22742,41.2863
22743,37.5774
22744,38.8837
22745,39.0441
22746,40.0372
22747,41.1439
22748,40.4027
22749,42.9281
22750,38.7109
22751,42.2316
22752,38.7459
22753,36.1863
22754,38.7481
22755,40.7777
22756,41.1679
22757,40.5379
22758,38.3205
22759,38.5334
22760,38.7441
22761,39.8289
22762,39.8011
22763,39.8697
22764,40.0711
22765,40.7587
22766,41.9711
22767,41.1109
22768,43.1742
22769,40.3
22770,41.4098
22771,42.4148
22772,41.001
22773,36.8174
22774,39.8411
22775,38.6889
22776,39.2068
22777,41.7224
22778,40.2236
22779,39.4721
22780,44.1406
22781,42.6458
22782,41.7382
22783,38.9045
22784,42.5249
22785,38.5162
22786,38.2603
22787,37.3394
22788,40.8638
22789,39.0587
22790,38.6667
22791,41.7827
22792,43.6713
22793,41.4027
22794,40.586
22795,42.6032
22796,38.3156
22797,39.2239
22798,37.5877
22799,39.1441
22800,39.525
22801,39.5339
22802,37.6893
22803,38.9472
22804,39.9771
22805,40.1533
22806,39.1618
22807,40.6771
22808,39.9239
22809,41.3541
22810,42.3868
22811,40.3984
22812,37.0884
22813,42.1262
22814,37.2491
22815,44.1555
22816,40.804
22817,40.2719
22818,37.3349
22819,39.6351
22820,39.6675
22821,38.9916
22822,40.2701
22823,38.3624
22824,40.7126
22825,42.5072
22826,41.76
22827,42.4146
22828,41.158
22829,36.4177
22830,38.1026
22831,38.8383
22832,40.073
22833,39.7837
22834,40.1842
22835,42.0437
22836,42.3516
22837,41.0707
22838,41.4752
22839,42.7474
22840,40.4088
22841,37.7217
22842,38.6255
22843,39.4796
22844,40.4157
22845,38.059
22846,37.4148
22847,35.2303
22848,42.3104
22849,41.659
22850,43.3835
22851,37.778
22852,40.622
22853,40.5659
22854,39.6241
22855,41.6835
22856,38.5645
22857,39.707
22858,40.4717
22859,37.4142
22860,39.7518
22861,40.2476
22862,40.4351
22863,38.6486
22864,39.0814
22865,39.2738
22866,35.8633
22867,41.0718
22868,40.0812
22869,41.1549
22870,38.9191
22871,38.9421
22872,37.2212
22873,36.3593
22874,36.1146
22875,41.1605
22876,43.3765
22877,38.0441
22878,39.3398
22879,39.9273
22880,40.2147
22881,43.2557
22882,39.3828
22883,37.1825
22884,40.7009
22885,40.6329
22886,44.6436
22887,38.735
22888,40.3966
22889,41.9991
22890,41.101
22891,44.0649
22892,37.1804
22893,40.2379
22894,38.4319
22895,41.1809
22896,38.7772
22897,39.0029
22898,39.1522
22899,39.4978
22900,39.604
22901,39.6898
22902,40.2687
22903,40.3707
22904,42.5694
22905,39.8789
22906,35.6069
22907,42.1002
22908,37.1375
22909,42.2845
22910,42.3735
22911,42.5077
22912,42.8857
22913,35.9181
22914,41.5212
22915,38.8485
22916,41.699
22917,38.2434
22918,39.975
22919,43.5561
22920,39.6391
22921,37.0341
22922,39.2502
22923,42.3639
22924,39.5321
22925,39.7481
22926,37.9985
22927,41.5897
22928,40.6471
22929,39.7585
22930,41.8278
22931,42.0122
22932,41.5287
22933,41.8046
22934,43.2931
22935,36.3788
22936,39.6982
22937,40.1303
22938,38.6244
22939,34.3861
22940,40.5175
22941,36.613
22942,40.7582
22943,39.3902
22944,41.236
22945,41.3117
22946,41.3318
22947,37.0391
22948,43.2909
22949,38.0419
22950,36.0715
22951,38.5371
22952,38.8163
22953,39.1981
22954,39.7972
22955,38.9349
22956,40.0118
22957,39.1239
22958,40.5743
22959,38.7725
22960,40.8595
22961,39.374
22962,40.6091
22963,41.1589
22964,38.2318
22965,41.4391
22966,40.6809
22967,34.9596
22968,41.4073
22969,41.6775
22970,39.779
22971,41.8908
22972,34.9442
22973,42.4554
22974,39.7916
22975,39.8764
22976,40.2739
22977,40.6933
22978,41.1087
22979,41.1483
22980,32.6148
22981,43.6851
22982,40.8969
22983,41.1455
22984,44.7747
22985,36.9649
22986,42.1938
22987,40.5612
22988,39.9126
22989,36.8215
22990,39.1214
22991,40.233
22992,39.2415
22993,38.4059
22994,39.9187
22995,40.1712
22996,40.3474
22997,43.1533
22998,41.1734
22999,41.2871
23000,38.6979
23001,39.7314
23002,42.3776
23003,39.5607
23004,39.8413
23005,40.0498
23006,41.0582
23007,40.8206
23008,38.8906
23009,41.6918
23010,41.8814
23011,41.2151
23012,39.2208
23013,42.2774
23014,36.8172
23015,36.7888
23016,37.0595
23017,38.851
23018,40.8771
23019,43.083
23020,39.2201
23021,41.6327
23022,41.0529
23023,40.1701
23024,39.7233
23025,38.1781
23026,42.214
23027,39.1401
23028,40.2768
23029,39.3649
23030,41.0332
23031,35.39
23032,37.8666
23033,39.3609
23034,39.9469
23035,44.8261
23036,41.0475
23037,37.484
23038,40.5593
23039,42.5796
23040,39.9427
23041,44.1656
23042,40.2108
23043,39.2995
23044,38.8062
23045,42.4818
23046,41.7774
23047,44.8278
23048,36.0917
23049,44.3211
23050,42.0689
23051,35.2485
23052,38.2041
23053,42.3524
23054,38.4361
23055,39.17
23056,38.5105
23057,39.7593
23058,38.0581
23059,43.2662
23060,40.7457
23061,40.5171
23062,39.56
23063,38.6787
23064,38.839
23065,38.9064
23066,39.2828
23067,39.6267
23068,39.0033
23069,38.7098
23070,39.8921
23071,39.2123
23072,40.3371
23073,36.7324
23074,41.7893
23075,37.3903
23076,39.5208
23077,39.2626
23078,38.402
23079,39.3597
23080,41.8577
23081,36.9978
23082,42.0062
23083,45.2502
23084,40.4254
23085,41.1445
23086,39.4109
23087,39.8529
23088,42.0707
23089,42.1486
23090,42.1673
23091,41.544
23092,38.5112
23093,40.1641
23094,35.3749
23095,41.771
23096,42.8952
23097,41.5342
23098,40.3224
23099,39.8803
23100,37.7705
23101,38.3966
23102,40.7153
23103,39.4624
23104,40.8816
23105,37.1795
23106,41.3572
23107,38.2177
23108,42.511
23109,39.4782
23110,40.0733
23111,38.1172
23112,45.0011
23113,41.2283
23114,34.7444
23115,38.861
23116,42.0386
23117,36.4762
23118,46.9564
23119,38.1787
23120,38.6253
23121,39.0787
23122,41.4493
23123,39.5727
23124,39.5964
23125,39.9427
23126,38.1769
23127,39.8484
23128,41.2758
23129,38.133
23130,42.5648
23131,42.134
23132,39.5416
23133,36.8904
23134,40.0169
23135,39.1587
23136,39.5908
23137,38.6451
23138,37.8683
23139,39.387
23140,36.5277
23141,40.7124
23142,40.8209
23143,40.368
23144,35.3931
23145,37.0378
23146,41.1144
23147,40.1285
23148,37.2392
23149,41.9026
23150,39.4553
23151,39.889
23152,40.5843
23153,41.1741
23154,38.241
23155,40.3851
23156,41.4077
23157,38.4161
23158,41.6198
23159,39.9439
23160,37.0513
23161,38.5168
23162,41.2556
23163,38.6482
23164,35.7596
23165,41.1953
23166,39.2049
23167,39.7671
23168,36.9586
23169,40.3124
23170,37.5508
23171,41.0118
23172,41.2998
23173,41.353
23174,38.3687
23175,38.567
23176,39.1752
23177,45.2342
23178,43.8418
23179,39.2785
23180,40.3368
23181,37.6098
23182,41.6304
23183,41.8156
23184,38.2418
23185,40.7223
23186,40.9116
23187,45.4697
23188,40.6185
23189,40.6617
23190,41.1338
23191,41.1775
23192,42.1924
23193,42.7446
23194,36.9616
23195,38.4094
23196,38.6779
23197,39.7366
23198,39.1998
23199,39.7689
23200,41.8332
23201,41.2316
23202,38.5493
23203,42.5416
23204,40.0261
23205,36.6241
23206,41.3974
23207,37.6172
23208,42.0104
23209,34.2509
23210,39.1697
23211,39.5205
23212,41.4716
23213,39.8948
23214,40.6302
23215,40.9293
23216,42.0298
23217,37.9928
23218,38.3802
23219,38.893
23220,38.0862
23221,39.1551
23222,42.5842
23223,39.1087
23224,42.3123
23225,39.972
23226,39.3929
23227,35.5277
23228,40.5484
23229,38.9231
23230,41.0262
23231,41.299
23232,40.8551
23233,41.2364
23234,40.2467
23235,39.4861
23236,41.3733
23237,41.5189
23238,40.5693
23239,38.5906
23240,42.9397
23241,38.0519
23242,39.6549
23243,39.8239
23244,41.978
23245,41.1087
23246,42.6967
23247,41.7486
23248,39.9189
23249,38.8546
23250,39.3468
23251,39.6479
23252,39.7769
23253,40.5635
23254,35.8108
23255,36.8301
23256,36.7425
23257,37.4674
23258,43.5888
23259,39.9226
23260,40.6695
23261,41.5434
23262,38.1851
23263,37.4396
23264,40.4795
23265,36.6454
23266,40.6868
23267,41.0049
23268,38.6456
23269,39.884
23270,42.9558
23271,38.9918
23272,34.4784
23273,39.4877
23274,39.0981
23275,41.3953
23276,40.6387
23277,40.7691
23278,42.2797
23279,39.1248
23280,40.1378
23281,40.1413
23282,42.8418
23283,39.1172
23284,38.5267
23285,42.2888
23286,39.45
23287,39.9395
23288,39.1258
23289,38.7076
23290,40.2603
23291,39.3797
23292,41.466
23293,41.2168
23294,40.2391
23295,37.4775
23296,41.7084
23297,37.7934
23298,42.3024
23299,39.224
23300,40.4608
23301,40.8055
23302,40.9307
23303,41.2928
23304,38.6857
23305,37.4421
23306,37.2512
23307,39.506
23308,39.0544
23309,37.4179
23310,37.976
23311,40.3607
23312,36.972
23313,36.9805
23314,41.5458
23315,38.5994
23316,38.7683
23317,35.7767
23318,39.7335
23319,40.7785
23320,41.96
23321,39.6704
23322,39.8913
23323,39.9206
23324,34.8626
23325,40.8868
23326,42.1267
23327,40.0162
23328,38.0308
23329,38.2187
23330,38.2885
23331,44.419
23332,40.4915
23333,38.6335
23334,39.7547
23335,39.4702
23336,37.8364
23337,46.203
23338,34.5543
23339,39.9273
23340,40.0935
23341,40.2216
23342,39.23
23343,40.652
23344,35.8881
23345,41.0513
23346,40.4373
23347,40.4201
23348,37.4974
23349,37.8321
23350,44.0741
23351,39.1194
23352,40.3906
23353,38.0795
23354,40.5651
23355,39.9836
23356,40.2365
23357,38.9056
23358,40.5721
23359,39.7649
23360,40.9523
23361,39.6315
23362,43.6422
23363,37.7211
23364,37.1485
23365,41.3461
23366,39.7836
23367,41.3476
23368,40.0678
23369,40.5452
23370,39.6595
23371,36.7905
23372,43.6121
23373,38.8371
23374,39.8529
23375,37.2171
23376,43.9721
23377,39.1855
23378,36.2675
23379,43.5255
23380,38.7766
23381,38.1991
23382,40.1889
23383,37.2186
23384,39.6738
23385,39.8063
23386,37.9862
23387,38.685
23388,37.7255
23389,40.9588
23390,39.0976
23391,40.9195
23392,39.0968
23393,39.1228
23394,42.3547
23395,39.5726
23396,40.6393
23397,40.7557
23398,41.7347
23399,38.8951
23400,42.1428
23401,40.546
23402,40.1444
23403,43.2117
23404,44.7718
23405,39.0539
23406,36.078
23407,37.8422
23408,38.669
23409,39.6251
23410,39.6472
23411,37.633
23412,36.0219
23413,40.201
23414,43.6011
23415,40.1993
23416,37.1715
23417,40.1799
23418,41.4734
23419,39.5362
23420,40.1854
23421,39.2186
23422,42.2625
23423,42.6945
23424,39.1034
23425,39.1349
23426,40.8091
23427,41.1534
23428,42.1882
23429,41.5093
23430,41.5806
23431,36.7903
23432,43.0352
23433,37.1223
23434,37.8122
23435,37.9914
23436,35.6944
23437,38.7296
23438,40.4537
23439,40.8826
23440,38.2455
23441,41.5649
23442,38.6807
23443,41.2458
23444,41.4113
23445,39.5237
23446,37.7178
23447,42.7272
23448,39.9501
23449,40.6845
23450,41.8011
23451,35.4274
23452,42.4598
23453,40.3184
23454,40.4722
23455,40.0773
23456,35.4218
23457,35.4396
23458,35.5145
23459,40.9312
23460,36.1599
23461,42.8653
23462,36.9476
23463,39.5358
23464,39.2553
23465,40.5971
23466,39.6293
23467,38.7392
23468,39.961
23469,38.112
23470,42.2118
23471,41.3986
23472,37.4505
23473,39.522
23474,39.6575
23475,38.6927
23476,39.0893
23477,39.1274
23478,42.4645
23479,40.4815
23480,40.52
23481,39.6327
23482,41.6445
23483,41.7848
23484,41.9541
23485,42.1513
23486,38.8971
23487,42.2535
23488,42.5848
23489,34.8745
23490,37.0178
23491,42.3567
23492,42.3683
23493,43.6228
23494,38.7862
23495,43.8176
23496,41.078
23497,41.209
23498,38.5393
23499,43.6277
23500,38.7466
23501,41.7905
23502,38.0246
23503,39.1643
23504,44.5875
23505,36.8421
23506,43.6971
23507,42.867
23508,36.5431
23509,37.4878
23510,38.2614
23511,38.858
23512,39.7544
23513,39.8923
23514,40.0369
23515,40.1071
23516,41.6643
23517,36.739
23518,37.9737
23519,43.0479
23520,38.8917
23521,41.2834
23522,37.8693
23523,43.08
23524,40.7588
23525,37.9619
23526,42.3923
23527,39.8094
23528,39.8002
23529,41.425
23530,41.5188
23531,44.6993
23532,44.8707
23533,35.5788
23534,39.9023
23535,38.7474
23536,41.9913
23537,39.3734
23538,38.47
23539,40.7708
23540,40.3336
23541,39.626
23542,40.8832
23543,38.3603
23544,40.5338
23545,38.5589
23546,38.1276
23547,44.6553
23548,40.271
23549,37.0293
23550,39.2855
23551,40.6847
23552,38.3645
23553,40.618
23554,39.9077
23555,42.2177
23556,43.3827
23557,36.6778
23558,41.0064
23559,42.175
23560,35.8937
23561,39.893
23562,37.0661
23563,39.2125
23564,38.1957
23565,39.0779
23566,40.4017
23567,40.4244
23568,42.6847
23569,37.1979
23570,37.479
23571,40.4983
23572,40.9985
23573,41.3482
23574,37.7408
23575,35.894
23576,41.909
23577,38.3564
23578,36.5148
23579,43.7725
23580,36.921
23581,38.0819
23582,38.3566
23583,38.4765
23584,38.6803
23585,42.0684
23586,39.5014
23587,38.3458
23588,40.7689
23589,39.2359
23590,38.2546
23591,42.1708
23592,38.4245
23593,38.2836
23594,38.0286
23595,39.1889
23596,40.5984
23597,40.4053
23598,38.7012
23599,41.7882
23600,42.739
23601,38.8151
23602,39.6517
23603,41.1717
23604,38.4846
23605,39.9258
23606,40.1278
23607,40.2949
23608,36.6048
23609,41.4309
23610,41.799
23611,39.7423
23612,34.8621
23613,40.3577
23614,39.8385
23615,38.8064
23616,40.2832
23617,40.882
23618,38.2994
23619,41.98
23620,42.0766
23621,39.0177
23622,38.5783
23623,37.6035
23624,39.9318
23625,43.6012
23626,38.7433
23627,40.137
23628,38.1579
23629,37.4353
23630,38.3653
23631,41.0678
23632,41.7813
23633,38.7897
23634,40.5984
23635,35.65
23636,38.5805
23637,41.919
23638,42.9855
23639,40.1111
23640,37.6639
23641,36.5261
23642,41.8355
23643,38.3251
23644,41.7308
23645,39.3512
23646,40.5545
23647,40.5675
23648,37.5225
23649,37.5786
23650,34.7775
23651,38.2697
23652,42.2782
23653,41.6036
23654,38.9449
23655,38.9657
23656,41.2487
23657,41.3411
23658,41.686
23659,39.813
23660,41.9968
23661,37.8562
23662,40.31
23663,40.6115
23664,35.8464
23665,37.1686
23666,41.0442
23667,37.0851
23668,38.1128
23669,40.5716
23670,40.581
23671,39.2401
23672,41.3748
23673,37.8288
23674,37.9753
23675,38.3493
23676,39.8248
23677,38.8205
23678,39.8724
23679,42.1326
23680,42.1506
23681,39.2123
23682,41.2498
23683,39.4236
23684,42.3386
23685,38.4446
23686,41.7484
23687,41.8383
23688,37.4953
23689,37.761
23690,40.0691
23691,39.3067
23692,45.4016
23693,38.6213
23694,39.7046
23695,42.6464
23696,41.1673
23697,41.8205
23698,42.0195
23699,42.1684
23700,34.6155
23701,41.1224
23702,38.3937
23703,38.9903
23704,39.251
23705,39.1684
23706,41.3722
23707,41.0359
23708,42.2006
23709,43.2277
23710,38.7328
23711,40.0276
23712,39.8123
23713,38.9569
23714,39.0872
23715,40.8755
23716,39.25
23717,37.1422
23718,40.1507
23719,42.5932
23720,37.4825
23721,36.9694
23722,40.0611
23723,39.5807
23724,39.7083
23725,41.6879
23726,38.8413
23727,42.442
23728,40.3305
23729,40.5668
23730,37.719
23731,41.522
23732,40.0942
23733,42.2031
23734,42.5048
23735,38.6342
23736,42.2655
23737,41.8956
23738,41.5818
23739,39.3627
23740,36.7948
23741,37.5485
23742,35.7469
23743,38.8023
23744,38.8263
23745,37.0171
23746,36.9317
23747,38.0478
23748,41.6578
23749,40.7953
23750,37.1978
23751,39.2793
23752,42.2442
23753,41.4063
23754,39.8473
23755,39.9027
23756,38.2777
23757,41.152
23758,39.2252
23759,36.3018
23760,38.5513
23761,42.0494
23762,39.0578
23763,40.6038
23764,41.5035
23765,40.6257
23766,40.8609
23767,41.5201
23768,38.507
23769,42.0717
23770,43.416
23771,40.6711
23772,38.2771
23773,39.5418
23774,38.634
23775,36.044
23776,36.5911
23777,43.1308
23778,40.1811
23779,38.6995
23780,38.5188
23781,37.6195
23782,38.817
23783,36.8394
23784,37.9481
23785,37.8226
23786,40.034
23787,39.5728
23788,40.1997
23789,42.2801
23790,40.9627
23791,38.0622
23792,41.1187
23793,40.3786
23794,38.4609
23795,39.1991
23796,39.2257
23797,34.3377
23798,40.642
23799,41.7997
23800,41.8396
23801,41.9051
23802,39.4568
23803,44.1129
23804,45.1986
23805,40.6335
23806,45.2807
23807,41.3942
23808,39.5119
23809,38.7735
23810,40.3536
23811,41.3002
23812,37.9866
23813,41.598
23814,38.5494
23815,42.7451
23816,42.8047
23817,40.2199
23818,42.2973
23819,39.9159
23820,41.0994
23821,38.3938
23822,35.8004
23823,41.0146
23824,38.0571
23825,43.3918
23826,36.5208
23827,38.4606
23828,38.2606
23829,37.3781
23830,39.0875
23831,39.3108
23832,39.4526
23833,39.6554
23834,39.8111
23835,39.8295
23836,40.3139
23837,40.4202
23838,37.9822
23839,41.4724
23840,42.056
23841,42.2453
23842,41.4049
23843,42.5692
23844,43.1468
23845,43.6718
23846,40.205
23847,38.5227
23848,39.1565
23849,42.437
23850,40.8768
23851,40.1267
23852,40.6673
23853,39.8018
23854,38.384
23855,39.7339
23856,40.183
23857,40.8349
23858,36.9745
23859,37.7937
23860,40.1359
23861,43.2527
23862,39.389
23863,35.7661
23864,36.9856
23865,41.3381
23866,39.7592
23867,37.959
23868,39.0296
23869,40.2223
23870,39.5478
23871,38.7089
23872,39.9423
23873,37.9716
23874,41.0189
23875,40.0273
23876,34.3988
23877,37.0934
23878,42.9152
23879,38.0777
23880,38.3059
23881,38.3382
23882,40.3957
23883,38.8297
23884,41.1935
23885,39.4333
23886,41.6843
23887,40.1317
23888,38.4238
23889,38.7389
23890,38.7473
23891,37.3943
23892,38.9314
23893,38.0492
23894,40.5049
23895,36.8989
23896,38.9273
23897,40.4378
23898,39.6755
23899,39.7023
23900,40.0389
23901,38.4215
23902,40.7817
23903,39.7858
23904,40.4221
23905,42.5584
23906,42.5808
23907,41.0773
23908,41.2836
23909,38.822
23910,42.0556
23911,38.246
23912,37.29
23913,44.3408
23914,36.3629
23915,37.0056
23916,40.7605
23917,41.2897
23918,37.065
23919,38.8092
23920,40.9435
23921,38.9898
23922,43.0734
23923,42.3759
23924,37.5486
23925,37.8677
23926,40.1388
23927,38.6591
23928,37.5725
23929,39.967
23930,40.5311
23931,40.5961
23932,40.8683
23933,38.9747
23934,41.137
23935,41.1743
23936,40.5387
23937,38.2996
23938,43.4678
23939,37.6226
23940,38.633
23941,44.6847
23942,41.7953
23943,40.6911
23944,41.8102
23945,40.9496
23946,41.3643
23947,40.7494
23948,37.0649
23949,41.5879
23950,39.8342
23951,43.1434
23952,39.1328
23953,40.1749
23954,35.1488
23955,38.1728
23956,39.8762
23957,38.8907
23958,40.0753
23959,39.2196
23960,39.4399
23961,40.6592
23962,40.7948
23963,42.3063
23964,41.5073
23965,41.8694
23966,41.8985
23967,40.8261
23968,40.8346
23969,39.9278
23970,44.1087
23971,41.2231
23972,41.4747
23973,36.2911
23974,35.8868
23975,35.9422
23976,42.7746
23977,43.1731
23978,38.6075
23979,40.1006
23980,37.8667
23981,40.0568
23982,37.0653
23983,37.7554
23984,39.7638
23985,45.2529
23986,39.8314
23987,39.4313
23988,39.5091
23989,38.4674
23990,41.629
23991,40.6891
23992,37.7508
23993,42.9061
23994,36.1636
23995,39.4269
23996,41.8818
23997,41.9564
23998,42.259
23999,41.5368
24000,44.1404
24001,40.532
24002,41.9246
24003,41.5535
24004,44.0266
24005,42.1961
24006,43.5467
24007,41.7191
24008,38.1712
24009,35.8906
24010,38.2999
24011,38.8497
24012,39.8718
24013,39.0845
24014,43.0989
24015,36.1073
24016,40.5635
24017,37.7886
24018,37.724
24019,38.3074
24020,40.8778
24021,38.9004
24022,37.8036
24023,41.9092
24024,39.1984
24025,41.2752
24026,42.5198
24027,39.6351
24028,39.6406
24029,42.7786
24030,40.4728
24031,40.6754
24032,38.0404
24033,37.1091
24034,41.5139
24035,38.5579
24036,41.6396
24037,38.6875
24038,41.8373
24039,42.1966
24040,41.9219
24041,41.0051
24042,40.8229
24043,38.3919
24044,36.1408
24045,37.3237
24046,39.9363
24047,38.6445
24048,38.774
24049,38.8079
24050,38.9434
24051,39.6202
24052,41.6847
24053,41.9092
24054,42.0361
24055,38.3098
24056,37.3418
24057,42.5062
24058,43.616
24059,39.9754
24060,38.5026
24061,43.8751
24062,36.879
24063,39.1469
24064,39.6512
24065,42.7548
24066,37.3004
24067,42.7443
24068,36.631
24069,35.764
24070,41.7
24071,42.7153
24072,43.2989
24073,38.3654
24074,41.6941
24075,36.877
24076,43.3253
24077,42.384
24078,37.5301
24079,40.8554
24080,40.6079
24081,41.069
24082,40.3083
24083,37.5133
24084,41.214
24085,42.0456
24086,39.4196
24087,38.0922
24088,40.3639
24089,39.5282
24090,39.9419
24091,45.0556
24092,38.4463
24093,39.1351
24094,39.3327
24095,41.9901
24096,41.1486
24097,36.3484
24098,44.244
24099,38.5201
24100,40.7871
24101,39.7779
24102,40.4716
24103,40.6483
24104,40.775
24105,37.5918
24106,39.5301
24107,39.5684
24108,40.2971
24109,39.3295
24110,41.4631
24111,42.4814
24112,42.3305
24113,35.3726
24114,38.879
24115,41.5681
24116,39.0561
24117,41.2434
24118,39.5035
24119,39.654
24120,37.7065
24121,36.3749
24122,38.4704
24123,37.5908
24124,41.7718
24125,36.8058
24126,41.9332
24127,37.058
24128,38.5674
24129,38.6033
24130,38.7164
24131,39.7459
24132,40.3986
24133,37.4842
24134,40.6758
24135,38.725
24136,40.852
24137,43.1949
24138,43.3954
24139,42.1837
24140,39.3165
24141,38.325
24142,36.6242
24143,43.8425
24144,42.6807
24145,38.4446
24146,42.5771
24147,37.2512
24148,39.6164
24149,38.7023
24150,39.8193
24151,39.4436
24152,37.8598
24153,37.292
24154,45.4274
24155,37.4358
24156,42.1746
24157,40.4338
24158,39.7623
24159,37.9421
24160,36.0599
24161,40.1762
24162,40.2644
24163,40.2728
24164,38.3573
24165,39.611
24166,39.2042
24167,42.005
24168,42.0447
24169,42.6833
24170,39.7216
24171,40.922
24172,39.886
24173,40.3984
24174,39.1071
24175,40.7957
24176,39.6056
24177,36.3526
24178,40.9882
24179,37.3192
24180,42.361
24181,42.5541
24182,39.8353
24183,40.6009
24184,38.8976
24185,38.9215
24186,39.116
24187,39.3093
24188,39.3389
24189,37.8045
24190,39.2016
24191,41.4851
24192,40.8779
24193,40.0136
24194,41.9135
24195,39.939
24196,40.1137
24197,42.242
24198,40.2776
24199,42.3191
24200,38.7039
24201,41.1325
24202,42.6285
24203,39.3127
24204,38.9344
24205,38.1372
24206,38.3785
24207,41.4957
24208,39.1029
24209,42.3975
24210,41.7544
24211,39.7628
24212,36.973
24213,36.9969
24214,43.0053
24215,42.2558
24216,36.74
24217,43.7591
24218,43.4386
24219,42.483
24220,40.9069
24221,37.198
24222,42.5733
24223,38.599
24224,39.5483
24225,39.6803
24226,40.4742
24227,38.755
24228,41.5929
24229,38.9754
24230,40.1052
24231,38.7551
24232,39.7316
24233,36.6266
24234,38.7789
24235,38.6913
24236,37.7735
24237,37.9987
24238,41.2379
24239,41.7903
24240,38.4148
24241,39.2835
24242,40.4577
24243,41.5377
24244,37.578
24245,42.193
24246,42.5426
24247,38.7503
24248,39.3503
24249,40.4119
24250,43.5635
24251,42.6789
24252,42.006
24253,39.7778
24254,40.7556
24255,41.7307
24256,39.961
24257,39.6637
24258,37.1595
24259,39.7946
24260,37.9482
24261,39.5942
24262,39.6113
24263,37.7984
24264,39.8834
24265,41.4478
24266,43.0227
24267,40.5017
24268,37.8429
24269,40.3708
24270,40.4965
24271,38.6386
24272,38.7549
24273,41.5396
24274,39.5709
24275,42.6966
24276,39.3937
24277,43.405
24278,37.7171
24279,42.4813
24280,38.5619
24281,40.7758
24282,40.7236
24283,36.4318
24284,38.6558
24285,36.5966
24286,42.7406
24287,39.8778
24288,40.256
24289,39.1598
24290,41.6974
24291,42.6595
24292,39.7481
24293,40.2113
24294,43.4754
24295,39.9739
24296,42.4098
24297,39.4901
24298,40.797
24299,42.507
24300,39.7974
24301,40.0272
24302,41.2349
24303,40.453
24304,42.1419
24305,42.1746
24306,42.3613
24307,40.4297
24308,43.3182
24309,38.7802
24310,40.1537
24311,39.7341
24312,38.9967
24313,38.969
24314,38.8006
24315,40.2361
24316,37.8944
24317,38.003
24318,41.1266
24319,40.4979
24320,40.5084
24321,41.6066
24322,40.5941
24323,39.7385
24324,41.0355
24325,43.7853
24326,38.8329
24327,39.9407
24328,39.1764
24329,37.2261
24330,40.3231
24331,42.5877
24332,39.4151
24333,37.5828
24334,38.1048
24335,39.2806
24336,39.4591
24337,38.6135
24338,41.8016
24339,41.818
24340,43.0391
24341,42.6585
24342,39.9496
24343,39.8648
24344,41.7737
24345,42.7852
24346,42.7407
24347,40.4919
24348,39.3064
24349,41.3576
24350,41.7202
24351,41.7505
24352,40.8321
24353,40.8433
24354,41.1712
24355,43.4847
24356,41.8516
24357,34.4531
24358,38.7861
24359,38.1004
24360,36.7074
24361,40.5074
24362,39.6931
24363,40.0796
24364,41.2279
24365,41.6226
24366,40.7114
24367,37.6468
24368,40.502
24369,40.618
24370,40.836
24371,43.113
24372,40.1713
24373,41.3424
24374,40.9215
24375,39.0184
24376,39.2689
24377,39.6977
24378,39.9014
24379,41.3888
24380,36.6634
24381,36.8906
24382,41.9862
24383,38.5053
24384,40.9215
24385,41.0979
24386,40.142
24387,39.6206
24388,34.6605
24389,41.8077
24390,42.6401
24391,41.0098
24392,39.2179
24393,38.0735
24394,38.459
24395,38.9243
24396,39.3708
24397,43.7602
24398,37.3433
24399,39.363
24400,43.3811
24401,43.5237
24402,37.927
24403,40.4709
24404,37.4904
24405,40.7141
24406,40.1357
24407,38.932
24408,41.224
24409,37.257
24410,42.4138
24411,37.4431
24412,39.1726
24413,38.356
24414,38.7547
24415,36.6626
24416,40.9136
24417,40.2763
24418,40.8828
24419,41.2895
24420,41.6883
24421,42.1824
24422,40.4022
24423,41.7362
24424,39.9263
24425,40.0965
24426,40.8338
24427,41.8881
24428,42.0319
24429,39.1507
24430,39.4171
24431,40.5299
24432,40.8735
24433,35.7788
24434,40.1155
24435,38.5173
24436,38.7412
24437,41.9238
24438,40.1121
24439,42.3044
24440,44.9568
24441,40.9104
24442,35.3512
24443,38.5209
24444,37.8916
24445,39.413
24446,39.6932
24447,38.9946
24448,41.0155
24449,41.7281
24450,40.9472
24451,40.9916
24452,41.2306
24453,40.2763
24454,39.4302
24455,39.6149
24456,40.4796
24457,39.4891
24458,41.6579
24459,40.9015
24460,38.948
24461,42.2709
24462,42.3932
24463,42.7507
24464,41.0319
24465,46.0667
24466,41.0752
24467,39.4929
24468,36.5314
24469,41.846
24470,37.5789
24471,35.9523
24472,36.8352
24473,39.3883
24474,41.6745
24475,39.8685
24476,40.0525
24477,40.7422
24478,40.9781
24479,42.0571
24480,41.0851
24481,41.8076
24482,40.2429
24483,39.4964
24484,37.2431
24485,44.2516
24486,38.2056
24487,42.4486
24488,38.9295
24489,35.939
24490,40.2797
24491,40.858
24492,41.7445
24493,42.1931
24494,42.1851
24495,37.522
24496,41.5741
24497,39.1936
24498,39.5812
24499,35.1239
24500,41.0804
24501,40.3225
24502,40.3398
24503,41.7051
24504,42.3067
24505,37.355
24506,42.2235
24507,41.0892
24508,37.4587
24509,40.0837
24510,39.2043
24511,41.3254
24512,39.3867
24513,40.5732
24514,44.2089
24515,40.5846
24516,36.2852
24517,40.7021
24518,36.914
24519,38.1086
24520,36.1202
24521,36.1773
24522,40.0535
24523,40.3367
24524,36.5904
24525,38.6951
24526,41.8856
24527,40.4631
24528,38.2156
24529,38.323
24530,37.4791
24531,39.3925
24532,37.8696
24533,39.2346
24534,39.9356
24535,41.8451
24536,43.5479
24537,39.9304
24538,39.9405
24539,42.08
24540,40.7644
24541,42.5424
24542,38.6497
24543,38.6771
24544,39.0249
24545,38.1928
24546,40.0289
24547,41.4648
24548,41.1524
24549,38.1874
24550,41.2528
24551,38.298
24552,39.2333
24553,37.341
24554,38.3179
24555,41.2
24556,39.554
24557,39.7044
24558,35.7554
24559,42.0645
24560,40.6964
24561,41.8002
24562,40.9084
24563,41.0526
24564,42.5482
24565,40.1923
24566,41.1379
24567,45.0945
24568,36.9323
24569,37.1499
24570,37.8604
24571,41.2074
24572,42.6353
24573,40.3218
24574,38.9458
24575,37.0759
24576,39.2845
24577,41.8134
24578,40.8243
24579,41.9247
24580,39.3077
24581,40.7162
24582,41.534
24583,38.7324
24584,42.7408
24585,43.0601
24586,38.022
24587,38.3072
24588,38.7345
24589,45.9869
24590,43.2664
24591,41.9522
24592,41.9639
24593,40.1311
24594,40.2808
24595,44.388
24596,38.3965
24597,39.0404
24598,39.3072
24599,40.5344
24600,44.9593
24601,41.2609
24602,41.4172
24603,42.002
24604,37.0104
24605,38.7275
24606,36.2424
24607,39.7138
24608,37.8024
24609,42.0193
24610,39.2137
24611,43.008
24612,37.0211
24613,40.2328
24614,40.5839
24615,38.307
24616,39.363
24617,34.548
24618,42.7038
24619,37.694
24620,42.8273
24621,42.9269
24622,39.3546
24623,35.5644
24624,39.8976
24625,39.175
24626,39.6232
24627,39.7368
24628,41.7594
24629,41.5745
24630,36.6875
24631,40.9286
24632,41.0508
24633,42.3813
24634,42.8758
24635,37.683
24636,36.6518
24637,39.0149
24638,41.2036
24639,39.559
24640,39.584
24641,41.8829
24642,41.0036
24643,39.4278
24644,41.5856
24645,40.6787
24646,39.7039
24647,37.1445
24648,38.6857
24649,43.7301
24650,39.9268
24651,40.0872
24652,37.317
24653,40.4685
24654,40.8747
24655,39.8832
24656,42.8025
24657,38.3224
24658,41.1622
24659,43.2823
24660,41.3441
24661,40.5322
24662,37.1097
24663,39.2814
24664,39.6276
24665,39.2044
24666,40.6673
24667,39.8178
24668,42.2477
24669,41.5844
24670,38.7452
24671,39.0994
24672,41.1138
24673,43.5604
24674,39.5731
24675,41.2488
24676,41.8342
24677,39.375
24678,39.6456
24679,40.3385
24680,40.8844
24681,42.1657
24682,42.3668
24683,42.3953
24684,37.5033
24685,43.534
24686,41.6973
24687,40.3475
24688,38.7381
24689,40.0797
24690,38.2564
24691,45.2302
24692,40.1359
24693,38.0173
24694,36.625
24695,38.7097
24696,43.8869
24697,39.8953
24698,39.2366
24699,37.9606
24700,40.034
24701,39.8031
24702,40.8432
24703,41.0597
24704,38.0741
24705,42.3814
24706,40.7401
24707,41.792
24708,39.5707
24709,40.6542
24710,39.8793
24711,42.727
24712,42.0199
24713,38.1436
24714,38.9107
24715,38.9973
24716,36.9335
24717,41.3857
24718,37.5311
24719,41.2268
24720,37.4262
24721,39.6393
24722,39.7898
24723,36.9562
24724,39.0601
24725,41.1184
24726,39.1703
24727,37.3007
24728,42.0608
24729,42.2314
24730,37.4871
24731,39.9845
24732,39.2152
24733,39.4265
24734,41.063
24735,36.7937
24736,41.6469
24737,38.1197
24738,37.0667
24739,37.528
24740,36.9293
24741,38.5735
24742,40.0465
24743,45.2797
24744,39.0106
24745,39.0286
24746,39.1211
24747,37.7766
24748,40.1912
24749,40.8281
24750,39.0954
24751,40.533
24752,40.7562
24753,37.7814
24754,39.2193
24755,39.553
24756,39.9571
24757,43.2774
24758,38.8376
24759,38.413
24760,41.4842
24761,39.6175
24762,38.6988
24763,35.9301
24764,42.3476
24765,42.4004
24766,40.4867
24767,44.8245
24768,38.9856
24769,41.2208
24770,39.3556
24771,34.5542
24772,35.2887
24773,37.6276
24774,38.3333
24775,41.3614
24776,38.4089
24777,38.7763
24778,39.208
24779,37.448
24780,39.5058
24781,40.253
24782,41.4281
24783,38.4123
24784,41.5265
24785,40.5448
24786,38.9477
24787,41.0522
24788,38.8166
24789,38.826
24790,42.3446
24791,43.8108
24792,45.763
24793,38.9315
24794,38.9842
24795,39.3746
24796,40.7718
24797,39.7923
24798,41.7153
24799,43.9096
24800,40.269
24801,39.2934
24802,41.3568
24803,36.0607
24804,36.6883
24805,42.9133
24806,43.8272
24807,39.8991
24808,38.1642
24809,36.7745
24810,39.8447
24811,40.0483
24812,40.294
24813,40.4338
24814,41.3391
24815,36.8891
24816,46.963
24817,43.1084
24818,39.2756
24819,38.2851
24820,40.2498
24821,40.4041
24822,40.4293
24823,40.0242
24824,41.4336
24825,40.2711
24826,41.6671
24827,39.6872
24828,37.787
24829,43.8463
24830,39.4356
24831,43.0854
24832,45.5463
24833,41.896
24834,40.7007
24835,39.0488
24836,37.1595
24837,39.2718
24838,40.6726
24839,41.197
24840,35.3352
24841,41.4072
24842,41.0795
24843,40.9737
24844,42.9443
24845,44.189
24846,38.4595
24847,38.6096
24848,43.8754
24849,39.1768
24850,36.6051
24851,37.0194
24852,44.0672
24853,40.2595
24854,38.6109
24855,39.3259
24856,39.0941
24857,39.3987
24858,39.5869
24859,39.9205
24860,34.9861
24861,40.0895
24862,40.2929
24863,41.275
24864,41.4161
24865,36.6608
24866,42.138
24867,43.4131
24868,43.4765
24869,39.6818
24870,40.622
24871,40.9415
24872,39.0042
24873,39.2922
24874,41.4442
24875,36.9942
24876,37.098
24877,35.7512
24878,36.9966
24879,40.1027
24880,39.0523
24881,39.0713
24882,35.2905
24883,41.5531
24884,38.8575
24885,37.5794
24886,38.6531
24887,41.1054
24888,39.5069
24889,40.4386
24890,39.1579
24891,41.9908
24892,42.2082
24893,41.3961
24894,40.8674
24895,41.9902
24896,36.5397
24897,40.7519
24898,37.0822
24899,39.3513
24900,39.5734
24901,40.9212
24902,38.9812
24903,41.0411
24904,39.408
24905,40.4683
24906,41.5668
24907,41.2443
24908,41.0366
24909,41.0886
24910,37.3119
24911,43.6017
24912,41.1498
24913,39.0312
24914,39.6089
24915,37.0477
24916,41.0999
24917,40.3285
24918,37.3852
24919,43.6999
24920,39.4355
24921,40.453
24922,39.8926
24923,41.1578
24924,44.1942
24925,38.4528
24926,39.5501
24927,38.634
24928,34.7154
24929,36.8804
24930,41.9735
24931,41.0246
24932,39.904
24933,40.3238
24934,40.3414
24935,37.7988
24936,41.0542
24937,43.0843
24938,37.3034
24939,37.4461
24940,37.6461
24941,41.8086
24942,42.132
24943,40.2685
24944,41.467
24945,38.476
24946,38.2
24947,42.6031
24948,42.6713
24949,43.0533
24950,40.4527
24951,39.4759
24952,43.9572
24953,36.9863
24954,37.0769
24955,39.8885
24956,39.3814
24957,35.5856
24958,40.8344
24959,38.9699
24960,40.4341
24961,35.8739
24962,37.4605
24963,34.3981
24964,38.9157
24965,39.0384
24966,42.1959
24967,38.7527
24968,39.5284
24969,46.0294
24970,40.7261
24971,38.9772
24972,40.1033
24973,41.1909
24974,41.6639
24975,46.8697
24976,40.0482
24977,46.0948
24978,37.3933
24979,44.9358
24980,42.5592
24981,40.587
24982,36.7928
24983,39.1344
24984,39.2589
24985,39.3629
24986,39.9443
24987,39.9636
24988,38.0315
24989,40.9737
24990,41.0393
24991,41.2184
24992,37.7167
24993,39.7291
24994,40.1989
24995,35.8132
24996,42.4624
24997,41.7946
24998,38.5521
24999,37.634
25000,41.6155
25001,42.3193
25002,41.4139
25003,34.2141
25004,37.2636
25005,38.3102
25006,39.9129
25007,36.2729
25008,37.7199
25009,37.5787
25010,41.0145
25011,41.222
25012,40.5576
25013,38.8623
25014,35.8444
25015,40.8982
25016,38.9194
25017,40.2947
25018,38.7308
25019,38.7869
25020,39.0268
25021,43.0595
25022,38.4364
25023,40.1946
25024,40.2723
25025,42.5647
25026,39.8869
25027,41.0697
25028,43.5724
25029,41.1013
25030,41.2632
25031,38.5172
25032,44.6034
25033,40.3447
25034,37.0222
25035,38.6209
25036,40.3872
25037,40.0837
25038,40.2773
25039,40.2865
25040,42.5987
25041,43.385
25042,41.0284
25043,42.1064
25044,39.1534
25045,40.5206
25046,44.8339
25047,42.7285
25048,42.4981
25049,39.9796
25050,38.163
25051,43.0847
25052,41.3385
25053,40.7829
25054,41.6081
25055,38.9718
25056,41.0434
25057,41.3502
25058,35.3841
25059,43.7391
25060,41.8607
25061,42.2765
25062,38.478
25063,38.6274
25064,36.6913
25065,37.0286
25066,39.1332
25067,43.308
25068,37.4412
25069,40.6166
25070,41.0868
25071,41.1599
25072,42.4995
25073,41.8121
25074,39.3534
25075,34.9271
25076,39.994
25077,37.5072
25078,42.9993
25079,40.2019
25080,39.907
25081,40.0905
25082,41.2689
25083,42.332
25084,36.3731
25085,35.8608
25086,38.2891
25087,38.2752
25088,39.5736
25089,40.923
25090,42.0291
25091,40.4318
25092,39.7488
25093,43.0198
25094,42.2857
25095,40.762
25096,37.0786
25097,43.2011
25098,39.8323
25099,38.9834
25100,38.9987
25101,39.4677
25102,42.3853
25103,41.7265
25104,40.7651
25105,38.5728
25106,40.292
25107,38.4654
25108,40.9603
25109,39.5984
25110,40.819
25111,42.6112
25112,34.7359
25113,45.4193
25114,37.2191
25115,40.2579
25116,40.4793
25117,40.6371
25118,40.8126
25119,41.3898
25120,43.5304
25121,41.5128
25122,38.4314
25123,37.1595
25124,41.5208
25125,41.0564
25126,42.4652
25127,35.6089
25128,39.2349
25129,39.5108
25130,39.7754
25131,39.9825
25132,38.0073
25133,40.7538
25134,41.1665
25135,42.4785
25136,39.3912
25137,40.493
25138,40.9282
25139,41.0564
25140,39.0208
25141,42.6617
25142,40.8127
25143,42.2995
25144,38.3321
25145,39.5005
25146,39.4446
25147,40.8948
25148,36.5215
25149,38.4908
25150,41.6172
25151,40.4677
25152,37.7116
25153,41.0486
25154,37.1328
25155,38.2958
25156,41.4635
25157,41.0782
25158,39.3728
25159,41.4669
25160,39.5453
25161,37.9192
25162,42.0315
25163,39.4131
25164,39.6641
25165,41.7718
25166,43.1628
25167,42.2825
25168,38.5464
25169,45.7403
25170,39.7509
25171,38.9268
25172,42.5077
25173,38.4456
25174,39.8259
25175,39.8992
25176,39.9991
25177,38.9917
25178,37.2392
25179,40.3015
25180,37.4789
25181,40.5698
25182,39.1827
25183,38.0825
25184,40.139
25185,42.9503
25186,40.3685
25187,36.0797
25188,37.4494
25189,43.5405
25190,39.8782
25191,35.7407
25192,39.8923
25193,39.9241
25194,37.9325
25195,37.941
25196,42.4187
25197,40.9286
25198,37.0477
25199,41.6064
25200,38.5001
25201,40.6314
25202,41.6734
25203,38.7707
25204,43.1069
25205,40.7286
25206,40.7371
25207,40.746
25208,36.771
25209,40.9862
25210,38.3613
25211,39.8659
25212,43.2773
25213,43.2879
25214,37.5785
25215,40.0518
25216,42.1657
25217,37.4848
25218,42.665
25219,38.3663
25220,41.2011
25221,40.1759
25222,41.2596
25223,38.284
25224,38.3685
25225,38.8635
25226,40.0443
25227,38.653
25228,40.6815
25229,40.769
25230,42.4674
25231,42.8236
25232,40.9056
25233,40.0448
25234,44.837
25235,36.2073
25236,37.78
25237,38.3235
25238,38.3384
25239,37.436
25240,37.2744
25241,41.4359
25242,40.4444
25243,37.6832
25244,42.0153
25245,42.4882
25246,41.593
25247,38.6687
25248,39.0622
25249,41.0707
25250,39.4672
25251,38.4555
25252,43.4787
25253,38.8984
25254,38.1489
25255,38.3612
25256,38.5634
25257,39.834
25258,40.4312
25259,40.8811
25260,41.4367
25261,44.1464
25262,40.7756
25263,39.0669
25264,38.8381
25265,41.3515
25266,38.9239
25267,39.9637
25268,40.2406
25269,39.9257
25270,42.9431
25271,42.4298
25272,42.0917
25273,39.961
25274,42.2664
25275,38.6029
25276,38.8037
25277,39.7854
25278,39.0312
25279,35.9833
25280,43.241
25281,40.5505
25282,44.6375
25283,39.8371
25284,38.0251
25285,39.7833
25286,40.2947
25287,40.6129
25288,40.8781
25289,37.2332
25290,37.2568
25291,39.4913
25292,38.5531
25293,40.2136
25294,38.3617
25295,39.3701
25296,37.9418
25297,40.021
25298,39.4704
25299,39.5098
25300,42.7772
25301,38.3635
25302,40.9431
25303,41.0992
25304,37.7782
25305,43.2395
25306,42.8086
25307,40.1856
25308,39.4256
25309,40.5388
25310,40.6588
25311,39.9706
25312,38.0375
25313,40.2563
25314,37.276
25315,42.0149
25316,39.0339
25317,41.4225
25318,43.4788
25319,42.319
25320,39.4207
25321,37.1029
25322,42.8434
25323,39.641
25324,35.381
25325,38.9158
25326,41.2947
25327,39.4026
25328,43.2585
25329,40.0534
25330,39.4558
25331,39.5156
25332,38.524
25333,38.5475
25334,36.0849
25335,39.9754
25336,41.0542
25337,41.0733
25338,37.2945
25339,37.4389
25340,38.8826
25341,38.0743
25342,39.1316
25343,40.243
25344,38.2795
25345,45.2946
25346,38.3638
25347,34.4927
25348,38.7616
25349,42.8272
25350,43.6606
25351,39.8934
25352,39.0038
25353,40.3383
25354,41.4737
25355,42.4918
25356,41.5508
25357,41.0702
25358,45.6889
25359,38.1394
25360,40.4138
25361,39.7023
25362,44.057
25363,40.5876
25364,40.4153
25365,41.5081
25366,35.6906
25367,38.8793
25368,39.8376
25369,39.1065
25370,37.8245
25371,39.9007
25372,39.3034
25373,40.7439
25374,38.7611
25375,38.9643
25376,41.0592
25377,42.2581
25378,42.77
25379,40.3535
25380,38.5192
25381,38.1987
25382,40.4582
25383,37.9945
25384,37.2854
25385,42.0089
25386,37.993
25387,40.2174
25388,39.3168
25389,40.3253
25390,40.1765
25391,42.3195
25392,38.9279
25393,38.0137
25394,38.105
25395,36.3791
25396,39.1937
25397,38.2234
25398,43.7513
25399,39.9798
25400,40.2405
25401,35.4549
25402,38.7211
25403,41.9498
25404,37.9637
25405,40.2096
25406,40.3079
25407,38.1493
25408,38.6159
25409,39.0532
25410,39.2692
25411,40.0078
25412,43.1484
25413,40.7501
25414,41.0479
25415,41.9383
25416,43.113
25417,35.2325
25418,34.0924
25419,40.979
25420,38.0114
25421,40.5789
25422,37.6733
25423,42.1645
25424,39.729
25425,38.5843
25426,39.6306
25427,38.6498
25428,38.2879
25429,39.4655
25430,39.5567
25431,40.7865
25432,41.9525
25433,37.0208
25434,45.3292
25435,35.3571
25436,38.367
25437,41.455
25438,39.7658
25439,39.0901
25440,42.2867
25441,38.9163
25442,38.0467
25443,41.4258
25444,38.7619
25445,42.6566
25446,42.9927
25447,36.5494
25448,39.0899
25449,38.2138
25450,39.2305
25451,42.0314
25452,40.0832
25453,44.0269
25454,38.1875
25455,39.2729
25456,39.5533
25457,42.1012
25458,40.0214
25459,42.4782
25460,36.6313
25461,41.7616
25462,35.96
25463,39.9395
25464,39.9606
25465,40.7805
25466,39.9721
25467,39.9817
25468,42.2591
25469,40.7608
25470,43.9318
25471,39.9822
25472,42.2317
25473,44.4068
25474,35.6183
25475,41.9799
25476,35.9685
25477,38.0125
25478,40.3527
25479,38.1671
25480,41.5177
25481,40.5742
25482,36.7687
25483,39.48
25484,42.5876
25485,40.7669
25486,35.9613
25487,35.3324
25488,36.3433
25489,37.9501
25490,39.1727
25491,39.7383
25492,39.1704
25493,38.4893
25494,39.7042
25495,41.1073
25496,39.5171
25497,39.5452
25498,40.773
25499,41.3143
25500,42.3855
25501,41.5263
25502,41.699
25503,41.7248
25504,41.8609
25505,38.9873
25506,36.5318
25507,40.2665
25508,38.7878
25509,41.2836
25510,42.4396
25511,40.454
25512,37.3635
25513,41.5075
25514,41.8984
25515,42.3829
25516,38.5853
25517,40.1203
25518,43.537
25519,40.0471
25520,40.5836
25521,37.6076
25522,40.0106
25523,37.6245
25524,42.6473
25525,39.9053
25526,40.2879
25527,38.5562
25528,41.8648
25529,41.115
25530,41.1359
25531,37.8449
25532,38.3181
25533,39.8189
25534,37.2491
25535,40.8826
25536,42.8911
25537,35.5127
25538,42.1372
25539,39.395
25540,38.2499
25541,39.0012
25542,39.0802
25543,43.1727
25544,42.1811
25545,43.2546
25546,41.4487
25547,39.5317
25548,38.0901
25549,39.3277
25550,38.5079
25551,41.53
25552,40.7726
25553,41.0439
25554,41.2772
25555,36.8164
25556,37.1834
25557,42.8064
25558,40.0491
25559,34.205
25560,38.3558
25561,41.4032
25562,39.4759
25563,40.9282
25564,37.5625
25565,39.9858
25566,40.1869
25567,40.9114
25568,41.2805
25569,39.1949
25570,41.3319
25571,40.653
25572,39.9339
25573,39.0147
25574,40.0321
25575,41.3043
25576,38.6241
25577,41.0118
25578,39.1796
25579,39.2752
25580,40.6533
25581,39.1291
25582,39.395
25583,38.0483
25584,37.5517
25585,40.8407
25586,37.8516
25587,38.3636
25588,41.5079
25589,39.5682
25590,40.1642
25591,38.2922
25592,40.4091
25593,38.4706
25594,38.8524
25595,44.1888
25596,41.5969
25597,40.7664
25598,39.857
25599,40.0202
25600,38.2874
25601,37.4628
25602,39.0727
25603,41.4916
25604,41.5594
25605,41.8635
25606,40.4294
25607,42.4938
25608,42.6932
25609,40.7508
25610,40.9426
25611,42.9806
25612,40.989
25613,37.0499
25614,40.1812
25615,43.2445
25616,40.3381
25617,41.649
25618,38.9043
25619,38.0968
25620,40.1692
25621,38.318
25622,41.5264
25623,39.251
25624,39.2818
25625,42.5172
25626,41.0526
25627,40.3496
25628,38.4448
25629,38.9841
25630,43.7185
25631,37.4749
25632,36.5972
25633,39.7249
25634,35.5221
25635,38.7921
25636,35.8767
25637,35.8701
25638,38.8821
25639,36.5685
25640,38.4486
25641,37.4659
25642,42.9999
25643,40.6397
25644,39.938
25645,38.9509
25646,41.053
25647,41.1253
25648,39.6277
25649,41.8166
25650,37.2269
25651,35.9449
25652,42.9831
25653,39.9915
25654,38.074
25655,42.0983
25656,41.6611
25657,38.6696
25658,35.6862
25659,40.4187
25660,43.0706
25661,41.3975
25662,40.4916
25663,40.8041
25664,44.2053
25665,40.6422
25666,40.5273
25667,39.5357
25668,41.7165
25669,38.7651
25670,38.8673
25671,39.6896
25672,38.2078
25673,40.6748
25674,41.3356
25675,39.9645
25676,40.1618
25677,36.1102
25678,38.891
25679,40.1313
25680,43.3144
25681,39.262
25682,39.7432
25683,40.3881
25684,39.0923
25685,42.6991
25686,41.074
25687,36.9883
25688,38.5455
25689,39.9487
25690,39.1175
25691,40.8047
25692,41.9292
25693,37.4258
25694,43.1787
25695,37.4763
25696,43.4864
25697,39.8852
25698,35.3692
25699,37.4576
25700,39.0875
25701,40.4677
25702,39.504
25703,40.7436
25704,42.0881
25705,42.1769
25706,42.4002
25707,43.4698
25708,35.1013
25709,37.3028
25710,40.3791
25711,43.4452
25712,41.5156
25713,35.9031
25714,38.0625
25715,36.5401
25716,41.1582
25717,40.2192
25718,39.816
25719,41.133
25720,38.5721
25721,40.9674
25722,42.2245
25723,40.7668
25724,41.9481
25725,42.1104
25726,40.2189
25727,38.3986
25728,40.7526
25729,38.9858
25730,40.0318
25731,39.3855
25732,39.9079
25733,38.7067
25734,45.8092
25735,43.4395
25736,42.4546
25737,38.8878
25738,38.7718
25739,43.7968
25740,36.8928
25741,37.4202
25742,34.6868
25743,42.6174
25744,40.0257
25745,39.2114
25746,43.3127
25747,38.1019
25748,39.3408
25749,38.9301
25750,39.9432
25751,40.9953
25752,42.0936
25753,43.2524
25754,39.3343
25755,42.5447
25756,39.745
25757,39.821
25758,40.2338
25759,40.2713
25760,40.3086
25761,40.3171
25762,39.8817
25763,38.4434
25764,38.6375
25765,43.5649
25766,39.6684
25767,39.9593
25768,40.5784
25769,41.5538
25770,40.6428
25771,40.923
25772,42.9329
25773,37.7194
25774,38.9255
25775,42.984
25776,39.3507
25777,37.7305
25778,38.4233
25779,39.8537
25780,40.9543
25781,39.287
25782,41.7547
25783,41.8763
25784,42.921
25785,37.3147
25786,42.2897
25787,40.3358
25788,38.4186
25789,38.5451
25790,39.6474
25791,40.598
25792,39.358
25793,39.6611
25794,40.0068
25795,41.2011
25796,44.2822
25797,36.6603
25798,42.0622
25799,40.0644
25800,41.1285
25801,40.4885
25802,42.5816
25803,40.7189
25804,41.8494
25805,40.3651
25806,37.4463
25807,38.1546
25808,42.5006
25809,38.6697
25810,36.7579
25811,37.8503
25812,40.3799
25813,40.0238
25814,39.2587
25815,40.6098
25816,39.8626
25817,42.2776
25818,36.6033
25819,42.18
25820,40.6863
25821,42.887
25822,42.9034
25823,41.8919
25824,41.9258
25825,39.739
25826,39.7533
25827,40.4354
25828,41.623
25829,41.9675
25830,38.4656
25831,40.5197
25832,39.6836
25833,42.013
25834,43.5429
25835,40.0911
25836,40.9783
25837,38.9322
25838,38.1764
25839,37.2489
25840,37.4419
25841,39.6283
25842,43.6654
25843,43.7442
25844,40.0341
25845,43.5499
25846,43.765
25847,40.4076
25848,41.8353
25849,37.9551
25850,38.2389
25851,40.1203
25852,41.2726
25853,41.6867
25854,41.6993
25855,37.4778
25856,41.0028
25857,40.9634
25858,41.2017
25859,39.1606
25860,43.2943
25861,35.3505
25862,39.563
25863,41.1089
25864,38.9362
25865,42.4652
25866,39.9766
25867,39.8536
25868,39.9829
25869,42.4827
25870,40.7764
25871,40.1706
25872,39.0006
25873,38.5736
25874,42.986
25875,42.2991
25876,40.399
25877,41.7838
25878,41.0686
25879,41.4157
25880,41.0355
25881,38.8031
25882,39.1742
25883,38.6993
25884,38.1996
25885,39.4703
25886,41.1576
25887,37.6793
25888,36.7644
25889,44.9401
25890,36.3552
25891,39.3675
25892,43.7314
25893,40.2755
25894,39.5545
25895,38.3831
25896,42.3934
25897,38.2465
25898,37.5653
25899,39.7019
25900,40.9723
25901,40.4152
25902,40.9672
25903,42.6704
25904,42.102
25905,39.3404
25906,43.3959
25907,36.4713
25908,34.9027
25909,38.1897
25910,38.8307
25911,39.2825
25912,39.4732
25913,41.4816
25914,36.2829
25915,40.6472
25916,41.0364
25917,38.2395
25918,38.7781
25919,39.1244
25920,38.6573
25921,34.7782
25922,42.3389
25923,42.9164
25924,37.6018
25925,43.7872
25926,40.5836
25927,41.3946
25928,41.2141
25929,39.1654
25930,39.2206
25931,44.4715
25932,39.9587
25933,38.3126
25934,41.4311
25935,41.946
25936,39.6397
25937,44.655
25938,41.3598
25939,46.9778
25940,39.0477
25941,37.6972
25942,42.1396
25943,39.6308
25944,39.8144
25945,33.8342
25946,39.0534
25947,42.3558
25948,44.4991
25949,41.2512
25950,39.8796
25951,41.3898
25952,41.6609
25953,36.5441
25954,44.833
25955,40.3885
25956,42.9273
25957,43.4406
25958,37.8265
25959,42.2738
25960,38.3378
25961,41.6476
25962,41.7007
25963,40.0578
25964,40.208
25965,37.3576
25966,43.2808
25967,39.4122
25968,39.5882
25969,40.5569
25970,41.8335
25971,37.664
25972,39.0437
25973,39.8547
25974,38.0393
25975,40.398
25976,40.5892
25977,35.8639
25978,40.9483
25979,37.9567
25980,39.8472
25981,35.9889
25982,36.6432
25983,37.7115
25984,36.8515
25985,41.1243
25986,42.1383
25987,37.238
25988,38.451
25989,38.9376
25990,40.2384
25991,40.1684
25992,39.7331
25993,37.9532
25994,40.599
25995,38.2708
25996,41.5875
25997,40.8709
25998,38.8794
25999,41.8181
26000,41.8658
26001,40.1005
26002,42.2799
26003,37.9871
26004,43.0441
26005,42.548
26006,40.264
26007,40.414
26008,40.4573
26009,35.8147
26010,42.6522
26011,42.1342
26012,39.4686
26013,39.5662
26014,37.7123
26015,42.8513
26016,41.9762
26017,44.9256
26018,37.2164
26019,41.6771
26020,38.3004
26021,39.4404
26022,39.03
26023,39.1067
26024,39.4702
26025,39.633
26026,39.7482
26027,41.1179
26028,40.1306
26029,40.1423
26030,40.2229
26031,37.2463
26032,40.64
26033,40.7152
26034,33.1851
26035,43.2349
26036,37.732
26037,37.8787
26038,41.6584
26039,36.7597
26040,38.7687
26041,38.7999
26042,38.8322
26043,39.4947
26044,39.6733
26045,43.2101
26046,40.577
26047,43.2457
26048,43.1495
26049,37.3669
26050,37.3252
26051,40.0442
26052,40.9277
26053,39.5683
26054,40.6151
26055,42.1886
26056,42.222
26057,40.3714
26058,40.4865
26059,40.759
26060,44.2321
26061,41.4014
26062,41.2811
26063,35.689
26064,37.1466
26065,39.9861
26066,38.3281
26067,40.1318
26068,41.2404
26069,40.8518
26070,39.1937
26071,39.2685
26072,39.2769
26073,41.1206
26074,43.2121
26075,40.7552
26076,42.4953
26077,43.6785
26078,40.7585
26079,40.842
26080,40.8785
26081,42.9952
26082,39.39
26083,40.4738
26084,40.2608
26085,41.6768
26086,37.4525
26087,40.0369
26088,39.0708
26089,40.8126
26090,42.5625
26091,40.9385
26092,38.0401
26093,38.1851
26094,38.4921
26095,42.595
26096,38.6175
26097,38.9414
26098,42.121
26099,37.7595
26100,44.9726
26101,40.727
26102,38.0079
26103,41.0574
26104,41.1625
26105,38.2414
26106,41.3388
26107,41.3718
26108,38.6595
26109,41.6832
26110,41.747
26111,36.13
26112,40.1895
26113,37.7669
26114,37.9117
26115,39.3559
26116,38.412
26117,41.9581
26118,42.0633
26119,41.3485
26120,38.967
26121,38.4613
26122,43.3934
26123,39.9708
26124,42.0377
26125,37.8643
26126,36.2513
26127,39.7381
26128,40.0411
26129,38.0953
26130,39.8746
26131,37.1991
26132,38.2745
26133,39.6269
26134,40.6687
26135,39.5526
26136,40.6974
26137,39.864
26138,38.9273
26139,41.4405
26140,39.5029
26141,36.6281
26142,37.6388
26143,38.2952
26144,34.326
26145,39.742
26146,38.953
26147,39.0819
26148,40.4033
26149,39.6785
26150,41.7194
26151,41.0142
26152,41.3343
26153,40.5723
26154,40.7344
26155,40.7565
26156,41.9309
26157,41.2619
26158,40.4996
26159,37.6517
26160,39.2443
26161,40.7138
26162,42.015
26163,38.4285
26164,35.88
26165,41.9007
26166,39.5101
26167,38.5407
26168,39.6279
26169,41.0291
26170,40.3089
26171,35.9314
26172,40.2518
26173,42.4849
26174,42.8798
26175,36.4196
26176,39.6232
26177,42.6998
26178,36.4707
26179,38.5489
26180,40.9392
26181,35.9549
26182,38.1588
26183,38.8005
26184,39.0874
26185,39.7799
26186,38.5192
26187,38.6928
26188,39.7051
26189,37.554
26190,42.8439
26191,37.9117
26192,39.5782
26193,39.6047
26194,39.39
26195,41.4135
26196,39.4999
26197,40.618
26198,41.0924
26199,42.1189
26200,42.131
26201,40.2
26202,42.5801
26203,42.5942
26204,42.6716
26205,42.8791
26206,39.8144
26207,38.3318
26208,44.9645
26209,38.301
26210,39.7106
26211,38.2334
26212,38.6297
26213,42.0394
26214,42.1283
26215,40.1367
26216,39.4104
26217,40.2064
26218,39.4363
26219,43.5901
26220,40.6657
26221,38.3729
26222,41.4796
26223,41.6038
26224,40.6402
26225,38.7167
26226,38.9443
26227,40.0316
26228,41.9948
26229,39.1785
26230,40.0756
26231,38.1259
26232,38.7617
26233,41.1264
26234,38.3392
26235,39.9225
26236,40.446
26237,38.9676
26238,39.7077
26239,37.5132
26240,40.5888
26241,41.9099
26242,40.5868
26243,36.9722
26244,39.3227
26245,40.3836
26246,40.739
26247,41.2028
26248,38.143
26249,39.2945
26250,38.4857
26251,40.7395
26252,38.7889
26253,39.3231
26254,39.8472
26255,42.6305
26256,38.7549
26257,38.8107
26258,36.4434
26259,38.497
26260,38.6512
26261,35.7381
26262,35.3841
26263,40.5007
26264,40.0463
26265,37.8981
26266,38.1196
26267,39.4034
26268,43.5605
26269,39.0868
26270,36.215
26271,39.2789
26272,39.4951
26273,40.5956
26274,39.8752
26275,40.3036
26276,39.5983
26277,40.6567
26278,40.8508
26279,40.8732
26280,39.787
26281,41.7955
26282,40.4086
26283,37.8256
26284,38.4671
26285,37.9837
26286,37.1504
26287,39.5149
26288,43.6182
26289,40.2375
26290,41.0199
26291,39.4108
26292,40.6316
26293,41.8102
26294,42.0076
26295,39.7809
26296,38.9517
26297,38.0765
26298,42.4033
26299,40.6469
26300,42.7255
26301,41.0028
26302,37.7233
26303,37.5305
26304,39.4166
26305,36.425
26306,40.255
26307,39.6955
26308,39.9201
26309,40.5285
26310,40.6437
26311,39.7263
26312,39.5053
26313,39.5443
26314,37.7967
26315,40.9812
26316,43.0426
26317,41.5833
26318,41.2245
26319,39.8449
26320,43.0023
26321,39.5236
26322,36.7926
26323,37.1481
26324,42.0736
26325,39.2074
26326,43.4697
26327,40.2522
26328,40.3049
26329,40.3259
26330,40.8257
26331,40.9357
26332,35.2439
26333,38.4642
26334,41.6418
26335,36.7178
26336,36.1868
26337,39.5792
26338,39.6116
26339,37.8165
26340,38.2112
26341,37.841
26342,38.8494
26343,38.9515
26344,38.0131
26345,41.6058
26346,39.1218
26347,37.1973
26348,41.0529
26349,42.0315
26350,39.7836
26351,39.8423
26352,39.9534
26353,34.3129
26354,37.0059
26355,39.8425
26356,40.0112
26357,41.369
26358,40.5665
26359,36.7785
26360,38.8
26361,41.5314
26362,38.7065
26363,38.9061
26364,37.6208
26365,39.9405
26366,39.165
26367,38.4594
26368,40.5359
26369,39.1904
26370,39.8712
26371,40.3317
26372,38.7239
26373,40.7687
26374,40.7772
26375,40.0518
26376,40.1708
26377,40.3963
26378,40.4966
26379,41.5057
26380,41.7025
26381,41.0304
26382,38.2625
26383,42.6989
26384,40.7073
26385,42.6867
26386,35.9395
26387,44.2101
26388,42.9567
26389,40.1314
26390,37.5942
26391,36.8095
26392,39.5704
26393,39.3548
26394,39.4661
26395,39.6045
26396,41.8068
26397,42.807
26398,41.0789
26399,44.2182
26400,42.3056
26401,41.5161
26402,38.565
26403,38.6047
26404,38.8514
26405,39.0225
26406,39.7063
26407,37.0015
26408,38.9969
26409,41.2542
26410,38.4589
26411,39.7671
26412,39.8041
26413,40.3649
26414,40.5433
26415,40.2111
26416,41.498
26417,40.803
26418,41.9277
26419,41.2251
26420,36.7499
26421,42.794
26422,40.91
26423,37.1083
26424,39.3913
26425,42.6626
26426,38.2094
26427,38.4957
26428,38.6082
26429,44.7535
26430,40.0072
26431,40.1201
26432,41.3977
26433,40.4364
26434,40.4882
26435,41.5828
26436,42.4538
26437,42.6658
26438,41.7565
26439,39.0858
26440,38.7266
26441,40.5981
26442,40.5796
26443,37.795
26444,40.1837
26445,40.2055
26446,41.2743
26447,39.9287
26448,38.4497
26449,40.1557
26450,36.0889
26451,39.6912
26452,37.772
26453,39.2597
26454,39.7722
26455,38.0656
26456,40.3991
26457,38.5383
26458,40.6296
26459,36.7268
26460,41.5777
26461,41.019
26462,43.3823
26463,39.4994
26464,38.8121
26465,38.0134
26466,38.8192
26467,39.4261
26468,40.1748
26469,39.353
26470,37.036
26471,36.6496
26472,39.3888
26473,38.8466
26474,38.6313
26475,40.6702
26476,38.2152
26477,44.4671
26478,43.6525
26479,43.1935
26480,39.7143
26481,36.7434
26482,39.2707
26483,38.3421
26484,43.3002
26485,41.6083
26486,37.6314
26487,39.691
26488,39.9697
26489,37.9018
26490,37.1938
26491,41.2023
26492,41.8082
26493,39.8507
26494,39.1067
26495,39.1303
26496,38.7875
26497,39.9326
26498,40.2025
26499,39.2407
26500,40.889
26501,41.534
26502,37.0501
26503,37.1065
26504,41.2787
26505,38.7525
26506,44.6391
26507,36.77
26508,42.8381
26509,39.7943
26510,40.4781
26511,38.6935
26512,39.0891
26513,39.2315
26514,39.8091
26515,40.9029
26516,38.1299
26517,37.7582
26518,41.8475
26519,39.2651
26520,38.3886
26521,37.5066
26522,39.5191
26523,39.834
26524,40.0435
26525,40.3653
26526,42.3935
26527,41.0407
26528,41.481
26529,41.7292
26530,40.222
26531,41.8186
26532,41.9945
26533,43.3276
26534,43.336
26535,37.1469
26536,38.2822
26537,39.76
26538,40.5351
26539,40.8067
26540,36.8338
26541,37.3155
26542,37.5708
26543,37.4708
26544,41.812
26545,39.255
26546,38.3326
26547,41.504
26548,39.5849
26549,42.163
26550,38.4557
26551,41.1844
26552,39.3394
26553,37.8359
26554,45.1706
26555,44.2859
26556,40.4332
26557,40.5306
26558,43.8702
26559,42.1553
26560,44.2939
26561,39.8895
26562,36.5986
26563,36.2935
26564,43.4218
26565,38.4535
26566,41.0215
26567,39.4219
26568,40.5319
26569,39.9646
26570,38.2191
26571,36.3677
26572,39.4803
26573,39.6025
26574,37.7704
26575,39.8092
26576,39.94
26577,40.1073
26578,38.3426
26579,40.5902
26580,43.6465
26581,37.7218
26582,42.7474
26583,40.8213
26584,40.846
26585,41.1857
26586,38.4869
26587,39.64
26588,38.9884
26589,36.208
26590,41.3132
26591,41.4844
26592,40.1835
26593,40.365
26594,38.4524
26595,38.4876
26596,39.5078
26597,35.5419
26598,35.5851
26599,40.6142
26600,38.6276
26601,42.8201
26602,39.2017
26603,39.3496
26604,38.6917
26605,41.7489
26606,39.8598
26607,42.8855
26608,36.9609
26609,39.0988
26610,39.4129
26611,39.5895
26612,41.6031
26613,40.6115
26614,39.8037
26615,41.0308
26616,41.4178
26617,40.5724
26618,40.6601
26619,41.6685
26620,41.7511
26621,41.0879
26622,42.3491
26623,39.9082
26624,40.0167
26625,40.0448
26626,43.6413
26627,41.0496
26628,38.2917
26629,42.5689
26630,38.5996
26631,41.7184
26632,41.77
26633,42.7981
26634,41.8144
26635,41.8662
26636,42.3352
26637,36.9064
26638,36.8976
26639,39.6329
26640,41.833
26641,37.5548
26642,39.638
26643,42.5711
26644,40.7543
26645,37.8709
26646,39.9172
26647,37.033
26648,38.5627
26649,40.3462
26650,39.5242
26651,39.7428
26652,41.3657
26653,41.312
26654,40.3204
26655,38.1921
26656,39.1885
26657,39.3966
26658,39.7291
26659,38.4869
26660,39.5591
26661,38.5676
26662,35.0447
26663,39.6134
26664,39.6507
26665,37.3929
26666,40.4464
26667,39.7153
26668,40.5518
26669,39.4677
26670,42.0905
26671,41.1375
26672,41.3101
26673,41.8062
26674,40.9599
26675,37.6398
26676,38.6146
26677,37.3498
26678,38.7379
26679,39.1251
26680,41.5223
26681,39.8103
26682,37.106
26683,40.7668
26684,38.2777
26685,40.4947
26686,34.6397
26687,37.0777
26688,44.3244
26689,40.3837
26690,40.522
26691,38.6026
26692,43.3255
26693,40.4644
26694,39.7507
26695,39.4406
26696,40.768
26697,40.3722
26698,39.4987
26699,40.0162
26700,36.844
26701,37.9007
26702,39.2193
26703,43.1471
26704,35.5543
26705,42.5317
26706,41.8893
26707,41.9475
26708,40.9475
26709,38.4045
26710,41.7805
26711,39.1365
26712,39.4947
26713,37.6522
26714,34.6905
26715,40.3103
26716,37.6975
26717,40.7508
26718,41.1458
26719,40.4208
26720,41.4489
26721,37.2166
26722,40.4392
26723,37.7011
26724,40.7837
26725,38.8222
26726,39.1238
26727,43.1349
26728,43.4701
26729,40.8553
26730,39.9265
26731,37.935
26732,37.0866
26733,41.1656
26734,41.2856
26735,40.8461
26736,42.2565
26737,41.2828
26738,37.4736
26739,39.7432
26740,36.6599
26741,41.0228
26742,41.3135
26743,41.4339
26744,36.1336
26745,40.3867
26746,38.7746
26747,39.9412
26748,43.059
26749,37.7673
26750,40.9858
26751,42.874
26752,39.0424
26753,43.252
26754,39.4628
26755,39.5613
26756,43.1495
26757,38.776
26758,39.0484
26759,42.1517
26760,40.1975
26761,40.2426
26762,40.2791
26763,39.2885
26764,34.4754
26765,39.6259
26766,40.0817
26767,40.2601
26768,37.2966
26769,40.36
26770,38.549
26771,36.3151
26772,40.597
26773,40.6937
26774,36.2079
26775,38.2163
26776,41.9045
26777,40.462
26778,36.5252
26779,42.5337
26780,34.9132
26781,42.0075
26782,36.127
26783,41.3896
26784,40.9835
26785,38.5029
26786,42.1059
26787,41.2629
26788,37.4378
26789,41.5868
26790,41.896
26791,39.3913
26792,37.4829
26793,41.599
26794,39.3586
26795,41.3671
26796,41.6526
26797,39.7853
26798,36.8814
26799,43.1525
26800,38.5301
26801,42.5424
26802,38.5509
26803,38.7782
26804,40.0232
26805,39.1503
26806,39.1588
26807,36.4126
26808,40.7544
26809,41.0285
26810,42.1477
26811,37.7182
26812,40.3053
26813,37.6846
26814,40.2893
26815,40.8879
26816,40.1351
26817,39.3719
26818,38.4387
26819,39.9728
26820,40.3085
26821,40.5775
26822,39.1769
26823,45.3935
26824,38.0815
26825,43.2135
26826,42.8594
26827,40.4883
26828,39.0599
26829,41.5287
26830,39.6936
26831,41.5613
26832,40.6112
26833,37.8731
26834,41.9139
26835,37.9327
26836,41.3416
26837,39.3503
26838,41.3975
26839,38.5114
26840,42.7089
26841,39.7174
26842,41.7693
26843,37.875
26844,39.6583
26845,41.3006
26846,39.4965
26847,39.556
26848,37.1074
26849,38.7559
26850,39.2027
26851,37.3257
26852,41.4471
26853,39.4768
26854,38.5434
26855,39.0169
26856,42.1227
26857,41.3264
26858,39.6537
26859,41.8393
26860,41.3195
26861,41.5431
26862,38.6018
26863,42.2922
26864,39.3885
26865,37.4756
26866,39.7425
26867,40.3694
26868,40.6588
26869,40.4857
26870,38.7743
26871,41.0477
26872,39.0877
26873,39.6458
26874,38.4004
26875,40.5275
26876,36.7356
26877,40.744
26878,40.2179
26879,39.2774
26880,43.3648
26881,41.3895
26882,39.9255
26883,38.5232
26884,40.8493
26885,38.9469
26886,40.946
26887,40.5538
26888,40.8772
26889,37.728
26890,38.984
26891,36.8747
26892,45.0313
26893,40.5
26894,39.6093
26895,41.1665
26896,41.6823
26897,41.742
26898,38.8524
26899,42.0847
26900,42.7375
26901,43.3697
26902,34.7977
26903,42.3536
26904,40.4465
26905,41.6118
26906,36.7439
26907,39.8294
26908,38.9066
26909,42.2098
26910,43.2995
26911,38.4082
26912,37.639
26913,40.6505
26914,39.2269
26915,39.7353
26916,39.9332
26917,40.2431
26918,40.3654
26919,40.6428
26920,39.7878
26921,40.8048
26922,41.3217
26923,42.3944
26924,41.255
26925,39.6346
26926,40.727
26927,35.7799
26928,45.1832
26929,40.5222
26930,42.984
26931,39.0311
26932,40.1113
26933,42.3636
26934,42.6376
26935,37.7844
26936,40.3758
26937,40.7456
26938,42.3183
26939,44.1015
26940,40.8684
26941,40.9288
26942,37.2772
26943,36.2204
26944,35.9996
26945,36.0456
26946,40.1783
26947,40.6555
26948,38.3121
26949,42.286
26950,39.3941
26951,38.5702
26952,38.7029
26953,38.8547
26954,38.8896
26955,36.9404
26956,44.4508
26957,39.4593
26958,39.7049
26959,40.0595
26960,39.9839
26961,42.054
26962,39.2882
26963,42.0637
26964,42.1492
26965,37.5542
26966,42.6445
26967,40.2189
26968,40.245
26969,40.578
26970,39.0187
26971,40.6678
26972,39.4085
26973,42.5582
26974,35.6565
26975,44.823
26976,38.7434
26977,37.0362
26978,37.8306
26979,38.0084
26980,38.0394
26981,37.0611
26982,39.3687
26983,39.0181
26984,39.693
26985,40.5333
26986,40.6245
26987,41.1419
26988,41.1696
26989,37.4304
26990,41.5019
26991,44.2551
26992,41.8554
26993,42.9095
26994,45.2817
26995,35.3633
26996,40.5344
26997,38.5829
26998,36.9864
26999,43.5165
27000,39.9613
27001,38.4782
27002,40.1452
27003,36.5908
27004,40.0078
27005,40.7482
27006,39.0024
27007,40.3709
27008,41.4292
27009,44.5642
27010,41.7945
27011,42.3322
27012,43.1352
27013,41.3494
27014,37.7966
27015,38.4204
27016,38.7978
27017,37.8062
27018,40.2464
27019,38.0165
27020,42.3761
27021,38.5386
27022,39.0531
27023,41.2748
27024,38.7411
27025,39.3929
27026,38.1985
27027,40.5064
27028,40.6221
27029,40.8415
27030,41.85
27031,41.8696
27032,39.7199
27033,41.5033
27034,42.4114
27035,38.7959
27036,37.6084
27037,37.9295
27038,39.8035
27039,39.196
27040,40.5791
27041,39.6509
27042,38.7715
27043,40.0729
27044,41.1156
27045,41.2254
27046,40.3964
27047,39.5287
27048,39.6015
27049,37.646
27050,36.0616
27051,38.1611
27052,40.5184
27053,38.7331
27054,41.7415
27055,41.8392
27056,37.3348
27057,39.7297
27058,41.1781
27059,39.2304
27060,42.2607
27061,39.6752
27062,38.7928
27063,39.9173
27064,40.1412
27065,39.4851
27066,39.9137
27067,42.8033
27068,40.9595
27069,40.0065
27070,41.4247
27071,42.0297
27072,35.3805
27073,38.5418
27074,43.8034
27075,41.205
27076,39.5741
27077,38.9519
27078,42.5989
27079,39.9474
27080,40.6845
27081,40.8433
27082,40.9831
27083,38.8351
27084,38.9683
27085,38.8928
27086,38.7445
27087,41.3902
27088,41.1502
27089,39.4656
27090,41.9285
27091,37.2092
27092,41.2455
27093,37.8919
27094,38.026
27095,39.3359
27096,39.6331
27097,41.9309
27098,41.3319
27099,39.5977
27100,41.1851
27101,41.6604
27102,41.5922
27103,43.2446
27104,35.3319
27105,39.4748
27106,38.5836
27107,39.8151
27108,38.7982
27109,40.9549
27110,41.0897
27111,39.1932
27112,39.3977
27113,41.8295
27114,39.3626
27115,40.5819
27116,40.5976
27117,38.8135
27118,40.8965
27119,38.9987
27120,40.1369
27121,36.6758
27122,37.1501
27123,44.8767
27124,37.4924
27125,42.0431
27126,40.5601
27127,36.9224
27128,39.5987
27129,38.685
27130,38.7548
27131,37.8331
27132,38.1725
27133,39.2853
27134,42.5256
27135,42.5859
27136,40.0597
27137,39.2207
27138,41.9054
27139,39.3597
27140,39.6494
27141,41.8786
27142,39.9556
27143,40.4966
27144,40.8439
27145,41.1667
27146,41.2844
27147,42.1363
27148,39.153
27149,40.9777
27150,39.5794
27151,38.6245
27152,37.6425
27153,38.1727
27154,38.6345
27155,37.956
27156,38.5663
27157,39.5765
27158,39.9091
27159,37.4725
27160,39.4976
27161,39.656
27162,43.7265
27163,41.1033
27164,40.3139
27165,41.4142
27166,41.6357
27167,41.9865
27168,40.4099
27169,35.4494
27170,37.5915
27171,45.3836
27172,37.0061
27173,34.1104
27174,41.5442
27175,37.0475
27176,39.9316
27177,39.2664
27178,39.2917
27179,41.8892
27180,41.0685
27181,38.2227
27182,39.9076
27183,38.9202
27184,38.7324
27185,38.1581
27186,39.9893
27187,39.5372
27188,41.7416
27189,43.6939
27190,39.206
27191,39.3785
27192,39.8361
27193,41.3162
27194,43.3626
27195,41.5225
27196,41.2722
27197,41.2817
27198,41.5494
27199,42.1891
27200,37.9531
27201,40.11
27202,37.6805
27203,40.742
27204,40.2206
27205,39.7915
27206,38.5121
27207,41.6345
27208,38.7848
27209,39.997
27210,40.3715
27211,40.5466
27212,40.9362
27213,40.9593
27214,38.9882
27215,38.5972
27216,38.8801
27217,39.1184
27218,43.0889
27219,43.4562
27220,36.88
27221,37.1917
27222,38.8841
27223,39.262
27224,41.3189
27225,40.8513
27226,38.107
27227,36.4724
27228,38.101
27229,41.3314
27230,38.6295
27231,38.6379
27232,39.5501
27233,39.863
27234,41.2206
27235,40.6592
27236,41.528
27237,36.4674
27238,42.8652
27239,41.0849
27240,44.0707
27241,44.3553
27242,36.8654
27243,37.5877
27244,38.5381
27245,38.3752
27246,39.585
27247,41.0124
27248,41.5027
27249,41.7858
27250,39.8911
27251,38.6565
27252,38.1276
27253,43.9078
27254,37.2651
27255,38.3403
27256,40.5584
27257,41.1754
27258,39.7008
27259,38.8776
27260,40.0625
27261,40.8271
27262,40.8672
27263,40.0284
27264,41.2189
27265,40.367
27266,43.4361
27267,42.5222
27268,40.5306
27269,40.0671
27270,39.5706
27271,40.465
27272,38.5812
27273,38.5906
27274,40.0188
27275,41.3832
27276,40.6531
27277,37.9303
27278,42.2079
27279,38.4039
27280,40.5508
27281,41.2899
27282,40.7885
27283,40.8817
27284,38.9843
27285,42.6911
27286,40.5425
27287,43.6575
27288,42.7129
27289,41.3751
27290,40.7547
27291,41.8465
27292,41.9492
27293,41.724
27294,37.8783
27295,38.2401
27296,37.384
27297,39.1926
27298,40.5197
27299,42.8538
27300,41.2061
27301,40.2145
27302,41.5851
27303,40.705
27304,41.1016
27305,39.2329
27306,41.2413
27307,41.2926
27308,40.6281
27309,36.7488
27310,36.2757
27311,43.6881
27312,37.8898
27313,43.1151
27314,40.2357
27315,40.3106
27316,40.0568
27317,38.5645
27318,39.1361
27319,37.4889
27320,38.9671
27321,38.0033
27322,38.8511
27323,36.8892
27324,39.6187
27325,39.941
27326,41.3557
27327,40.0206
27328,40.5105
27329,41.0153
27330,41.185
27331,43.5431
27332,38.3764
27333,38.5686
27334,38.3658
27335,40.5804
27336,40.7281
27337,39.8487
27338,37.1705
27339,39.1923
27340,41.9613
27341,40.2202
27342,40.5798
27343,41.1427
27344,39.0977
27345,37.6328
27346,37.9277
27347,37.4755
27348,37.5568
27349,40.1253
27350,40.1995
27351,39.0538
27352,40.9277
27353,41.1209
27354,41.5012
27355,42.5219
27356,35.8384
27357,39.4198
27358,38.7574
27359,38.7257
27360,38.537
27361,40.1965
27362,41.3863
27363,40.3601
27364,41.3705
27365,38.6093
27366,39.0901
27367,39.5223
27368,40.035
27369,38.1842
27370,43.6714
27371,39.0217
27372,42.0714
27373,39.1629
27374,40.9257
27375,37.6321
27376,40.1848
27377,34.5545
27378,36.9926
27379,39.1967
27380,41.4173
27381,39.5885
27382,40.2594
27383,40.8755
27384,39.0502
27385,39.4042
27386,41.8696
27387,40.8275
27388,35.3353
27389,37.4521
27390,36.5575
27391,38.8964
27392,41.3567
27393,36.3652
27394,38.5295
27395,39.5154
27396,39.6467
27397,38.9316
27398,41.3611
27399,37.37
27400,38.5619
27401,39.6218
27402,39.8561
27403,38.1444
27404,40.3582
27405,38.6438
27406,41.133
27407,39.1414
27408,39.1499
27409,41.3765
27410,41.6598
27411,38.5364
27412,37.552
27413,41.2671
27414,39.549
27415,40.6153
27416,40.9166
27417,38.2111
27418,39.3004
27419,40.6241
27420,39.9172
27421,41.1169
27422,40.2519
27423,39.2904
27424,40.2259
27425,40.0347
27426,36.9801
27427,39.714
27428,38.9984
27429,40.2063
27430,39.4251
27431,39.5802
27432,38.1387
27433,40.1708
27434,40.3293
27435,37.695
27436,38.7306
27437,43.7937
27438,42.7049
27439,35.8959
27440,37.7932
27441,37.4471
27442,38.7572
27443,38.788
27444,40.0194
27445,42.8685
27446,38.2338
27447,40.2422
27448,35.3429
27449,37.1272
27450,43.3412
27451,37.3953
27452,42.427
27453,42.055
27454,38.214
27455,37.5857
27456,40.1082
27457,40.1544
27458,39.3214
27459,39.6424
27460,40.0545
27461,40.0806
27462,40.1489
27463,41.753
27464,42.286
27465,41.2211
27466,39.7615
27467,39.3806
27468,37.4463
27469,36.8332
27470,40.0019
27471,39.2226
27472,38.9047
27473,39.3714
27474,40.6381
27475,39.3427
27476,41.4377
27477,40.6315
27478,41.1709
27479,38.4064
27480,40.2311
27481,36.8656
27482,36.9327
27483,38.2098
27484,37.4255
27485,39.783
27486,39.4269
27487,38.4439
27488,40.3635
27489,40.3976
27490,40.0283
27491,40.3134
27492,40.3259
27493,39.6019
27494,40.685
27495,40.9724
27496,41.4307
27497,41.5337
27498,41.7139
27499,37.7763
27500,40.1306
27501,40.4172
27502,38.2866
27503,41.5475
27504,41.6743
27505,42.0516
27506,39.5554
27507,39.8943
27508,40.1543
27509,40.5192
27510,37.0714
27511,39.9565
27512,41.1786
27513,42.289
27514,38.9953
27515,38.2722
27516,40.2967
27517,40.1416
27518,40.1839
27519,40.7781
27520,37.9558
27521,43.3069
27522,36.9316
27523,40.1555
27524,38.563
27525,38.6205
27526,39.5705
27527,37.8953
27528,42.2742
27529,38.7765
27530,39.4784
27531,39.6034
27532,42.4846
27533,40.8995
27534,41.0434
27535,41.3288
27536,40.7939
27537,36.3988
27538,41.9003
27539,42.1942
27540,39.6643
27541,40.2077
27542,40.4834
27543,39.875
27544,41.6789
27545,34.8499
27546,42.2259
27547,41.3879
27548,38.8102
27549,36.3733
27550,40.7621
27551,40.2265
27552,41.6253
27553,40.7294
27554,40.2786
27555,40.8261
27556,41.1726
27557,40.5552
27558,41.6067
27559,42.1684
27560,39.5557
27561,39.2368
27562,39.499
27563,40.611
27564,41.2271
27565,41.8147
27566,40.907
27567,41.1717
27568,34.0118
27569,42.1011
27570,42.3441
27571,39.8655
27572,39.9905
27573,40.3064
27574,38.3269
27575,40.3718
27576,39.517
27577,40.3777
27578,37.5667
27579,42.8727
27580,41.9316
27581,35.6497
27582,41.2002
27583,36.7258
27584,41.2513
27585,38.3091
27586,38.2931
27587,39.579
27588,38.6684
27589,38.7135
27590,36.5705
27591,39.7414
27592,46.4731
27593,38.7561
27594,36.3692
27595,40.1544
27596,42.7485
27597,38.7569
27598,39.0541
27599,43.4401
27600,40.5581
27601,39.6286
27602,41.8075
27603,39.3151
27604,35.5894
27605,39.9427
27606,41.0967
27607,41.6949
27608,37.9678
27609,42.023
27610,41.2684
27611,40.3626
27612,37.7334
27613,38.5449
27614,35.8681
27615,38.2875
27616,39.6089
27617,39.6173
27618,39.7798
27619,40.8798
27620,40.0488
27621,39.058
27622,39.355
27623,40.7299
27624,36.4035
27625,38.6402
27626,40.6959
27627,36.4058
27628,40.6218
27629,39.6328
27630,38.7537
27631,40.8996
27632,40.1945
27633,38.2526
27634,41.5602
27635,40.9342
27636,39.2836
27637,41.511
27638,40.5236
27639,41.58
27640,39.1176
27641,40.4766
27642,40.6872
27643,43.1059
27644,43.1375
27645,42.9301
27646,37.185
27647,41.3113
27648,40.6774
27649,44.0489
27650,37.413
27651,44.8736
27652,41.927
27653,41.3248
27654,42.5466
27655,36.9414
27656,40.47
27657,37.4883
27658,41.7629
27659,36.3139
27660,41.3223
27661,39.0853
27662,39.0751
27663,40.6985
27664,41.8369
27665,41.89
27666,40.2685
27667,40.3449
27668,40.6602
27669,38.7176
27670,42.9364
27671,39.3296
27672,40.4978
27673,39.9184
27674,38.4413
27675,41.9219
27676,40.1997
27677,45.2346
27678,40.5799
27679,41.3556
27680,39.3683
27681,39.9095
27682,35.1325
27683,38.5399
27684,38.9124
27685,41.0159
27686,36.2967
27687,41.4578
27688,40.8674
27689,39.2786
27690,37.9596
27691,40.1916
27692,40.3535
27693,38.6302
27694,38.7163
27695,39.2122
27696,39.4636
27697,41.5389
27698,39.9933
27699,40.5766
27700,40.7029
27701,43.4814
27702,41.6755
27703,37.0542
27704,37.9384
27705,39.9785
27706,39.6581
27707,41.0201
27708,39.9653
27709,38.1068
27710,38.8737
27711,37.0795
27712,42.2255
27713,39.295
27714,37.8195
27715,41.1046
27716,41.1884
27717,38.7806
27718,40.8502
27719,41.0887
27720,39.3445
27721,42.3556
27722,42.353
27723,40.4378
27724,39.616
27725,38.6644
27726,39.2332
27727,42.2489
27728,39.8199
27729,42.9841
27730,39.9925
27731,40.2875
27732,40.3554
27733,40.4976
27734,42.7307
27735,37.2998
27736,40.0274
27737,41.9919
27738,39.3207
27739,35.6778
27740,40.5893
27741,37.9935
27742,43.0054
27743,42.1564
27744,39.3389
27745,41.8255
27746,39.5406
27747,38.816
27748,41.8777
27749,40.9154
27750,41.256
27751,38.6696
27752,40.7615
27753,38.3777
27754,38.5098
27755,40.8008
27756,41.0398
27757,41.826
27758,42.2595
27759,42.6509
27760,44.1472
27761,39.4039
27762,36.5736
27763,36.9913
27764,39.4072
27765,37.8196
27766,39.8948
27767,39.9647
27768,38.2747
27769,40.5143
27770,39.3536
27771,39.5246
27772,42.9735
27773,38.3549
27774,37.7517
27775,39.8568
27776,40.9787
27777,41.2974
27778,46.132
27779,38.2016
27780,41.5151
27781,39.9298
27782,40.347
27783,39.7587
27784,36.79
27785,35.7075
27786,37.6112
27787,39.7759
27788,36.7933
27789,40.263
27790,40.3712
27791,42.8809
27792,42.1578
27793,38.054
27794,40.9983
27795,43.104
27796,40.1136
27797,37.9828
27798,40.7816
27799,40.0782
27800,40.1484
27801,40.3085
27802,39.9855
27803,41.3714
27804,37.8114
27805,41.6167
27806,43.3146
27807,38.3731
27808,41.5041
27809,41.5529
27810,41.5613
27811,37.2582
27812,38.863
27813,38.8831
27814,39.0615
27815,38.5161
27816,41.5612
27817,39.6383
27818,38.2106
27819,44.9596
27820,36.1749
27821,41.0431
27822,41.843
27823,38.2166
27824,37.6436
27825,38.8583
27826,36.9891
27827,39.1768
27828,39.5764
27829,38.6164
27830,39.2338
27831,43.2423
27832,37.2981
27833,38.8973
27834,40.8211
27835,42.4731
27836,40.415
27837,39.8486
27838,41.4308
27839,45.5041
27840,42.804
27841,39.2991
27842,43.8763
27843,43.5417
27844,40.7614
27845,38.7761
27846,38.6831
27847,43.6427
27848,36.7305
27849,38.2225
27850,42.0635
27851,44.7961
27852,38.9882
27853,40.0622
27854,40.1418
27855,40.5997
27856,41.5513
27857,38.9806
27858,36.4913
27859,39.3058
27860,41.117
27861,42.1576
27862,41.6015
27863,40.6727
27864,41.1664
27865,42.5304
27866,41.6891
27867,44.784
27868,39.3804
27869,39.6601
27870,42.931
27871,42.7247
27872,42.9258
27873,41.3684
27874,41.4117
27875,40.5186
27876,36.6005
27877,37.8523
27878,37.2172
27879,39.3205
27880,42.0469
27881,39.8829
27882,39.8255
27883,39.9214
27884,41.2978
27885,43.8073
27886,41.9401
27887,37.6171
27888,39.4026
27889,37.7992
27890,38.1815
27891,37.5604
27892,39.4715
27893,40.0763
27894,38.945
27895,42.4673
27896,42.8604
27897,38.5062
27898,39.5477
27899,38.7361
27900,41.8906
27901,40.5744
27902,41.732
27903,41.2376
27904,40.004
27905,41.0493
27906,38.1816
27907,40.1968
27908,39.3262
27909,38.4779
27910,40.5579
27911,41.6181
27912,39.2564
27913,41.4467
27914,39.8477
27915,40.22
27916,41.5081
27917,41.5165
27918,43.5569
27919,45.892
27920,41.4215
27921,39.1738
27922,39.4688
27923,35.6847
27924,39.8457
27925,37.9297
27926,38.5855
27927,39.7156
27928,37.7536
27929,37.7726
27930,39.7816
27931,40.48
27932,39.9072
27933,42.9181
27934,40.0836
27935,39.1069
27936,41.6731
27937,42.1848
27938,38.7584
27939,39.1418
27940,39.3408
27941,40.141
27942,40.4937
27943,40.76
27944,37.1647
27945,37.6861
27946,42.7495
27947,41.4128
27948,38.8485
27949,39.1406
27950,37.2986
27951,39.3498
27952,39.3675
27953,39.5789
27954,39.6796
27955,39.7535
27956,40.0806
27957,40.2676
27958,40.3029
27959,38.8775
27960,40.9929
27961,41.1518
27962,43.1602
27963,39.3132
27964,40.0247
27965,36.2196
27966,42.7713
27967,40.4588
27968,38.6208
27969,36.0911
27970,38.3177
27971,38.6593
27972,39.2114
27973,40.5903
27974,38.3145
27975,40.6185
27976,40.7251
27977,42.9553
27978,41.2967
27979,40.4732
27980,37.8414
27981,37.8609
27982,42.2257
27983,42.2702
27984,39.6159
27985,38.9445
27986,39.5329
27987,42.1227
27988,38.7504
27989,39.7819
27990,38.852
27991,42.1505
27992,40.8404
27993,37.9618
27994,40.4622
27995,39.6902
27996,40.3685
27997,42.2916
27998,41.7549
27999,37.1007
28000,37.4926
28001,42.8903
28002,38.2439
28003,37.9104
28004,39.321
28005,38.7613
28006,40.6137
28007,40.7683
28008,38.7943
28009,41.7549
28010,41.8507
28011,42.1486
28012,40.3337
28013,38.982
28014,36.9958
28015,36.8531
28016,40.5703
28017,38.6668
28018,39.7339
28019,38.0164
28020,38.0707
28021,39.3653
28022,39.6817
28023,41.1757
28024,42.0461
28025,39.0654
28026,39.1889
28027,39.1987
28028,40.4418
28029,38.0377
28030,44.0467
28031,38.2891
28032,39.0478
28033,44.0726
28034,39.2416
28035,39.5854
28036,40.8365
28037,39.8702
28038,40.8208
28039,43.9691
28040,39.4421
28041,42.5618
28042,38.1232
28043,36.5492
28044,39.0474
28045,39.1416
28046,39.306
28047,37.358
28048,41.4685
28049,42.566
28050,38.5061
28051,41.2396
28052,37.4745
28053,41.9865
28054,41.3649
28055,40.17
28056,40.3028
28057,42.3021
28058,38.6434
28059,39.9114
28060,36.3354
28061,40.1115
28062,38.3275
28063,38.9977
28064,39.1585
28065,41.4806
28066,39.5917
28067,38.3924
28068,40.7473
28069,41.0069
28070,40.3081
28071,41.8912
28072,40.8861
28073,38.4239
28074,40.8739
28075,40.2717
28076,39.3366
28077,42.3235
28078,40.5003
28079,37.7844
28080,37.1929
28081,38.1108
28082,41.8462
28083,40.5687
28084,39.6589
28085,40.8672
28086,40.3678
28087,41.5502
28088,39.7867
28089,42.9049
28090,40.6608
28091,37.1217
28092,44.3947
28093,38.5443
28094,43.7955
28095,37.2673
28096,40.6884
28097,37.4848
28098,39.2157
28099,42.7995
28100,36.6542
28101,40.9794
28102,42.168
28103,40.42
28104,41.2078
28105,43.3727
28106,43.3811
28107,37.7138
28108,41.7463
28109,42.5387
28110,42.6599
28111,39.827
28112,38.8759
28113,39.3519
28114,39.4793
28115,40.1557
28116,41.4884
28117,40.7199
28118,39.7366
28119,39.96
28120,42.8753
28121,38.888
28122,38.3821
28123,39.423
28124,43.4693
28125,40.5513
28126,39.0951
28127,38.627
28128,41.5331
28129,41.5511
28130,38.8232
28131,38.0156
28132,37.711
28133,38.8274
28134,40.2145
28135,40.2451
28136,37.4614
28137,39.5542
28138,37.8326
28139,41.0852
28140,40.4667
28141,39.6331
28142,39.1873
28143,40.482
28144,42.9785
28145,40.0301
28146,39.2672
28147,39.6575
28148,36.2396
28149,40.951
28150,39.2365
28151,39.2457
28152,39.6058
28153,41.8147
28154,40.1782
28155,37.8668
28156,39.4818
28157,39.9996
28158,36.3821
28159,40.9451
28160,38.8896
28161,40.1354
28162,38.2375
28163,38.6863
28164,43.4282
28165,37.5543
28166,39.6337
28167,39.872
28168,40.3495
28169,40.5967
28170,42.6854
28171,39.0713
28172,41.3672
28173,41.8859
28174,44.0143
28175,38.0214
28176,43.8404
28177,40.5499
28178,41.2564
28179,41.3012
28180,41.5696
28181,39.9689
28182,42.3429
28183,42.585
28184,41.1012
28185,40.3907
28186,40.7944
28187,39.8161
28188,39.8721
28189,38.1134
28190,33.4187
28191,41.4271
28192,40.2228
28193,37.459
28194,39.9416
28195,39.9991
28196,39.5862
28197,39.0795
28198,41.1527
28199,37.9525
28200,38.5593
28201,40.6614
28202,38.7944
28203,41.1656
28204,37.643
28205,41.6021
28206,41.208
28207,40.3842
28208,42.1913
28209,38.2245
28210,41.3394
28211,43.3912
28212,37.0147
28213,37.9572
28214,37.3021
28215,38.6835
28216,41.3338
28217,42.1147
28218,39.2787
28219,39.3387
28220,41.8719
28221,41.4984
28222,38.9465
28223,41.0564
28224,41.1737
28225,37.2334
28226,35.4362
28227,35.8342
28228,36.1491
28229,40.1216
28230,38.92
28231,42.9294
28232,40.6888
28233,39.8253
28234,41.7014
28235,37.0866
28236,38.1609
28237,39.1253
28238,35.2414
28239,39.4516
28240,35.9102
28241,40.8322
28242,42.1216
28243,36.2547
28244,39.7028
28245,37.786
28246,38.0866
28247,38.3826
28248,37.6601
28249,43.678
28250,37.7908
28251,38.6899
28252,41.8959
28253,42.9283
28254,38.3308
28255,40.3715
28256,40.5061
28257,41.5669
28258,38.6498
28259,41.2116
28260,40.3923
28261,40.7137
28262,39.8542
28263,39.8941
28264,40.0063
28265,40.124
28266,38.5173
28267,37.2919
28268,42.5027
28269,38.605
28270,42.7797
28271,41.5346
28272,41.9447
28273,40.1549
28274,41.5068
28275,38.6453
28276,38.0596
28277,38.476
28278,39.465
28279,37.4427
28280,40.5949
28281,41.1084
28282,38.5188
28283,42.1462
28284,40.3935
28285,38.4058
28286,40.7241
28287,40.0455
28288,42.0725
28289,41.1664
28290,40.9822
28291,42.3448
28292,43.6781
28293,42.3765
28294,42.7752
28295,38.9628
28296,36.2966
28297,40.3178
28298,37.5097
28299,39.9934
28300,41.1695
28301,38.6693
28302,41.7276
28303,36.3889
28304,40.3973
28305,39.7717
28306,37.1558
28307,39.1777
28308,39.2789
28309,39.821
28310,37.9965
28311,38.1977
28312,38.9215
28313,40.9395
28314,39.014
28315,41.506
28316,39.6167
28317,41.8136
28318,42.3295
28319,41.8335
28320,38.3115
28321,34.6802
28322,43.5117
28323,43.8302
28324,44.1862
28325,41.4449
28326,37.4978
28327,37.1984
28328,41.5548
28329,41.4035
28330,38.7251
28331,39.0262
28332,40.0161
28333,40.1713
28334,39.3893
28335,41.6596
28336,40.8645
28337,38.9696
28338,38.0258
28339,38.2596
28340,38.268
28341,40.0441
28342,38.9132
28343,44.4604
28344,40.9135
28345,42.018
28346,38.802
28347,39.0132
28348,39.333
28349,37.818
28350,37.6699
28351,40.7361
28352,40.9489
28353,40.3428
28354,37.6009
28355,40.7348
28356,38.8909
28357,40.1971
28358,38.7661
28359,36.9498
28360,39.0505
28361,37.5795
28362,41.0565
28363,38.1139
28364,39.2986
28365,38.3951
28366,39.7754
28367,45.1239
28368,37.3574
28369,41.9217
28370,41.9398
28371,38.1706
28372,42.3273
28373,42.4198
28374,38.9011
28375,41.1125
28376,39.2909
28377,43.3321
28378,38.4462
28379,38.5624
28380,40.1098
28381,40.2568
28382,39.8551
28383,40.8919
28384,38.133
28385,40.3549
28386,41.0075
28387,42.0363
28388,42.1573
28389,41.18
28390,41.4702
28391,41.5792
28392,43.7759
28393,44.3975
28394,39.4774
28395,37.5308
28396,38.9173
28397,40.7651
28398,36.7826
28399,38.3395
28400,37.5547
28401,38.7733
28402,39.1907
28403,37.2383
28404,36.0643
28405,39.6164
28406,40.3362
28407,40.6437
28408,42.136
28409,43.5826
28410,42.0342
28411,37.7223
28412,40.7413
28413,39.4311
28414,40.7872
28415,40.4572
28416,39.4804
28417,42.8046
28418,37.8178
28419,40.4753
28420,35.5595
28421,41.9765
28422,41.0884
28423,37.2645
28424,40.6296
28425,36.8124
28426,42.3023
28427,38.2845
28428,40.6218
28429,41.4564
28430,41.7067
28431,36.7635
28432,43.0031
28433,43.2233
28434,39.7834
28435,41.2828
28436,38.7742
28437,39.6965
28438,39.7131
28439,37.8187
28440,37.8967
28441,40.7779
28442,42.1223
28443,37.3929
28444,39.9922
28445,40.2642
28446,39.4443
28447,37.5516
28448,40.5844
28449,42.258
28450,39.529
28451,41.5375
28452,38.1378
28453,36.175
28454,39.6389
28455,38.7361
28456,39.8787
28457,38.933
28458,39.113
28459,38.4371
28460,40.4658
28461,41.9568
28462,40.7607
28463,41.9763
28464,41.2634
28465,42.2923
28466,43.3812
28467,40.7778
28468,40.8902
28469,39.5454
28470,41.9234
28471,43.2122
28472,44.5984
28473,40.2478
28474,38.8186
28475,43.4466
28476,44.4888
28477,38.7909
28478,39.8402
28479,40.2282
28480,42.0712
28481,41.4053
28482,38.0129
28483,44.0836
28484,38.5169
28485,43.5548
28486,36.3724
28487,41.9312
28488,41.2178
28489,36.3565
28490,39.7388
28491,40.0323
28492,40.212
28493,41.5357
28494,43.8455
28495,43.3171
28496,43.3599
28497,43.4301
28498,39.5416
28499,39.7286
28500,38.7886
28501,39.968
28502,43.9765
28503,39.9289
28504,41.428
28505,41.7093
28506,37.6053
28507,36.6385
28508,41.9072
28509,37.6824
28510,39.9822
28511,40.132
28512,40.5596
28513,39.5511
28514,40.2354
28515,38.8418
28516,38.8944
28517,39.239
28518,41.2801
28519,41.7575
28520,39.8347
28521,39.8807
28522,42.2267
28523,37.6532
28524,40.9202
28525,41.2245
28526,43.4144
28527,43.5221
28528,40.9202
28529,37.2839
28530,37.7622
28531,39.8449
28532,46.0352
28533,41.2875
28534,41.8947
28535,36.1198
28536,41.2987
28537,40.7957
28538,40.1271
28539,36.3888
28540,40.4782
28541,40.0509
28542,39.3434
28543,42.3328
28544,43.5001
28545,41.6884
28546,43.9718
28547,37.1017
28548,40.1659
28549,39.3251
28550,44.5157
28551,40.4858
28552,38.5713
28553,38.5885
28554,41.043
28555,40.2601
28556,42.5473
28557,39.8363
28558,39.8929
28559,42.5753
28560,38.6449
28561,39.8088
28562,38.9355
28563,40.1002
28564,40.02
28565,36.2773
28566,41.5088
28567,41.6398
28568,37.8416
28569,38.0424
28570,36.9912
28571,35.4629
28572,39.4856
28573,43.941
28574,43.9393
28575,39.987
28576,39.3153
28577,40.5947
28578,37.8539
28579,41.1026
28580,38.1111
28581,39.205
28582,41.4175
28583,38.8804
28584,40.0229
28585,40.0313
28586,43.0956
28587,42.4491
28588,40.1587
28589,36.7872
28590,41.3532
28591,38.6325
28592,35.7237
28593,36.5031
28594,42.5951
28595,38.3154
28596,37.8033
28597,37.1396
28598,41.2157
28599,37.3962
28600,38.599
28601,41.6269
28602,43.6517
28603,41.6754
28604,39.2078
28605,38.4356
28606,38.5498
28607,39.9048
28608,42.9982
28609,39.4421
28610,40.2563
28611,42.1306
28612,42.2733
28613,41.6308
28614,39.048
28615,40.5712
28616,39.9543
28617,40.5965
28618,41.2378
28619,43.3155
28620,41.803
28621,42.906
28622,39.9221
28623,40.0323
28624,39.4308
28625,41.7444
28626,37.4844
28627,42.4451
28628,38.7598
28629,39.3846
28630,39.8894
28631,36.8275
28632,38.0505
28633,38.4421
28634,41.3183
28635,40.3528
28636,38.4608
28637,39.8284
28638,41.8617
28639,39.8991
28640,41.6166
28641,39.9518
28642,39.9687
28643,39.0476
28644,41.1481
28645,42.3658
28646,40.4787
28647,40.7029
28648,40.9694
28649,42.0137
28650,41.3013
28651,42.7735
28652,42.1456
28653,36.8997
28654,39.1654
28655,39.7451
28656,39.3071
28657,40.0558
28658,41.0155
28659,40.0291
28660,40.4688
28661,38.9295
28662,35.7878
28663,34.9239
28664,37.3718
28665,40.755
28666,38.1118
28667,38.49
28668,39.2291
28669,38.4987
28670,39.9072
28671,38.9325
28672,40.072
28673,40.2635
28674,39.3152
28675,40.3928
28676,46.7128
28677,38.9472
28678,40.782
28679,39.1837
28680,38.8561
28681,43.4027
28682,39.4958
28683,38.6267
28684,39.1923
28685,40.6615
28686,43.8422
28687,40.4045
28688,40.4902
28689,41.8836
28690,39.2664
28691,42.4158
28692,43.4332
28693,36.6299
28694,39.9402
28695,41.0927
28696,40.5196
28697,38.3281
28698,41.4482
28699,38.9115
28700,39.2019
28701,39.386
28702,39.5917
28703,39.6017
28704,40.7335
28705,39.9932
28706,40.2959
28707,42.4964
28708,41.531
28709,40.6301
28710,42.6385
28711,39.6785
28712,40.9516
28713,35.0192
28714,41.2028
28715,41.6684
28716,38.8288
28717,42.1245
28718,43.4984
28719,43.5163
28720,37.7799
28721,41.468
28722,42.5099
28723,38.7525
28724,42.1034
28725,42.4522
28726,38.584
28727,38.634
28728,40.5601
28729,36.6738
28730,40.8386
28731,40.4812
28732,40.5557
28733,40.361
28734,39.7408
28735,37.629
28736,38.8746
28737,39.1618
28738,39.927
28739,40.5165
28740,40.7974
28741,41.1313
28742,42.8337
28743,36.4424
28744,39.5768
28745,38.832
28746,41.9364
28747,40.6369
28748,40.6972
28749,37.908
28750,38.4606
28751,38.6332
28752,39.0871
28753,39.451
28754,39.627
28755,39.3137
28756,40.4187
28757,39.719
28758,40.9154
28759,41.2235
28760,41.8512
28761,42.2354
28762,37.6979
28763,36.5228
28764,39.8405
28765,37.3441
28766,40.3582
28767,39.3381
28768,41.4537
28769,39.474
28770,43.6449
28771,39.7352
28772,39.7545
28773,36.8596
28774,41.5243
28775,38.6015
28776,41.1837
28777,42.1921
28778,38.494
28779,39.4344
28780,43.4814
28781,42.5363
28782,41.4318
28783,44.3755
28784,38.3978
28785,37.3606
28786,38.8361
28787,42.1647
28788,38.388
28789,38.7165
28790,39.7249
28791,37.8851
28792,40.9632
28793,39.9716
28794,41.1392
28795,39.0763
28796,42.3529
28797,44.614
28798,41.8209
28799,37.5481
28800,37.5762
28801,40.5974
28802,39.6152
28803,39.6241
28804,39.9376
28805,40.1541
28806,35.2884
28807,42.9002
28808,42.1814
28809,40.4363
28810,42.302
28811,42.4158
28812,36.6941
28813,38.8351
28814,39.0741
28815,40.6092
28816,41.6517
28817,39.4308
28818,39.7216
28819,38.1173
28820,40.9137
28821,40.8592
28822,41.0657
28823,38.4154
28824,37.2506
28825,43.9065
28826,37.0535
28827,40.1901
28828,40.3709
28829,38.9821
28830,38.6547
28831,39.1392
28832,39.4633
28833,38.6694
28834,39.7198
28835,41.5284
28836,41.2606
28837,41.4378
28838,37.7928
28839,38.0736
28840,38.3952
28841,41.7239
28842,43.3369
28843,41.4364
28844,41.0548
28845,41.6482
28846,43.7607
28847,39.5348
28848,39.861
28849,40.4986
28850,36.804
28851,40.4655
28852,38.5811
28853,43.7427
28854,39.1799
28855,38.4076
28856,39.6729
28857,38.4742
28858,38.9833
28859,40.6608
28860,41.8254
28861,40.1689
28862,40.369
28863,40.9495
28864,40.9579
28865,43.9664
28866,39.073
28867,43.4484
28868,40.6928
28869,37.1008
28870,40.7939
28871,44.2611
28872,39.5407
28873,39.2756
28874,42.6354
28875,40.7328
28876,37.5653
28877,42.0066
28878,43.04
28879,39.0672
28880,42.6432
28881,38.3376
28882,40.4449
28883,41.8557
28884,36.8641
28885,38.8742
28886,37.1336
28887,43.1791
28888,40.5335
28889,41.5637
28890,41.7794
28891,40.0482
28892,38.5027
28893,38.8211
28894,37.8259
28895,42.5156
28896,42.5638
28897,37.8615
28898,41.0099
28899,36.6388
28900,39.3226
28901,43.7278
28902,37.9845
28903,41.9929
28904,40.1179
28905,42.8414
28906,41.3588
28907,41.4068
28908,39.5096
28909,39.671
28910,37.3154
28911,39.6425
28912,41.9585
28913,39.0995
28914,42.1281
28915,41.2121
28916,38.9661
28917,39.5989
28918,40.2195
28919,40.3649
28920,40.4057
28921,40.4419
28922,40.8904
28923,41.1178
28924,41.8137
28925,39.9693
28926,41.2343
28927,41.2427
28928,44.8487
28929,43.5776
28930,41.6971
28931,37.9143
28932,38.4358
28933,43.5308
28934,38.9062
28935,36.6553
28936,40.5679
28937,38.1338
28938,38.7289
28939,41.8001
28940,41.9751
28941,39.2399
28942,42.3492
28943,40.0361
28944,38.0447
28945,41.1969
28946,42.9257
28947,39.1483
28948,36.4813
28949,39.5888
28950,39.7726
28951,41.0523
28952,42.5088
28953,39.5362
28954,36.5388
28955,40.5969
28956,41.8651
28957,38.546
28958,39.4736
28959,40.6963
28960,42.8274
28961,42.119
28962,38.2225
28963,37.5008
28964,37.7512
28965,40.1841
28966,40.385
28967,39.8098
28968,35.2149
28969,42.5384
28970,39.5095
28971,38.7783
28972,38.9128
28973,40.2348
28974,40.1571
28975,38.5177
28976,41.7946
28977,39.8905
28978,41.0296
28979,38.5481
28980,38.5566
28981,37.5653
28982,38.6176
28983,38.9024
28984,39.2819
28985,40.6765
28986,41.8602
28987,41.9992
28988,40.9978
28989,41.1459
28990,43.6886
28991,39.9672
28992,40.4478
28993,38.8819
28994,39.2502
28995,37.3019
28996,41.3782
28997,41.3016
28998,35.0471
28999,38.2007
29000,38.2092
29001,37.4397
29002,43.8806
29003,38.9725
29004,43.026
29005,41.7554
29006,39.3873
29007,39.7161
29008,41.293
29009,42.6895
29010,43.2385
29011,42.4051
29012,39.4405
29013,42.4519
29014,42.5417
29015,39.8186
29016,43.0679
29017,40.1913
29018,44.6722
29019,36.8442
29020,39.1916
29021,40.3154
29022,40.7504
29023,39.8275
29024,40.2462
29025,39.445
29026,38.5729
29027,40.5906
29028,38.6587
29029,41.2041
29030,41.5535
29031,42.5673
29032,41.6358
29033,41.7436
29034,41.8641
29035,38.5936
29036,39.7171
29037,37.4821
29038,39.6494
29039,39.9643
29040,41.0743
29041,40.1882
29042,39.7457
29043,41.0335
29044,39.1345
29045,41.2086
29046,41.7095
29047,42.7603
29048,39.1343
29049,39.8273
29050,43.2662
29051,38.458
29052,40.5932
29053,39.6593
29054,37.8104
29055,38.9894
29056,41.1828
29057,39.5185
29058,38.0278
29059,40.442
29060,39.6288
29061,37.5913
29062,40.2633
29063,38.657
29064,41.4485
29065,39.3167
29066,43.9996
29067,38.7608
29068,41.7676
29069,40.5925
29070,40.6953
29071,42.4176
29072,34.6734
29073,38.1279
29074,42.4788
29075,37.6019
29076,40.6878
29077,39.1027
29078,41.5542
29079,39.9423
29080,39.9858
29081,39.9942
29082,42.535
29083,41.066
29084,41.5247
29085,39.7849
29086,42.0042
29087,41.1076
29088,42.2688
29089,39.8104
29090,36.6762
29091,36.2535
29092,39.4138
29093,39.4303
29094,42.8545
29095,41.5561
29096,38.6855
29097,37.8467
29098,42.4891
29099,39.8993
29100,40.2949
29101,40.9999
29102,43.0942
29103,41.5045
29104,38.2708
29105,42.1198
29106,38.171
29107,41.8662
29108,37.0195
29109,42.1342
29110,41.2235
29111,38.4614
29112,38.9799
29113,38.043
29114,38.7109
29115,38.4009
29116,40.426
29117,38.5518
29118,40.8739
29119,40.8826
29120,42.1893
29121,39.6826
29122,39.9486
29123,40.0359
29124,40.2319
29125,45.2438
29126,40.3597
29127,40.6768
29128,39.6852
29129,41.0123
29130,39.0207
29131,39.4385
29132,41.2149
29133,42.386
29134,41.9053
29135,39.716
29136,41.4935
29137,41.8134
29138,36.5629
29139,43.7798
29140,39.3862
29141,40.7664
29142,39.9299
29143,41.4536
29144,41.5607
29145,42.8019
29146,41.9893
29147,36.6932
29148,41.6425
29149,42.2067
29150,38.3716
29151,35.6584
29152,39.8011
29153,42.0178
29154,38.1624
29155,41.4428
29156,41.878
29157,43.5922
29158,37.6891
29159,37.0639
29160,37.0875
29161,38.6625
29162,41.8164
29163,44.2002
29164,36.1961
29165,42.2315
29166,39.0672
29167,40.1299
29168,39.3114
29169,37.8408
29170,40.5589
29171,39.3043
29172,42.7172
29173,40.0167
29174,39.9122
29175,37.4722
29176,39.5599
29177,41.8225
29178,38.7624
29179,39.2055
29180,39.6426
29181,42.3068
29182,37.5954
29183,41.6522
29184,40.7163
29185,38.7516
29186,36.3591
29187,41.771
29188,41.8329
29189,39.8695
29190,39.0642
29191,42.3754
29192,41.7031
29193,40.5299
29194,42.1493
29195,42.2763
29196,40.3042
29197,41.6737
29198,43.3549
29199,40.6079
29200,39.8611
29201,41.2761
29202,41.7985
29203,36.8139
29204,38.0664
29205,37.5898
29206,36.7984
29207,39.0006
29208,39.1216
29209,39.2226
29210,40.2471
29211,40.5908
29212,38.9451
29213,40.7622
29214,41.8082
29215,39.7524
29216,39.4841
29217,40.5829
29218,40.4667
29219,41.7808
29220,39.2193
29221,36.2516
29222,40.4259
29223,42.502
29224,36.9165
29225,38.0719
29226,42.1508
29227,38.7725
29228,36.4347
29229,39.7584
29230,40.0478
29231,39.1327
29232,40.7728
29233,40.9558
29234,38.4159
29235,37.9808
29236,39.6774
29237,40.5482
29238,43.7868
29239,38.1273
29240,43.3938
29241,38.541
29242,36.5846
29243,40.842
29244,37.3303
29245,38.4291
29246,41.4544
29247,40.949
29248,38.0434
29249,40.795
29250,38.2872
29251,36.3376
29252,38.5279
29253,40.5362
29254,40.2947
29255,39.3122
29256,37.5145
29257,40.7605
29258,40.7853
29259,38.0316
29260,43.8351
29261,40.0473
29262,44.5674
29263,38.7187
29264,41.3283
29265,43.3627
29266,38.1141
29267,41.8861
29268,39.1502
29269,39.2201
29270,43.6662
29271,40.6826
29272,40.2038
29273,40.6988
29274,40.8497
29275,41.2847
29276,42.6886
29277,38.2278
29278,39.3439
29279,41.3688
29280,40.1834
29281,36.5387
29282,38.0289
29283,41.6399
29284,39.7933
29285,38.5454
29286,39.3826
29287,34.7419
29288,41.0703
29289,35.604
29290,36.1882
29291,43.4216
29292,38.7908
29293,42.9136
29294,40.0457
29295,40.7138
29296,38.0967
29297,42.2998
29298,38.6768
29299,40.0246
29300,39.2634
29301,39.7543
29302,42.1137
29303,40.2729
29304,37.9158
29305,39.2811
29306,37.4978
29307,39.5587
29308,39.7244
29309,39.8588
29310,40.742
29311,41.5515
29312,39.6254
29313,41.7041
29314,42.0738
29315,40.2187
29316,40.2941
29317,42.3835
29318,39.0879
29319,42.3013
29320,37.0422
29321,40.3146
29322,40.2373
29323,38.4768
29324,35.6502
29325,36.2371
29326,40.4135
29327,42.5008
29328,40.5123
29329,37.5775
29330,39.2965
29331,39.4874
29332,37.5044
29333,38.5261
29334,37.5766
29335,37.8193
29336,37.844
29337,37.9658
29338,39.8648
29339,39.1402
29340,39.1864
29341,40.4134
29342,38.5724
29343,39.8487
29344,39.9026
29345,43.0403
29346,40.2219
29347,40.2627
29348,40.5547
29349,40.7653
29350,40.9845
29351,37.0546
29352,41.2517
29353,41.3748
29354,41.7347
29355,40.7444
29356,43.2139
29357,40.1545
29358,41.8215
29359,44.1334
29360,38.1502
29361,39.8495
29362,40.6146
29363,40.9809
29364,38.7151
29365,42.8346
29366,39.3896
29367,43.8036
29368,40.8318
29369,38.1393
29370,44.725
29371,36.8669
29372,40.2552
29373,36.8212
29374,35.095
29375,35.548
29376,36.6922
29377,37.9655
29378,39.023
29379,39.2897
29380,42.4159
29381,38.1427
29382,40.4314
29383,39.042
29384,39.476
29385,40.8611
29386,41.9068
29387,39.9359
29388,41.5146
29389,43.8563
29390,41.6461
29391,41.1148
29392,39.141
29393,45.5392
29394,38.7995
29395,39.9894
29396,42.8537
29397,43.3288
29398,43.2401
29399,35.6039
29400,39.9784
29401,42.6096
29402,36.654
29403,40.672
29404,36.8804
29405,40.0689
29406,37.7805
29407,37.8052
29408,42.4435
29409,42.5623
29410,39.1601
29411,39.1685
29412,39.6424
29413,39.8458
29414,40.2463
29415,38.3681
29416,38.9322
29417,41.8546
29418,38.385
29419,42.0253
29420,39.5517
29421,39.1406
29422,39.356
29423,40.1678
29424,41.8421
29425,38.6852
29426,41.7832
29427,35.7799
29428,37.4135
29429,37.471
29430,37.6862
29431,39.1437
29432,42.3252
29433,39.5921
29434,38.315
29435,41.5689
29436,38.7333
29437,42.3108
29438,41.7729
29439,40.3104
29440,41.4622
29441,40.563
29442,37.7557
29443,39.4825
29444,38.8449
29445,41.7661
29446,37.2117
29447,40.6694
29448,38.1343
29449,39.393
29450,36.6026
29451,41.9194
29452,39.9341
29453,39.3824
29454,39.8357
29455,37.4762
29456,39.3871
29457,43.4855
29458,44.0864
29459,39.6703
29460,42.0754
29461,39.3179
29462,40.2567
29463,41.5158
29464,41.391
29465,39.4524
29466,39.53
29467,38.3237
29468,37.3474
29469,39.0259
29470,38.686
29471,39.1402
29472,39.2461
29473,38.3316
29474,39.6827
29475,40.2419
29476,41.0911
29477,42.1751
29478,35.6569
29479,43.9538
29480,40.5995
29481,37.6581
29482,36.8617
29483,41.4385
29484,44.701
29485,36.8324
29486,39.5939
29487,41.6949
29488,39.1595
29489,37.8341
29490,41.034
29491,41.4012
29492,38.4097
29493,39.7856
29494,40.3296
29495,40.3739
29496,43.952
29497,41.5603
29498,37.5972
29499,38.1722
29500,40.268
29501,41.4337
29502,40.9914
29503,38.9969
29504,38.9573
29505,39.642
29506,39.8382
29507,35.1098
29508,42.2346
29509,39.3538
29510,40.7746
29511,39.9133
29512,40.4042
29513,40.8699
29514,41.1848
29515,42.1387
29516,38.2653
29517,41.0407
29518,39.1257
29519,43.2196
29520,39.3311
29521,40.9525
29522,40.0689
29523,40.5544
29524,42.4655
29525,39.7735
29526,40.371
29527,40.5409
29528,38.6447
29529,37.0715
29530,38.3228
29531,40.1062
29532,40.4816
29533,39.2571
29534,41.3256
29535,40.5778
29536,39.6145
29537,37.9724
29538,36.2124
29539,43.2208
29540,41.3141
29541,44.3293
29542,42.5865
29543,41.0319
29544,41.1535
29545,40.1843
29546,38.295
29547,40.6056
29548,39.8199
29549,41.5854
29550,41.1124
29551,44.2852
29552,41.8428
29553,41.5291
29554,40.591
29555,42.4448
29556,40.2266
29557,38.235
29558,39.8729
29559,39.2007
29560,41.6088
29561,41.8335
29562,39.6219
29563,44.0053
29564,39.4212
29565,37.8152
29566,37.939
29567,38.0652
29568,38.1709
29569,38.1979
29570,40.2047
29571,40.4981
29572,39.7275
29573,39.9708
29574,41.0402
29575,41.9751
29576,42.1279
29577,35.9732
29578,38.1444
29579,36.3853
29580,39.745
29581,40.8099
29582,37.631
29583,42.7861
29584,38.1685
29585,38.3643
29586,42.1971
29587,39.2686
29588,43.5878
29589,40.6034
29590,38.6133
29591,39.6562
29592,39.0897
29593,38.4384
29594,40.454
29595,42.5816
29596,42.7422
29597,39.9067
29598,42.035
29599,44.601
29600,41.0499
29601,41.7277
29602,41.9768
29603,39.3308
29604,42.7097
29605,42.906
29606,40.2052
29607,41.2148
29608,40.4297
29609,36.1795
29610,40.284
29611,37.3092
29612,38.4766
29613,41.1149
29614,39.2328
29615,38.653
29616,39.7105
29617,38.9239
29618,39.4297
29619,40.5202
29620,40.9031
29621,37.2011
29622,39.3943
29623,42.5288
29624,41.5706
29625,37.9257
29626,40.0624
29627,41.2421
29628,40.8198
29629,38.9466
29630,40.1053
29631,41.5762
29632,35.9061
29633,36.3102
29634,36.3753
29635,39.0773
29636,36.9725
29637,40.0149
29638,40.383
29639,41.5344
29640,41.6051
29641,42.2625
29642,42.2344
29643,36.4914
29644,37.7638
29645,38.1848
29646,42.3431
29647,40.4344
29648,42.7855
29649,37.8752
29650,38.2036
29651,42.2663
29652,43.3903
29653,38.4359
29654,39.7853
29655,43.4198
29656,41.6523
29657,41.8383
29658,41.9525
29659,41.777
29660,41.9821
29661,43.0334
29662,42.8356
29663,38.2413
29664,39.7908
29665,40.4524
29666,38.1227
29667,40.7173
29668,39.8788
29669,38.0037
29670,42.2907
29671,36.1028
29672,39.2073
29673,36.2909
29674,44.2511
29675,39.1916
29676,42.2775
29677,39.5272
29678,37.5247
29679,40.5453
29680,41.5559
29681,37.9137
29682,40.2256
29683,39.4798
29684,40.1821
29685,38.2737
29686,38.4389
29687,40.002
29688,42.7789
29689,39.0833
29690,37.0918
29691,40.2684
29692,40.5252
29693,36.5337
29694,37.747
29695,41.1815
29696,38.2226
29697,38.6148
29698,39.1095
29699,39.1199
29700,40.6775
29701,41.4834
29702,41.6209
29703,44.6332
29704,41.6814
29705,35.8276
29706,38.836
29707,38.7437
29708,39.797
29709,38.4296
29710,40.5764
29711,40.5862
29712,40.6235
29713,36.7956
29714,43.8759
29715,42.9006
29716,39.4032
29717,42.261
29718,40.7393
29719,42.0786
29720,41.5013
29721,43.1717
29722,38.4196
29723,37.8193
29724,36.8277
29725,38.0817
29726,40.8734
29727,38.0021
29728,40.3597
29729,41.3681
29730,39.7133
29731,42.3054
29732,42.4032
29733,40.0974
29734,40.6291
29735,41.4277
29736,40.6984
29737,37.4748
29738,40.2093
29739,39.6392
29740,34.674
29741,38.8879
29742,37.4595
29743,43.1248
29744,38.2191
29745,38.048
29746,40.4155
29747,41.5592
29748,39.0434
29749,42.13
29750,40.4929
29751,36.7254
29752,37.7986
29753,39.8565
29754,39.3909
29755,39.8477
29756,42.8944
29757,35.2455
29758,43.876
29759,37.9813
29760,42.3645
29761,40.3882
29762,38.5307
29763,43.6061
29764,38.1499
29765,40.2843
29766,41.4278
29767,41.0538
29768,40.0257
29769,40.0936
29770,40.5691
29771,37.6786
29772,42.687
29773,37.9581
29774,38.0655
29775,41.5066
29776,42.6518
29777,39.7434
29778,39.7924
29779,36.836
29780,37.0517
29781,40.3379
29782,40.4623
29783,37.8554
29784,39.8573
29785,46.0273
29786,38.7055
29787,38.8182
29788,36.9351
29789,36.8736
29790,41.9289
29791,37.9576
29792,41.6014
29793,41.6757
29794,41.8821
29795,42.9818
29796,38.5539
29797,39.6205
29798,39.7761
29799,36.8471
29800,39.9358
29801,39.0927
29802,40.2791
29803,41.5917
29804,40.062
29805,38.1241
29806,36.4656
29807,36.7636
29808,40.3693
29809,38.5904
29810,38.1227
29811,40.3853
29812,40.5536
29813,38.9502
29814,39.9853
29815,39.1004
29816,42.1339
29817,40.696
29818,38.0834
29819,42.2436
29820,40.6017
29821,37.4772
29822,38.0171
29823,38.2856
29824,41.7695
29825,44.9158
29826,38.7177
29827,35.1715
29828,38.4576
29829,40.8351
29830,42.0559
29831,41.1016
29832,42.0757
29833,41.3201
29834,40.9243
29835,38.3249
29836,40.7248
29837,36.3992
29838,42.9185
29839,40.1247
29840,38.2731
29841,37.2377
29842,36.5841
29843,41.7419
29844,41.8472
29845,40.3699
29846,40.5566
29847,41.0269
29848,37.191
29849,41.2848
29850,39.4771
29851,41.5221
29852,39.0656
29853,40.4589
29854,38.5566
29855,38.6503
29856,41.7389
29857,40.9035
29858,42.0015
29859,41.043
29860,42.222
29861,42.2625
29862,39.2922
29863,39.7468
29864,43.822
29865,43.168
29866,38.5356
29867,38.6677
29868,37.7305
29869,38.1055
29870,42.1227
29871,38.2328
29872,38.4212
29873,38.8335
29874,40.4229
29875,39.5626
29876,42.599
29877,41.1389
29878,40.2863
29879,43.7539
29880,39.7909
29881,38.7591
29882,40.9688
29883,39.4898
29884,41.5575
29885,41.42
29886,41.8899
29887,36.7805
29888,35.8115
29889,36.049
29890,42.7479
29891,37.6926
29892,37.9329
29893,37.9737
29894,40.1187
29895,39.4238
29896,38.583
29897,39.7063
29898,39.1997
29899,37.4554
29900,38.5546
29901,38.0548
29902,42.1492
29903,41.2402
29904,38.6019
29905,39.6506
29906,40.6665
29907,42.7591
29908,40.9386
29909,39.0995
29910,39.6669
29911,40.983
29912,40.7988
29913,36.1764
29914,41.6532
29915,42.0286
29916,40.0145
29917,40.1049
29918,40.7134
29919,41.9029
29920,39.4201
29921,39.9762
29922,38.8192
29923,43.9107
29924,40.4706
29925,37.6288
29926,38.9201
29927,41.4141
29928,38.5519
29929,42.199
29930,39.4938
29931,39.5811
29932,38.626
29933,42.6523
29934,43.226
29935,38.3213
29936,39.4423
29937,39.0454
29938,35.9415
29939,41.7427
29940,37.7864
29941,37.0813
29942,40.1862
29943,33.2256
29944,40.2953
29945,43.2565
29946,41.4755
29947,40.7085
29948,40.2343
29949,40.9146
29950,42.9927
29951,41.2315
29952,41.4174
29953,43.4977
29954,40.3496
29955,39.3796
29956,39.388
29957,40.502
29958,36.7687
29959,37.3473
29960,38.5231
29961,39.0967
29962,39.1418
29963,39.2633
29964,39.7966
29965,40.5822
29966,40.6549
29967,41.5841
29968,41.1943
29969,36.3535
29970,42.1514
29971,41.6429
29972,41.1309
29973,39.7067
29974,44.2129
29975,39.9644
29976,38.0773
29977,38.2572
29978,40.504
29979,41.7583
29980,42.9901
29981,39.2654
29982,39.4698
29983,40.7488
29984,37.9668
29985,38.0902
29986,38.5302
29987,38.7368
29988,39.0463
29989,38.1421
29990,39.2454
29991,39.9218
29992,39.574
29993,36.7977
29994,39.6137
29995,38.623
29996,35.6331
29997,36.8445
29998,36.8736
29999,41.3912
30000,39.4487
30001,36.4648
30002,40.5449
30003,40.6452
30004,38.8204
30005,39.014
30006,43.0224
30007,39.21
30008,41.284
30009,39.4889
30010,42.5188
30011,42.5473
30012,39.592
30013,39.6582
30014,41.9698
30015,45.318
30016,36.9773
30017,41.1992
30018,42.2953
30019,41.3026
30020,39.5946
30021,40.3481
30022,38.6394
30023,41.0143
30024,35.9808
30025,40.225
30026,42.4142
30027,39.4684
30028,40.9233
30029,39.4982
30030,34.7334
30031,41.8117
30032,35.7162
30033,41.188
30034,39.7928
30035,41.1965
30036,43.2531
30037,40.2959
30038,41.3916
30039,41.0175
30040,42.2157
30041,37.6054
30042,42.0737
30043,41.3993
30044,42.4701
30045,42.1484
30046,41.3844
30047,40.4939
30048,39.548
30049,41.1977
30050,35.0001
30051,37.7981
30052,39.8427
30053,39.4984
30054,39.7814
30055,39.8743
30056,40.9347
30057,35.1079
30058,37.5413
30059,44.6544
30060,37.4919
30061,37.1695
30062,37.2589
30063,36.2673
30064,39.3225
30065,37.7568
30066,40.0475
30067,39.4121
30068,38.626
30069,39.3051
30070,39.4434
30071,41.5923
30072,41.9403
30073,39.9487
30074,42.3946
30075,36.6872
30076,38.7175
30077,42.9023
30078,42.3157
30079,37.7817
30080,41.9269
30081,42.0746
30082,43.5514
30083,36.93
30084,39.2244
30085,39.7981
30086,37.8065
30087,37.2582
30088,45.0242
30089,38.1343
30090,41.4361
30091,38.5103
30092,39.5456
30093,39.8147
30094,39.6808
30095,42.8581
30096,38.0851
30097,40.5361
30098,43.5942
30099,39.7577
30100,39.7813
30101,39.8036
30102,40.0075
30103,37.0757
30104,37.5589
30105,39.8045
30106,37.9063
30107,40.4347
30108,39.9697
30109,42.4313
30110,41.563
30111,41.0868
30112,42.3066
30113,41.3162
30114,38.893
30115,40.2153
30116,37.4807
30117,39.7324
30118,40.1235
30119,43.0392
30120,41.4616
30121,42.6515
30122,41.7834
30123,42.3485
30124,42.3733
30125,43.8555
30126,37.5077
30127,38.2266
30128,38.9468
30129,44.6664
30130,37.6806
30131,42.0803
30132,40.5658
30133,39.0756
30134,37.3582
30135,37.5466
30136,34.7703
30137,39.655
30138,39.8269
30139,39.8916
30140,40.5391
30141,40.6182
30142,43.8826
30143,41.0383
30144,40.9617
30145,40.7371
30146,36.9699
30147,43.0501
30148,39.0585
30149,39.8641
30150,36.3448
30151,36.5082
30152,39.0271
30153,39.1889
30154,37.9136
30155,42.138
30156,38.1597
30157,38.863
30158,39.1406
30159,40.1063
30160,40.325
30161,38.0368
30162,40.5146
30163,39.5063
30164,42.3115
30165,40.8532
30166,42.1171
30167,42.1813
30168,36.1383
30169,37.81
30170,41.2649
30171,37.8148
30172,41.9494
30173,40.3235
30174,36.5699
30175,39.6777
30176,43.2032
30177,38.3213
30178,38.7081
30179,39.1639
30180,39.6214
30181,40.3526
30182,40.5155
30183,38.0075
30184,38.0601
30185,40.9157
30186,42.2472
30187,39.4827
30188,41.6994
30189,39.0204
30190,39.2959
30191,43.732
30192,43.8605
30193,37.574
30194,41.9892
30195,40.4871
30196,42.623
30197,40.8758
30198,37.1052
30199,39.1996
30200,40.9122
30201,38.1108
30202,42.2388
30203,39.5179
30204,39.5352
30205,42.8503
30206,39.6565
30207,40.8272
30208,38.6955
30209,39.669
30210,39.8198
30211,43.0548
30212,39.1731
30213,39.2932
30214,41.5968
30215,42.8721
30216,39.0767
30217,45.138
30218,40.3229
30219,40.2936
30220,42.828
30221,36.1689
30222,41.6094
30223,40.4284
30224,40.7035
30225,37.0802
30226,41.144
30227,39.5163
30228,37.9657
30229,39.2884
30230,38.3546
30231,38.6048
30232,38.443
30233,41.5108
30234,39.8403
30235,40.0329
30236,40.3577
30237,40.5265
30238,40.6371
30239,42.1061
30240,42.2642
30241,37.572
30242,43.0704
30243,39.0261
30244,39.1156
30245,39.302
30246,39.7438
30247,41.7035
30248,43.4488
30249,40.5877
30250,37.056
30251,38.9605
30252,39.1054
30253,38.7005
30254,37.685
30255,35.6323
30256,40.8136
30257,39.99
30258,43.5473
30259,37.0778
30260,37.565
30261,37.8245
30262,36.406
30263,39.7645
30264,41.9802
30265,37.3055
30266,40.4826
30267,40.6206
30268,35.9984
30269,42.848
30270,37.4054
30271,39.7138
30272,39.803
30273,39.9184
30274,40.0518
30275,40.6044
30276,43.0487
30277,41.2304
30278,41.7025
30279,38.7884
30280,38.1354
30281,36.1888
30282,39.2268
30283,39.2528
30284,40.5567
30285,41.6611
30286,40.7487
30287,41.8299
30288,37.8649
30289,39.1325
30290,42.4039
30291,37.824
30292,42.8217
30293,41.4753
30294,41.9777
30295,40.2135
30296,40.9387
30297,36.9817
30298,40.3497
30299,43.3701
30300,41.1021
30301,36.3294
30302,38.8725
30303,38.5395
30304,40.9582
30305,42.54
30306,40.2587
30307,38.4541
30308,37.8942
30309,36.7762
30310,38.5585
30311,39.5807
30312,38.7675
30313,39.5641
30314,40.5987
30315,40.1091
30316,38.2449
30317,43.457
30318,41.381
30319,39.9355
30320,40.4594
30321,42.7695
30322,38.1131
30323,40.2491
30324,38.8403
30325,39.1798
30326,40.0927
30327,40.5493
30328,39.7272
30329,40.1311
30330,42.0805
30331,37.6872
30332,37.6799
30333,35.9977
30334,38.0061
30335,37.7023
30336,38.908
30337,38.2138
30338,40.6208
30339,38.6322
30340,39.167
30341,41.6794
30342,41.6531
30343,41.201
30344,41.5556
30345,40.162
30346,41.4238
30347,40.6769
30348,43.8002
30349,42.1557
30350,39.4783
30351,37.7086
30352,37.9318
30353,43.3573
30354,39.2248
30355,40.3408
30356,38.5939
30357,40.122
30358,38.4839
30359,41.6678
30360,41.4877
30361,43.5606
30362,35.9873
30363,43.0423
30364,43.1988
30365,37.3534
30366,37.6821
30367,39.2938
30368,38.4305
30369,39.9571
30370,39.0821
30371,40.6195
30372,40.6332
30373,41.6998
30374,40.2343
30375,42.3075
30376,41.3171
30377,43.4436
30378,37.6775
30379,38.2391
30380,38.4841
30381,37.054
30382,37.5165
30383,39.9543
30384,40.2105
30385,39.4427
30386,42.2444
30387,36.3118
30388,42.8211
30389,43.8832
30390,41.0149
30391,39.3511
30392,39.7792
30393,38.0486
30394,35.9769
30395,40.1463
30396,37.3932
30397,38.4999
30398,41.8317
30399,38.8711
30400,39.4466
30401,40.1106
30402,40.184
30403,43.204
30404,41.8515
30405,42.1184
30406,39.7466
30407,40.5755
30408,36.6478
30409,40.9015
30410,40.7148
30411,37.7403
30412,40.3779
30413,38.7714
30414,38.6528
30415,41.7025
30416,38.8128
30417,39.3619
30418,41.3901
30419,37.0926
30420,36.5291
30421,38.1074
30422,41.4345
30423,39.2036
30424,41.5333
30425,40.9869
30426,45.0513
30427,38.9304
30428,42.8233
30429,35.6017
30430,38.9199
30431,39.1354
30432,39.5009
30433,39.7527
30434,39.785
30435,37.8175
30436,42.5053
30437,38.5835
30438,39.0703
30439,40.0787
30440,42.2816
30441,39.0421
30442,40.0505
30443,40.1572
30444,40.4565
30445,36.7627
30446,39.1366
30447,40.5099
30448,42.5517
30449,41.9128
30450,42.3884
30451,38.4906
30452,40.9175
30453,37.7655
30454,38.7125
30455,39.0755
30456,40.8756
30457,42.9267
30458,41.7773
30459,41.9554
30460,40.5538
30461,40.9088
30462,41.57
30463,41.8581
30464,43.1144
30465,37.4842
30466,39.574
30467,41.1107
30468,40.5121
30469,39.8568
30470,39.8756
30471,40.9566
30472,39.1504
30473,39.2886
30474,39.3247
30475,39.4013
30476,39.4306
30477,39.575
30478,40.7924
30479,40.8861
30480,39.8945
30481,40.0114
30482,40.5197
30483,40.7521
30484,41.4698
30485,41.525
30486,36.5552
30487,38.0241
30488,42.1625
30489,42.5696
30490,39.667
30491,38.3454
30492,44.221
30493,38.6532
30494,39.3119
30495,38.4117
30496,39.776
30497,40.1655
30498,41.0994
30499,42.7222
30500,35.3148
30501,42.3609
30502,39.6947
30503,42.8067
30504,37.8483
30505,38.0244
30506,38.1304
30507,38.4119
30508,38.7592
30509,38.9008
30510,42.2773
30511,38.9938
30512,38.7225
30513,38.8413
30514,39.9471
30515,38.4151
30516,38.4428
30517,38.5032
30518,40.9436
30519,40.1326
30520,39.5147
30521,41.6894
30522,44.081
30523,41.1589
30524,42.2334
30525,37.5911
30526,38.5875
30527,44.0211
30528,44.3139
30529,44.7071
30530,38.194
30531,38.8419
30532,35.1107
30533,42.2992
30534,40.3491
30535,43.2132
30536,42.5317
30537,39.7208
30538,40.2233
30539,40.2952
30540,38.5109
30541,41.4048
30542,36.4901
30543,40.5099
30544,42.6844
30545,40.7938
30546,40.039
30547,38.4829
30548,39.0996
30549,41.4978
30550,39.6993
30551,40.5059
30552,38.0039
30553,40.5523
30554,37.1614
30555,37.8385
30556,41.4872
30557,39.3437
30558,39.4395
30559,39.6723
30560,36.6282
30561,37.2009
30562,43.9303
30563,39.1334
30564,39.3628
30565,42.4583
30566,37.4988
30567,39.6048
30568,40.6726
30569,41.6654
30570,40.7512
30571,36.8648
30572,37.1029
30573,35.313
30574,39.7128
30575,37.8623
30576,41.0185
30577,40.396
30578,39.4673
30579,41.377
30580,41.5822
30581,40.0624
30582,41.577
30583,43.286
30584,40.5867
30585,39.7604
30586,42.2851
30587,42.0721
30588,43.3298
30589,40.0475
30590,37.2607
30591,36.3186
30592,36.5533
30593,42.3799
30594,40.3027
30595,38.494
30596,41.7648
30597,41.9873
30598,37.6408
30599,43.6775
30600,40.011
30601,40.6715
30602,40.1878
30603,40.3203
30604,37.6117
30605,41.1867
30606,37.2404
30607,38.2963
30608,42.6182
30609,39.6391
30610,41.7307
30611,39.7452
30612,42.7552
30613,38.9911
30614,38.2304
30615,40.4041
30616,41.6977
30617,39.7133
30618,40.7984
30619,40.0747
30620,40.1836
30621,41.3699
30622,40.5093
30623,38.5529
30624,40.2862
30625,39.9283
30626,43.2875
30627,38.3013
30628,40.7073
30629,42.1677
30630,43.1827
30631,41.8244
30632,41.0777
30633,35.8787
30634,37.8612
30635,40.0208
30636,38.5096
30637,40.9028
30638,40.0843
30639,41.2749
30640,38.4039
30641,37.7141
30642,39.5099
30643,41.0412
30644,37.0557
30645,40.457
30646,38.8209
30647,38.9181
30648,42.3482
30649,39.8245
30650,41.6802
30651,40.0901
30652,40.3822
30653,43.1446
30654,40.1696
30655,40.3743
30656,40.4724
30657,41.2716
30658,39.2837
30659,40.14
30660,40.3692
30661,42.4067
30662,42.1296
30663,42.1963
30664,40.2468
30665,43.4685
30666,37.6515
30667,43.7766
30668,37.344
30669,41.4697
30670,40.7242
30671,41.392
30672,38.5353
30673,41.6997
30674,40.0832
30675,44.0887
30676,45.0971
30677,37.7835
30678,38.4115
30679,42.6971
30680,37.9129
30681,38.0386
30682,36.6559
30683,40.6753
30684,37.5506
30685,39.6565
30686,40.9698
30687,40.4228
30688,42.0656
30689,43.5777
30690,39.0873
30691,38.4275
30692,40.4544
30693,39.3721
30694,42.1962
30695,36.8776
30696,41.2464
30697,38.7804
30698,39.8545
30699,39.2035
30700,39.3843
30701,40.723
30702,39.0931
30703,41.1047
30704,39.4513
30705,40.889
30706,37.4687
30707,40.9899
30708,39.0448
30709,38.3718
30710,42.3802
30711,39.4868
30712,38.9183
30713,36.7391
30714,38.1743
30715,37.9196
30716,37.354
30717,39.9165
30718,37.9546
30719,40.5382
30720,37.9161
30721,37.947
30722,38.79
30723,39.8294
30724,40.9386
30725,38.9742
30726,41.2712
30727,38.5643
30728,41.895
30729,38.4301
30730,41.7981
30731,41.1155
30732,38.2407
30733,41.5365
30734,45.3462
30735,43.5984
30736,40.4066
30737,40.6163
30738,38.7686
30739,40.8177
30740,41.3445
30741,38.3685
30742,37.269
30743,39.4851
30744,38.3021
30745,38.4539
30746,44.501
30747,39.7006
30748,40.4755
30749,40.8155
30750,41.8239
30751,35.0617
30752,41.1076
30753,36.2189
30754,37.0555
30755,43.0241
30756,39.5582
30757,37.1645
30758,36.4152
30759,42.3322
30760,40.681
30761,37.9116
30762,42.9749
30763,38.6679
30764,40.972
30765,40.448
30766,41.4564
30767,40.5009
30768,42.1712
30769,40.3146
30770,40.8581
30771,38.4261
30772,40.4648
30773,44.1767
30774,40.5755
30775,38.8162
30776,38.8247
30777,39.9513
30778,39.9016
30779,41.9153
30780,42.5674
30781,43.7639
30782,39.9007
30783,39.1235
30784,43.1636
30785,43.6004
30786,37.696
30787,40.7962
30788,42.0259
30789,43.2415
30790,40.4061
30791,38.5481
30792,37.8356
30793,38.63
30794,40.8661
30795,39.8922
30796,40.197
30797,39.5877
30798,40.6236
30799,38.1041
30800,40.512
30801,41.8444
30802,41.9579
30803,38.3453
30804,39.5362
30805,42.6616
30806,42.0164
30807,40.197
30808,40.4693
30809,42.5476
30810,40.9447
30811,41.0413
30812,39.105
30813,41.8192
30814,40.9525
30815,36.6058
30816,36.6661
30817,40.7772
30818,37.534
30819,40.4259
30820,38.4893
30821,39.7992
30822,39.223
30823,37.3492
30824,37.7083
30825,38.0636
30826,42.2545
30827,38.8074
30828,39.0281
30829,40.5341
30830,35.8788
30831,40.0856
30832,40.2822
30833,41.5382
30834,41.7489
30835,41.9194
30836,42.6775
30837,43.0477
30838,40.871
30839,39.2542
30840,40.3031
30841,41.9674
30842,42.4234
30843,36.6685
30844,40.6769
30845,40.97
30846,42.4595
30847,39.718
30848,39.7713
30849,42.0594
30850,41.1667
30851,39.7492
30852,38.6694
30853,37.5717
30854,40.9347
30855,39.0009
30856,41.4594
30857,41.4938
30858,41.7179
30859,37.7464
30860,40.6684
30861,38.064
30862,39.4234
30863,40.6278
30864,39.7479
30865,42.0366
30866,40.2327
30867,41.4815
30868,41.0472
30869,40.6978
30870,42.9599
30871,38.6091
30872,44.6899
30873,42.7355
30874,43.3945
30875,35.474
30876,36.3653
30877,37.7388
30878,37.7763
30879,39.0059
30880,38.6513
30881,39.9684
30882,41.3297
30883,40.4631
30884,36.5605
30885,39.5689
30886,40.6095
30887,39.7889
30888,41.9514
30889,41.0412
30890,40.0578
30891,41.4595
30892,41.6597
30893,40.7685
30894,35.985
30895,41.5241
30896,37.5554
30897,39.0079
30898,39.9189
30899,38.095
30900,42.4775
30901,40.9894
30902,42.052
30903,41.2813
30904,37.9883
30905,43.1279
30906,39.665
30907,38.484
30908,41.4891
30909,40.754
30910,41.2334
30911,42.7913
30912,37.9343
30913,41.5279
30914,42.1146
30915,42.735
30916,42.1423
30917,42.2545
30918,43.3119
30919,38.5172
30920,41.1999
30921,38.3653
30922,39.4987
30923,40.5211
30924,34.8527
30925,41.175
30926,41.5077
30927,40.4558
30928,37.671
30929,38.967
30930,38.5324
30931,40.0276
30932,38.2269
30933,36.1432
30934,37.5656
30935,40.5741
30936,41.294
30937,43.7461
30938,40.2517
30939,41.3509
30940,36.5389
30941,36.7625
30942,37.9237
30943,38.3964
30944,38.8177
30945,40.2813
30946,40.5729
30947,43.964
30948,39.1071
30949,43.129
30950,39.147
30951,38.9064
30952,40.1904
30953,40.9497
30954,41.7412
30955,40.8443
30956,42.3985
30957,41.5678
30958,44.8135
30959,41.8528
30960,38.1012
30961,41.1739
30962,36.4955
30963,37.1078
30964,40.1162
30965,43.3378
30966,43.1345
30967,38.4249
30968,42.2376
30969,39.4895
30970,38.9641
30971,40.4306
30972,39.8823
30973,38.5011
30974,37.3707
30975,39.998
30976,43.2641
30977,43.295
30978,40.4534
30979,39.9476
30980,40.3596
30981,37.5564
30982,37.5885
30983,42.6521
30984,40.7358
30985,35.7808
30986,41.9447
30987,42.269
30988,38.5184
30989,37.9237
30990,40.0117
30991,37.9384
30992,36.2932
30993,39.6111
30994,38.836
30995,43.242
30996,42.5762
30997,41.4332
30998,46.2142
30999,36.4592
31000,36.6538
31001,39.7607
31002,39.9406
31003,39.1596
31004,38.2287
31005,38.3157
31006,37.1403
31007,38.5406
31008,43.629
31009,40.4156
31010,39.4589
31011,39.8656
31012,43.9548
31013,39.1479
31014,39.5792
31015,39.9109
31016,38.0068
31017,40.2737
31018,38.3209
31019,38.944
31020,40.9664
31021,41.4074
31022,41.3259
31023,42.4195
31024,40.9249
31025,37.4609
31026,43.6362
31027,41.6611
31028,40.3375
31029,38.5586
31030,38.7412
31031,35.3159
31032,38.6529
31033,40.1788
31034,41.6038
31035,41.0022
31036,34.892
31037,39.9004
31038,40.4587
31039,38.6037
31040,36.7217
31041,41.9212
31042,38.4557
31043,41.7693
31044,45.1996
31045,40.7224
31046,37.7147
31047,38.7232
31048,43.4007
31049,40.0665
31050,37.7012
31051,40.0131
31052,39.2422
31053,38.2624
31054,36.6466
31055,38.7621
31056,40.8414
31057,43.1334
31058,42.3228
31059,40.1521
31060,43.4578
31061,40.7136
31062,39.956
31063,38.4988
31064,36.2277
31065,39.9227
31066,38.2529
31067,40.8812
31068,42.4968
31069,39.5127
31070,39.5439
31071,39.881
31072,45.6029
31073,37.596
31074,39.098
31075,40.8793
31076,38.4145
31077,40.0618
31078,40.1934
31079,39.59
31080,35.6243
31081,41.5768
31082,38.5008
31083,41.5394
31084,38.8158
31085,42.1222
31086,40.2792
31087,42.4317
31088,38.2002
31089,35.3838
31090,36.4602
31091,38.4859
31092,38.4943
31093,41.7014
31094,41.9013
31095,38.9583
31096,39.5968
31097,35.0961
31098,36.119
31099,39.2628
31100,43.2824
31101,41.2761
31102,41.2974
31103,41.6687
31104,39.0472
31105,39.6071
31106,40.1232
31107,40.853
31108,39.1845
31109,36.5309
31110,40.7333
31111,41.1543
31112,39.9121
31113,42.9516
31114,43.2482
31115,40.2636
31116,40.7635
31117,42.7799
31118,36.1836
31119,37.7978
31120,42.2106
31121,35.9381
31122,38.1633
31123,38.6015
31124,42.4455
31125,39.5789
31126,40.7655
31127,39.8189
31128,40.1789
31129,36.821
31130,42.5222
31131,42.6196
31132,41.9789
31133,39.7288
31134,38.0033
31135,37.739
31136,39.2142
31137,39.7434
31138,35.9019
31139,40.6422
31140,39.393
31141,38.3039
31142,37.7089
31143,39.3446
31144,37.814
31145,40.4966
31146,38.4693
31147,39.0379
31148,39.2984
31149,40.1471
31150,41.1867
31151,41.8927
31152,38.1796
31153,41.6485
31154,39.681
31155,38.9789
31156,37.2515
31157,40.3182
31158,40.8725
31159,34.312
31160,41.321
31161,40.8571
31162,36.6871
31163,40.7286
31164,39.9914
31165,42.2975
31166,37.311
31167,43.7687
31168,40.7819
31169,38.2449
31170,38.4309
31171,39.5834
31172,41.6984
31173,43.8995
31174,38.8297
31175,41.285
31176,38.9311
31177,40.0003
31178,38.1025
31179,39.212
31180,39.7069
31181,36.8088
31182,38.0246
31183,44.1744
31184,43.3087
31185,38.2027
31186,39.4689
31187,36.5512
31188,37.3325
31189,40.5355
31190,40.6144
31191,40.6445
31192,37.8961
31193,41.5252
31194,38.5579
31195,38.8277
31196,39.246
31197,42.6417
31198,44.0349
31199,40.4814
31200,40.587
31201,41.4127
31202,39.5828
31203,44.6353
31204,43.6848
31205,42.7934
31206,38.4383
31207,37.5617
31208,41.0123
31209,37.1939
31210,38.9906
31211,38.1396
31212,40.1371
31213,40.1577
31214,36.1918
31215,41.4277
31216,40.1195
31217,41.3427
31218,40.5005
31219,36.3736
31220,42.5128
31221,41.5239
31222,38.5571
31223,41.6058
31224,40.839
31225,42.3802
31226,41.972
31227,41.7614
31228,39.1221
31229,42.2088
31230,41.8865
31231,40.6232
31232,35.9766
31233,35.247
31234,43.6119
31235,39.1931
31236,40.2566
31237,40.8142
31238,37.4719
31239,36.5686
31240,39.1295
31241,42.166
31242,38.4923
31243,39.8943
31244,40.9037
31245,41.0696
31246,43.4395
31247,41.9757
31248,39.0185
31249,36.0773
31250,41.168
31251,37.3492
31252,41.7073
31253,41.9529
31254,41.3192
31255,36.4464
31256,42.0414
31257,42.0692
31258,41.7958
31259,39.8868
31260,39.3205
31261,41.4831
31262,39.552
31263,40.7283
31264,40.1428
31265,39.2244
31266,42.6309
31267,41.6393
31268,39.7728
31269,38.9547
31270,39.4075
31271,38.4298
31272,39.599
31273,40.7373
31274,39.7968
31275,41.0217
31276,40.3903
31277,38.0446
31278,41.3894
31279,37.8053
31280,38.8655
31281,43.2394
31282,39.3536
31283,41.8301
31284,40.3261
31285,37.9291
31286,41.3167
31287,42.2341
31288,39.35
31289,37.8389
31290,43.3814
31291,40.4588
31292,42.7119
31293,37.788
31294,42.014
31295,41.243
31296,42.3013
31297,37.4025
31298,42.599
31299,43.6239
31300,38.0925
31301,41.3098
31302,41.4595
31303,41.3776
31304,42.4628
31305,38.6355
31306,39.2879
31307,40.6345
31308,42.7471
31309,38.0594
31310,38.9125
31311,37.7936
31312,40.0815
31313,41.4643
31314,41.7187
31315,38.4316
31316,39.7586
31317,38.278
31318,40.4001
31319,39.6741
31320,41.8693
31321,43.2118
31322,40.902
31323,45.9848
31324,41.916
31325,43.1662
31326,42.2743
31327,39.4535
31328,43.5062
31329,40.0144
31330,38.0577
31331,39.2979
31332,43.0096
31333,40.0313
31334,39.0666
31335,42.0889
31336,39.1858
31337,39.5489
31338,40.5776
31339,43.1925
31340,37.222
31341,37.3441
31342,40.9916
31343,42.5192
31344,39.0483
31345,38.2248
31346,42.0242
31347,37.0246
31348,41.071
31349,40.2174
31350,37.4087
31351,41.6772
31352,39.1177
31353,38.7577
31354,37.8692
31355,38.2281
31356,39.7285
31357,40.1415
31358,39.1128
31359,40.6854
31360,41.1551
31361,36.6543
31362,40.8589
31363,41.0827
31364,40.3772
31365,41.4561
31366,42.388
31367,42.7251
31368,42.037
31369,40.3843
31370,40.8532
31371,38.267
31372,42.5441
31373,38.7552
31374,39.0956
31375,40.7315
31376,38.3414
31377,32.5193
31378,40.8043
31379,42.0209
31380,39.0574
31381,40.2895
31382,40.3267
31383,40.0644
31384,40.1063
31385,39.7029
31386,38.7891
31387,36.9813
31388,41.7508
31389,41.1014
31390,38.7112
31391,39.5419
31392,41.9145
31393,39.1596
31394,43.8269
31395,37.9889
31396,42.9535
31397,37.3899
31398,42.3704
31399,40.8226
31400,39.6915
31401,38.8427
31402,37.291
31403,38.2436
31404,42.0233
31405,37.5031
31406,41.7518
31407,37.7603
31408,42.0772
31409,38.9093
31410,39.2108
31411,39.4469
31412,41.1379
31413,39.0031
31414,41.1982
31415,41.6627
31416,37.3662
31417,40.8541
31418,41.4022
31419,37.6639
31420,38.5046
31421,39.0216
31422,41.0348
31423,41.4877
31424,35.6002
31425,41.4832
31426,41.894
31427,38.3358
31428,39.752
31429,40.2041
31430,36.29
31431,40.3796
31432,38.5616
31433,40.9365
31434,41.7885
31435,41.9168
31436,38.1005
31437,40.054
31438,39.2573
31439,40.2488
31440,40.2982
31441,40.7521
31442,40.7702
31443,42.8976
31444,41.5548
31445,36.8328
31446,39.4085
31447,40.6177
31448,39.7644
31449,37.268
31450,41.5489
31451,37.9382
31452,39.8145
31453,44.0449
31454,37.1948
31455,40.9783
31456,42.0903
31457,45.1973
31458,41.5234
31459,37.1816
31460,39.2113
31461,39.6873
31462,39.3316
31463,40.4147
31464,41.4854
31465,40.684
31466,37.1562
31467,42.2281
31468,38.2581
31469,41.1672
31470,39.3998
31471,42.4082
31472,39.4721
31473,39.5257
31474,41.6668
31475,38.7626
31476,38.1284
31477,42.2663
31478,41.855
31479,39.0475
31480,36.4758
31481,41.0275
31482,37.0925
31483,42.3719
31484,39.948
31485,39.8923
31486,40.0674
31487,39.3749
31488,40.7384
31489,34.5076
31490,40.5834
31491,40.6536
31492,41.2127
31493,42.2734
31494,38.2605
31495,38.4806
31496,36.5718
31497,40.1896
31498,38.6977
31499,39.7492
31500,37.8363
31501,39.1213
31502,40.1597
31503,43.3477
31504,39.4596
31505,38.6475
31506,40.3193
31507,39.3679
31508,40.6674
31509,40.8521
31510,38.2596
31511,41.5598
31512,39.6845
31513,40.1731
31514,38.5303
31515,41.0026
31516,38.3433
31517,42.582
31518,43.7003
31519,37.0717
31520,37.5026
31521,41.2677
31522,39.4784
31523,40.76
31524,38.7888
31525,39.8703
31526,41.1048
31527,41.137
31528,40.601
31529,38.7449
31530,38.9424
31531,44.1374
31532,39.176
31533,41.8061
31534,41.7004
31535,40.808
31536,41.1079
31537,38.34
31538,36.4235
31539,36.6242
31540,39.641
31541,38.7795
31542,42.5165
31543,37.7349
31544,41.4426
31545,39.6229
31546,39.8347
31547,40.4647
31548,43.0757
31549,43.2858
31550,35.3262
31551,42.426
31552,38.9594
31553,37.0665
31554,43.7561
31555,41.4863
31556,41.77
31557,40.2104
31558,38.8788
31559,39.1077
31560,40.123
31561,41.3128
31562,41.0124
31563,41.2064
31564,35.7281
31565,35.9796
31566,36.9036
31567,37.1607
31568,40.5642
31569,39.391
31570,41.1743
31571,42.726
31572,41.744
31573,39.2914
31574,43.3843
31575,39.4337
31576,38.1281
31577,40.4388
31578,40.9325
31579,39.8802
31580,38.4304
31581,37.6113
31582,40.0062
31583,41.0666
31584,39.6288
31585,38.1463
31586,40.5936
31587,40.0492
31588,41.187
31589,40.2175
31590,39.6586
31591,39.9471
31592,41.6078
31593,41.6979
31594,41.0182
31595,40.0267
31596,38.0548
31597,40.1769
31598,36.3811
31599,40.8245
31600,41.0232
31601,36.5513
31602,38.2627
31603,37.3195
31604,37.8078
31605,37.646
31606,39.6302
31607,38.9567
31608,41.2699
31609,46.5633
31610,36.8864
31611,41.1389
31612,40.2198
31613,41.6157
31614,41.969
31615,42.0494
31616,42.7476
31617,37.2603
31618,38.853
31619,41.9768
31620,39.0586
31621,43.1024
31622,44.6046
31623,38.0202
31624,37.1526
31625,39.6938
31626,37.7649
31627,37.394
31628,39.7144
31629,37.9467
31630,41.0194
31631,41.1343
31632,41.2173
31633,39.6772
31634,40.1004
31635,40.5963
31636,37.7699
31637,39.8192
31638,44.0819
31639,38.3843
31640,44.3928
31641,38.4266
31642,38.7082
31643,40.5538
31644,39.5793
31645,42.3111
31646,44.4432
31647,40.488
31648,38.5251
31649,41.6645
31650,41.7137
31651,41.9159
31652,32.4462
31653,36.1008
31654,36.3203
31655,39.3615
31656,40.069
31657,37.2346
31658,38.0567
31659,38.0937
31660,43.6438
31661,41.8316
31662,42.8522
31663,42.1343
31664,42.6356
31665,39.6819
31666,40.0368
31667,42.1273
31668,40.2407
31669,43.2497
31670,43.504
31671,42.2837
31672,38.5052
31673,38.5897
31674,41.7843
31675,42.3369
31676,40.4074
31677,41.425
31678,37.9581
31679,38.8256
31680,40.0573
31681,40.1124
31682,40.1463
31683,43.451
31684,42.0725
31685,41.1014
31686,41.877
31687,40.0524
31688,42.1575
31689,42.4017
31690,45.4249
31691,43.3668
31692,43.4889
31693,41.3842
31694,38.1259
31695,37.3741
31696,38.5406
31697,38.88
31698,42.934
31699,40.1036
31700,36.1477
31701,37.3787
31702,43.706
31703,42.1283
31704,35.1426
31705,37.5366
31706,39.801
31707,37.9397
31708,39.3712
31709,37.4888
31710,38.6903
31711,38.7409
31712,39.2656
31713,41.638
31714,39.3246
31715,44.5035
31716,42.2695
31717,41.6323
31718,40.7495
31719,42.0885
31720,41.4578
31721,39.0616
31722,39.153
31723,39.8234
31724,40.4687
31725,41.7949
31726,34.9806
31727,38.0767
31728,40.3125
31729,42.4032
31730,42.7799
31731,39.2125
31732,39.7164
31733,43.0148
31734,39.7085
31735,44.9087
31736,40.249
31737,39.3558
31738,42.3401
31739,40.362
31740,40.6226
31741,36.9741
31742,41.0476
31743,38.7882
31744,38.9495
31745,43.1443
31746,39.5964
31747,37.2118
31748,40.6377
31749,41.4003
31750,40.4095
31751,43.1053
31752,41.1751
31753,37.5043
31754,41.5605
31755,37.9304
31756,38.4387
31757,38.0574
31758,42.6399
31759,40.7366
31760,40.0937
31761,38.5956
31762,40.0889
31763,41.1406
31764,39.1491
31765,41.5112
31766,39.7933
31767,40.9493
31768,40.0212
31769,40.7572
31770,41.2229
31771,42.0519
31772,42.1484
31773,42.2068
31774,42.2823
31775,41.8968
31776,39.0829
31777,42.1867
31778,43.1964
31779,43.3206
31780,40.2617
31781,36.8048
31782,40.3955
31783,40.7044
31784,36.4068
31785,38.8849
31786,37.557
31787,39.0154
31788,40.2406
31789,39.9303
31790,41.0903
31791,38.8312
31792,36.9428
31793,37.3757
31794,40.9347
31795,38.1609
31796,38.2442
31797,44.2758
31798,41.7578
31799,41.8122
31800,42.5478
31801,38.5798
31802,38.0141
31803,43.1421
31804,37.6178
31805,37.0961
31806,38.7361
31807,40.8807
31808,38.3896
31809,36.7056
31810,37.7525
31811,39.0496
31812,40.1973
31813,38.2151
31814,38.2866
31815,38.757
31816,41.4185
31817,42.4197
31818,37.0189
31819,42.1003
31820,40.0386
31821,40.0564
31822,44.5341
31823,44.6331
31824,37.231
31825,40.4836
31826,40.5863
31827,36.2653
31828,40.6978
31829,37.8485
31830,39.2663
31831,39.8367
31832,40.5917
31833,45.2831
31834,41.6315
31835,41.6983
31836,42.0004
31837,39.8118
31838,43.5455
31839,43.8898
31840,38.3278
31841,39.8907
31842,40.5599
31843,44.2257
31844,41.6907
31845,37.8521
31846,38.3786
31847,43.316
31848,38.3144
31849,40.3533
31850,38.4052
31851,38.4937
31852,38.7175
31853,41.0815
31854,39.1808
31855,37.8445
31856,43.6006
31857,41.6047
31858,40.1267
31859,40.9093
31860,36.2776
31861,41.788
31862,42.707
31863,37.0761
31864,39.6408
31865,37.9361
31866,40.6997
31867,41.8477
31868,42.2134
31869,38.6214
31870,42.8811
31871,44.1295
31872,39.6802
31873,41.2777
31874,42.2533
31875,36.6038
31876,38.8946
31877,44.4001
31878,40.7988
31879,41.3534
31880,40.9602
31881,40.9838
31882,41.0038
31883,42.3592
31884,37.4815
31885,37.3929
31886,41.5653
31887,44.1148
31888,38.6023
31889,39.7161
31890,42.2226
31891,36.5777
31892,43.6867
31893,41.2418
31894,40.6095
31895,38.1534
31896,40.586
31897,38.8239
31898,38.9882
31899,39.0199
31900,38.897
31901,40.3269
31902,42.166
31903,40.3348
31904,40.5115
31905,41.6924
31906,40.1543
31907,40.8761
31908,42.3504
31909,40.6968
31910,41.2976
31911,43.4675
31912,38.4176
31913,40.3015
31914,41.9064
31915,36.779
31916,39.8748
31917,43.7409
31918,38.9718
31919,40.3301
31920,37.4366
31921,39.6328
31922,37.8532
31923,38.04
31924,39.0725
31925,39.5141
31926,38.6747
31927,40.1023
31928,41.1668
31929,41.3206
31930,40.7897
31931,42.9369
31932,38.0854
31933,43.4768
31934,43.9435
31935,38.5286
31936,38.7271
31937,43.4137
31938,40.447
31939,40.777
31940,42.8912
31941,41.1645
31942,38.2974
31943,37.5782
31944,38.0813
31945,42.1803
31946,41.1039
31947,39.2487
31948,39.4497
31949,39.5241
31950,41.6941
31951,43.7578
31952,40.0147
31953,42.2753
31954,42.1452
31955,40.4083
31956,34.9728
31957,39.3854
31958,37.7551
31959,38.1064
31960,38.046
31961,38.1864
31962,34.3948
31963,43.022
31964,42.2307
31965,39.6425
31966,35.9471
31967,41.3609
31968,41.5948
31969,40.7749
31970,41.827
31971,37.8589
31972,38.411
31973,40.6636
31974,36.6743
31975,39.0876
31976,42.318
31977,39.335
31978,41.4166
31979,40.9914
31980,38.785
31981,42.8048
31982,37.8948
31983,39.951
31984,40.1148
31985,38.1748
31986,40.2326
31987,36.5155
31988,40.7866
31989,41.4194
31990,41.6098
31991,41.8448
31992,38.1183
31993,39.375
31994,39.4967
31995,37.5893
31996,39.6496
31997,41.1022
31998,40.3658
31999,40.5962
32000,40.6562
32001,45.7819
32002,41.3325
32003,39.1038
32004,39.7827
32005,40.9716
32006,41.901
32007,37.9203
32008,39.6884
32009,41.1142
32010,43.1731
32011,37.2227
32012,42.2337
32013,37.6817
32014,38.802
32015,41.3091
32016,39.4385
32017,37.587
32018,38.9267
32019,38.6253
32020,39.0455
32021,39.4488
32022,40.1593
32023,39.6057
32024,42.7221
32025,42.7516
32026,43.1112
32027,40.3003
32028,38.5773
32029,41.6424
32030,38.2003
32031,40.2821
32032,37.3525
32033,42.4601
32034,40.4713
32035,41.3152
32036,43.0261
32037,41.3664
32038,37.2013
32039,41.6525
32040,41.8334
32041,38.2926
32042,39.6319
32043,41.0144
32044,39.1152
32045,37.2907
32046,40.4324
32047,39.564
32048,35.8628
32049,36.9493
32050,36.9862
32051,39.668
32052,42.9892
32053,38.8514
32054,36.9014
32055,41.157
32056,40.3397
32057,40.3481
32058,39.4722
32059,40.5478
32060,38.1606
32061,42.3756
32062,38.7365
32063,41.2051
32064,40.4436
32065,41.756
32066,39.0097
32067,39.7605
32068,43.8143
32069,39.8894
32070,40.0904
32071,40.4584
32072,40.7023
32073,41.1326
32074,40.3636
32075,41.787
32076,41.9432
32077,37.9685
32078,36.335
32079,42.9289
32080,39.3337
32081,38.9822
32082,39.7172
32083,39.0609
32084,42.0879
32085,40.2025
32086,41.4062
32087,43.7302
32088,38.887
32089,42.6566
32090,39.0224
32091,38.4668
32092,38.6151
32093,39.3579
32094,42.464
32095,39.9453
32096,41.2765
32097,41.3328
32098,40.6646
32099,42.4439
32100,37.1881
32101,41.8809
32102,39.3045
32103,39.9039
32104,40.6106
32105,41.0982
32106,38.5499
32107,38.5883
32108,44.6348
32109,39.6367
32110,36.1655
32111,39.4947
32112,38.6035
32113,39.7581
32114,39.2853
32115,39.4059
32116,39.4639
32117,40.6533
32118,40.6964
32119,38.4851
32120,42.0152
32121,41.4823
32122,36.9634
32123,39.389
32124,37.8462
32125,41.0127
32126,45.0257
32127,38.104
32128,40.1775
32129,40.2517
32130,35.3282
32131,41.4903
32132,42.2474
32133,39.5612
32134,39.5709
32135,41.8537
32136,40.2027
32137,42.2547
32138,44.1227
32139,44.2916
32140,40.3075
32141,40.6568
32142,39.9397
32143,36.959
32144,39.9674
32145,40.0658
32146,41.0743
32147,41.1946
32148,38.9633
32149,44.078
32150,41.2557
32151,40.3465
32152,38.4922
32153,39.505
32154,40.0563
32155,43.0962
32156,40.1516
32157,36.4967
32158,37.6257
32159,36.0545
32160,37.0857
32161,38.2811
32162,43.1635
32163,38.3788
32164,37.6762
32165,40.9381
32166,41.1027
32167,43.684
32168,40.8162
32169,36.8219
32170,37.1863
32171,39.213
32172,38.4128
32173,41.527
32174,38.7945
32175,39.1159
32176,39.8555
32177,38.51
32178,40.5644
32179,35.5911
32180,38.461
32181,41.4694
32182,36.8359
32183,39.4727
32184,40.9206
32185,41.0816
32186,40.1338
32187,39.7378
32188,40.4394
32189,41.0165
32190,41.1481
32191,36.4153
32192,42.7767
32193,41.807
32194,41.7095
32195,38.2756
32196,37.6694
32197,41.253
32198,40.1091
32199,37.4693
32200,39.3025
32201,39.3358
32202,40.4923
32203,41.5007
32204,40.708
32205,39.809
32206,39.1635
32207,41.2286
32208,39.2225
32209,41.4663
32210,41.6522
32211,43.7809
32212,41.0012
32213,42.0902
32214,40.2297
32215,42.3055
32216,42.0908
32217,39.0242
32218,39.1585
32219,43.4853
32220,38.7217
32221,38.1659
32222,40.8201
32223,39.8826
32224,37.164
32225,38.3313
32226,38.4072
32227,37.4844
32228,37.6152
32229,39.7231
32230,40.735
32231,39.7485
32232,39.7863
32233,41.2468
32234,38.2249
32235,38.8486
32236,39.761
32237,44.7694
32238,40.9384
32239,40.9468
32240,40.5504
32241,37.2003
32242,38.233
32243,38.3864
32244,37.5192
32245,37.6285
32246,41.9055
32247,40.1309
32248,37.1422
32249,38.4791
32250,39.5737
32251,38.7074
32252,38.8534
32253,43.2244
32254,39.6434
32255,39.796
32256,39.9713
32257,40.2597
32258,40.5563
32259,40.6381
32260,41.4339
32261,41.4437
32262,42.6941
32263,39.7839
32264,39.7923
32265,40.8142
32266,42.8754
32267,37.5039
32268,42.8213
32269,41.1146
32270,38.2173
32271,38.1535
32272,39.2775
32273,39.3435
32274,41.7991
32275,38.3503
32276,42.5841
32277,38.9868
32278,39.9415
32279,40.6659
32280,38.0288
32281,42.0827
32282,37.1908
32283,38.4378
32284,41.5025
32285,37.534
32286,42.9089
32287,39.0406
32288,39.2093
32289,38.2591
32290,39.6702
32291,43.1767
32292,40.9359
32293,39.2224
32294,40.9799
32295,42.4578
32296,37.9151
32297,40.1537
32298,43.2859
32299,40.3408
32300,39.48
32301,42.9406
32302,34.6533
32303,45.1567
32304,38.0997
32305,39.2825
32306,34.0273
32307,40.0761
32308,41.4195
32309,40.5301
32310,42.7679
32311,36.0958
32312,40.8416
32313,43.9882
32314,40.5896
32315,38.9043
32316,40.3386
32317,43.5963
32318,40.8157
32319,37.3195
32320,35.6723
32321,40.0704
32322,45.0734
32323,37.3795
32324,41.5829
32325,42.2823
32326,37.5885
32327,38.6337
32328,39.3502
32329,39.5922
32330,41.2947
32331,37.7285
32332,36.0646
32333,36.3392
32334,39.9189
32335,39.4991
32336,39.143
32337,34.4278
32338,40.1522
32339,38.9896
32340,43.1712
32341,39.2906
32342,38.9315
32343,39.3433
32344,41.603
32345,39.7291
32346,40.3901
32347,41.3894
32348,39.5899
32349,42.0978
32350,41.3033
32351,44.1253
32352,41.3577
32353,35.9851
32354,44.1248
32355,41.2736
32356,37.7381
32357,38.0002
32358,39.1128
32359,43.6913
32360,39.557
32361,40.5722
32362,39.9202
32363,36.286
32364,40.4821
32365,38.7552
32366,41.775
32367,41.086
32368,41.3383
32369,37.6411
32370,40.2481
32371,36.8767
32372,36.0302
32373,44.0477
32374,40.1266
32375,41.716
32376,39.8222
32377,37.3208
32378,37.8071
32379,41.0059
32380,35.1193
32381,39.4022
32382,40.0834
32383,38.7042
32384,38.8273
32385,37.9206
32386,40.9291
32387,39.196
32388,37.6485
32389,41.712
32390,40.9213
32391,38.9297
32392,42.0858
32393,40.3035
32394,44.281
32395,41.6551
32396,41.2331
32397,39.0442
32398,39.9982
32399,42.0663
32400,42.1962
32401,39.533
32402,41.6337
32403,37.1373
32404,38.8665
32405,39.0407
32406,41.3835
32407,40.5827
32408,39.6324
32409,38.9415
32410,38.2846
32411,40.3999
32412,39.7228
32413,42.2564
32414,41.8379
32415,40.9236
32416,44.0739
32417,39.1091
32418,44.5512
32419,45.2563
32420,38.3566
32421,40.6825
32422,42.6773
32423,38.7379
32424,42.0904
32425,39.4032
32426,41.0626
32427,40.2142
32428,39.8795
32429,39.369
32430,39.5851
32431,40.3393
32432,40.7887
32433,42.6203
32434,41.9672
32435,39.9385
32436,39.1915
32437,40.6271
32438,37.6827
32439,38.1094
32440,42.1242
32441,41.0517
32442,39.6723
32443,40.3412
32444,40.5432
32445,39.1846
32446,39.9111
32447,40.1461
32448,37.2617
32449,40.1868
32450,39.6211
32451,41.2739
32452,41.2529
32453,39.4722
32454,39.9072
32455,40.1774
32456,38.6274
32457,40.7571
32458,39.0871
32459,41.107
32460,45.0551
32461,40.562
32462,42.1133
32463,40.246
32464,37.3143
32465,40.4337
32466,38.5186
32467,40.7438
32468,42.8777
32469,37.9386
32470,39.2269
32471,38.9785
32472,39.6678
32473,44.7305
32474,40.2465
32475,36.4985
32476,38.6032
32477,41.675
32478,38.7076
32479,41.5036
32480,40.7774
32481,41.0919
32482,39.6204
32483,43.7249
32484,41.053
32485,40.7245
32486,43.4437
32487,40.9901
32488,39.667
32489,38.2611
32490,39.5213
32491,38.8442
32492,41.2858
32493,39.8281
32494,45.9572
32495,39.9689
32496,36.6219
32497,39.7045
32498,38.8594
32499,42.0816
32500,40.3081
32501,38.3574
32502,40.4522
32503,40.5166
32504,36.939
32505,42.2871
32506,39.2956
32507,42.8955
32508,40.2538
32509,40.453
32510,41.8239
32511,41.9533
32512,43.0514
32513,39.5173
32514,36.7339
32515,37.5805
32516,44.7037
32517,37.2655
32518,42.6128
32519,39.8151
32520,41.086
32521,39.5756
32522,40.9018
32523,36.7199
32524,40.2828
32525,41.5869
32526,41.0337
32527,41.5057
32528,39.6134
32529,40.5138
32530,41.1057
32531,36.1296
32532,41.3095
32533,40.6604
32534,39.7781
32535,40.0253
32536,43.5133
32537,37.7189
32538,40.7617
32539,42.6039
32540,38.6443
32541,41.6575
32542,42.2341
32543,38.5563
32544,38.8941
32545,40.0899
32546,38.6464
32547,37.648
32548,39.7987
32549,39.9394
32550,38.2344
32551,41.5662
32552,39.2185
32553,39.2812
32554,39.5857
32555,39.8796
32556,40.2975
32557,41.8449
32558,42.2982
32559,44.3161
32560,36.0837
32561,37.4624
32562,42.6667
32563,38.25
32564,38.682
32565,38.6
32566,36.8805
32567,43.9724
32568,37.946
32569,41.4702
32570,40.4532
32571,44.3394
32572,36.9618
32573,40.3237
32574,38.5812
32575,43.6586
32576,39.2776
32577,38.6423
32578,39.7093
32579,40.9934
32580,39.1499
32581,39.3896
32582,40.5568
32583,38.8747
32584,39.3109
32585,42.5492
32586,38.7931
32587,41.0866
32588,39.1913
32589,36.4376
32590,42.81
32591,38.8267
32592,36.1421
32593,38.6993
32594,44.5686
32595,37.7211
32596,40.1179
32597,40.4189
32598,40.6063
32599,42.8628
32600,41.0045
32601,40.5122
32602,40.2258
32603,38.8577
32604,39.4156
32605,36.7897
32606,37.0289
32607,39.1963
32608,37.2389
32609,39.4833
32610,39.7022
32611,36.5036
32612,40.5957
32613,40.0034
32614,36.9462
32615,37.1463
32616,37.3153
32617,37.3352
32618,39.3977
32619,37.7162
32620,37.9284
32621,38.296
32622,38.3652
32623,38.3808
32624,38.9038
32625,38.9487
32626,39.3728
32627,37.5296
32628,39.5743
32629,39.8449
32630,39.0047
32631,40.106
32632,40.4706
32633,39.6443
32634,39.6889
32635,40.8501
32636,43.1269
32637,41.2917
32638,42.1369
32639,40.7482
32640,41.9663
32641,38.0216
32642,43.03
32643,45.3088
32644,38.3172
32645,41.3256
32646,43.9755
32647,38.9021
32648,37.0959
32649,39.6758
32650,36.6842
32651,39.7711
32652,39.8672
32653,39.8804
32654,37.9624
32655,37.2914
32656,41.4367
32657,38.7319
32658,39.0043
32659,41.2506
32660,35.7683
32661,39.936
32662,41.9487
32663,42.7433
32664,38.7548
32665,43.0426
32666,39.178
32667,39.2507
32668,41.9683
32669,39.3466
32670,38.9845
32671,39.654
32672,39.8279
32673,35.7002
32674,40.5527
32675,37.6604
32676,42.9457
32677,40.5278
32678,39.5993
32679,40.5242
32680,36.5835
32681,36.5982
32682,37.7007
32683,36.8913
32684,38.9072
32685,39.3595
32686,39.391
32687,39.747
32688,40.8024
32689,38.2759
32690,39.3789
32691,42.9084
32692,38.7742
32693,38.8826
32694,41.2524
32695,36.3509
32696,39.9525
32697,40.4002
32698,38.5513
32699,37.2126
32700,38.1086
32701,38.4257
32702,40.0165
32703,42.6376
32704,41.7626
32705,45.0998
32706,37.2678
32707,41.6854
32708,37.1562
32709,40.242
32710,39.6552
32711,47.8031
32712,38.9266
32713,36.1651
32714,42.1469
32715,44.4866
32716,43.1754
32717,37.8977
32718,37.3101
32719,37.5723
32720,37.9571
32721,41.6253
32722,38.6755
32723,40.2153
32724,41.3284
32725,39.3571
32726,40.8124
32727,39.907
32728,38.1462
32729,38.6097
32730,38.4012
32731,39.9137
32732,40.8905
32733,41.3598
32734,38.4067
32735,40.8177
32736,41.8369
32737,40.4262
32738,40.4391
32739,43.5287
32740,44.3991
32741,38.0906
32742,41.7393
32743,38.9529
32744,41.5116
32745,34.9625
32746,45.0109
32747,40.2609
32748,38.2537
32749,44.4377
32750,41.1199
32751,38.51
32752,40.619
32753,40.2794
32754,40.4267
32755,38.6447
32756,40.4831
32757,43.0338
32758,38.1853
32759,42.5024
32760,39.5712
32761,38.8696
32762,39.4674
32763,41.6533
32764,38.4766
32765,39.9785
32766,41.7361
32767,37.8887
32768,39.1006
32769,40.9029
32770,43.2246
32771,42.1225
32772,44.1548
32773,33.2114
32774,39.8464
32775,37.2174
32776,39.3937
32777,37.7984
32778,37.8764
32779,42.8849
32780,37.8797
32781,41.0246
32782,41.1078
32783,42.1215
32784,38.2532
32785,38.372
32786,38.4539
32787,40.114
32788,40.8656
32789,38.4136
32790,38.6964
32791,41.736
32792,40.8401
32793,41.0469
32794,41.2749
32795,38.8186
32796,38.8483
32797,39.2357
32798,39.5089
32799,39.0094
32800,39.2673
32801,40.8007
32802,39.0424
32803,41.2999
32804,41.3084
32805,41.4422
32806,41.7563
32807,43.1267
32808,36.3992
32809,38.9426
32810,41.123
32811,40.2156
32812,36.8814
32813,40.0103
32814,41.0205
32815,39.4378
32816,42.5872
32817,39.8668
32818,40.0916
32819,40.066
32820,36.3409
32821,41.5452
32822,39.8682
32823,38.7395
32824,38.9118
32825,46.1277
32826,39.3193
32827,42.4081
32828,40.0517
32829,40.1005
32830,40.4155
32831,39.1948
32832,38.277
32833,40.6192
32834,42.0414
32835,41.225
32836,41.3424
32837,41.5122
32838,39.1951
32839,45.7907
32840,42.8414
32841,38.9668
32842,38.1883
32843,37.8306
32844,37.9543
32845,41.303
32846,40.4867
32847,42.6353
32848,40.799
32849,41.0818
32850,40.1981
32851,41.4802
32852,40.7588
32853,38.1904
32854,39.1885
32855,37.3325
32856,41.4377
32857,41.7778
32858,42.1306
32859,37.167
32860,40.5486
32861,38.6734
32862,37.6967
32863,36.9084
32864,43.1773
32865,38.368
32866,38.3765
32867,38.901
32868,39.4212
32869,39.8426
32870,39.8381
32871,38.3256
32872,38.3536
32873,34.5506
32874,40.559
32875,40.3516
32876,39.4823
32877,41.8144
32878,44.0543
32879,39.5246
32880,40.6344
32881,37.7547
32882,38.1639
32883,38.1724
32884,39.7323
32885,40.8493
32886,39.1373
32887,41.3039
32888,40.4928
32889,39.5379
32890,39.8032
32891,39.8145
32892,41.0695
32893,40.7902
32894,40.9821
32895,41.4249
32896,41.9224
32897,37.442
32898,41.5793
32899,42.8103
32900,38.7718
32901,39.7201
32902,38.2238
32903,41.2713
32904,39.3622
32905,42.5541
32906,38.7031
32907,40.9622
32908,39.7284
32909,40.0655
32910,35.1606
32911,38.8835
32912,41.7895
32913,42.1487
32914,35.2698
32915,39.303
32916,42.3395
32917,40.8042
32918,40.0182
32919,39.4297
32920,38.8245
32921,39.8288
32922,39.9657
32923,40.7143
32924,37.9246
32925,40.9797
32926,39.1193
32927,41.5496
32928,42.1331
32929,38.7992
32930,41.9328
32931,41.9652
32932,41.7402
32933,38.1568
32934,42.2112
32935,38.567
32936,41.3809
32937,39.5908
32938,38.8642
32939,40.5749
32940,42.1572
32941,39.5904
32942,40.0268
32943,39.4219
32944,41.3137
32945,37.1856
32946,38.2668
32947,40.3975
32948,42.4203
32949,41.1127
32950,40.6373
32951,39.9269
32952,41.1275
32953,42.7156
32954,35.77
32955,37.9434
32956,43.1189
32957,39.9439
32958,41.1246
32959,42.4606
32960,42.5467
32961,42.6766
32962,38.7088
32963,41.3958
32964,40.3372
32965,38.6671
32966,38.8137
32967,41.9814
32968,39.5847
32969,40.962
32970,38.4686
32971,38.7905
32972,40.9841
32973,41.0929
32974,40.1614
32975,42.3563
32976,40.4331
32977,40.8074
32978,38.9793
32979,39.0112
32980,38.4871
32981,40.7153
32982,40.1647
32983,41.4739
32984,39.487
32985,42.4072
32986,40.7956
32987,41.9957
32988,37.2336
32989,42.3011
32990,44.3465
32991,37.3344
32992,43.0356
32993,41.97
32994,40.3896
32995,40.4917
32996,40.5087
32997,33.5213
32998,34.3288
32999,41.3549
33000,42.7042
33001,37.9891
33002,39.0373
33003,39.3996
33004,41.5351
33005,39.7692
33006,42.2392
33007,40.5791
33008,42.6293
33009,40.6485
33010,41.3903
33011,42.0047
33012,42.0653
33013,40.0226
33014,39.9669
33015,33.591
33016,37.8089
33017,38.302
33018,39.0277
33019,37.1678
33020,35.331
33021,39.3394
33022,38.9561
33023,40.2044
33024,38.8333
33025,37.7298
33026,40.3393
33027,38.9199
33028,41.1025
33029,41.2177
33030,41.2964
33031,39.8058
33032,40.2806
33033,42.4054
33034,40.4724
33035,42.5312
33036,42.1986
33037,41.6304
33038,39.5512
33039,40.2595
33040,40.2003
33041,39.1141
33042,39.5147
33043,41.0176
33044,41.0884
33045,41.028
33046,42.0751
33047,36.1122
33048,35.968
33049,37.8784
33050,39.2965
33051,38.3915
33052,39.5492
33053,39.4912
33054,36.7675
33055,37.111
33056,38.1647
33057,39.8979
33058,40.9682
33059,42.004
33060,38.2149
33061,36.6922
33062,38.7588
33063,40.1438
33064,38.3177
33065,40.5555
33066,35.871
33067,38.5683
33068,40.9743
33069,40.1442
33070,38.9582
33071,41.3592
33072,42.2811
33073,40.6764
33074,41.1602
33075,38.4725
33076,38.5665
33077,39.3329
33078,39.4739
33079,40.4999
33080,40.6882
33081,39.9342
33082,40.5777
33083,44.8077
33084,42.9788
33085,43.9916
33086,37.0547
33087,39.4938
33088,42.7637
33089,37.9613
33090,41.1981
33091,40.6393
33092,42.2546
33093,39.4443
33094,41.0636
33095,42.3994
33096,44.5641
33097,42.3407
33098,40.4108
33099,39.0363
33100,39.6548
33101,37.6632
33102,39.7256
33103,38.2484
33104,40.5015
33105,42.7486
33106,41.8415
33107,34.5733
33108,37.8464
33109,38.5121
33110,37.678
33111,38.6877
33112,38.1593
33113,41.2086
33114,36.3306
33115,38.7528
33116,36.8305
33117,38.8916
33118,39.7352
33119,39.0533
33120,40.4123
33121,40.4645
33122,43.0804
33123,42.1611
33124,42.4125
33125,39.9775
33126,37.1287
33127,42.2027
33128,40.5187
33129,38.7888
33130,40.9981
33131,39.4154
33132,41.374
33133,40.3965
33134,40.6712
33135,40.7833
33136,41.2693
33137,37.4449
33138,41.7747
33139,38.7093
33140,39.197
33141,38.3963
33142,38.3528
33143,39.4276
33144,36.0052
33145,38.2031
33146,38.7356
33147,40.9784
33148,38.3104
33149,38.3551
33150,39.0438
33151,38.7466
33152,40.1119
33153,41.2055
33154,40.2139
33155,40.6606
33156,40.0362
33157,37.7107
33158,38.6292
33159,38.8194
33160,34.3064
33161,40.1925
33162,43.3797
33163,38.4127
33164,41.2342
33165,38.8189
33166,40.1691
33167,41.185
33168,42.3397
33169,37.4667
33170,36.7174
33171,36.8434
33172,38.0912
33173,43.1378
33174,38.2919
33175,41.4157
33176,40.5946
33177,37.951
33178,39.3534
33179,39.5683
33180,40.1098
33181,44.5044
33182,37.6157
33183,40.2434
33184,43.1
33185,42.382
33186,35.5274
33187,40.8932
33188,37.8321
33189,40.7788
33190,39.3944
33191,39.5438
33192,40.7671
33193,39.9085
33194,40.3079
33195,39.501
33196,37.0082
33197,39.1706
33198,39.6176
33199,39.7982
33200,40.3308
33201,35.1998
33202,41.2928
33203,40.2012
33204,39.5599
33205,37.1002
33206,38.2553
33207,41.2748
33208,35.4277
33209,39.0728
33210,39.37
33211,39.6433
33212,39.7377
33213,39.994
33214,39.8555
33215,40.1636
33216,41.2517
33217,41.5718
33218,34.947
33219,40.9849
33220,42.9441
33221,44.1159
33222,37.4616
33223,37.9729
33224,39.3277
33225,41.0459
33226,41.1224
33227,41.1659
33228,39.1853
33229,38.2168
33230,40.1957
33231,36.3136
33232,39.1066
33233,40.1871
33234,39.4028
33235,43.7248
33236,40.2839
33237,44.5716
33238,35.7573
33239,41.4
33240,39.7625
33241,36.4592
33242,37.0154
33243,37.9565
33244,38.2296
33245,41.0235
33246,39.47
33247,36.9534
33248,37.2769
33249,41.2195
33250,38.4096
33251,44.1361
33252,39.6083
33253,45.8582
33254,41.051
33255,41.2073
33256,39.019
33257,42.3295
33258,40.5739
33259,37.1301
33260,41.7545
33261,39.8349
33262,40.8594
33263,40.3218
33264,42.9993
33265,42.4924
33266,39.6945
33267,40.0331
33268,41.3349
33269,38.6936
33270,37.7478
33271,37.9101
33272,42.0058
33273,39.1057
33274,44.1158
33275,41.6829
33276,41.2628
33277,40.5083
33278,40.4761
33279,38.4845
33280,39.5066
33281,40.2051
33282,39.5785
33283,40.8253
33284,39.0901
33285,39.1716
33286,39.394
33287,40.5189
33288,39.689
33289,40.6974
33290,41.5095
33291,39.8689
33292,41.769
33293,38.9599
33294,38.9686
33295,36.2307
33296,42.7655
33297,39.9663
33298,41.2579
33299,42.2114
33300,38.4331
33301,43.4415
33302,39.7267
33303,37.9533
33304,36.6498
33305,40.6251
33306,37.9206
33307,40.9606
33308,41.43
33309,39.1718
33310,40.0975
33311,41.3824
33312,38.066
33313,44.1098
33314,40.9605
33315,37.8791
33316,41.5625
33317,39.2715
33318,39.7961
33319,40.002
33320,38.2685
33321,36.7378
33322,40.083
33323,38.0953
33324,38.0752
33325,38.5444
33326,41.3245
33327,40.5344
33328,38.075
33329,41.3379
33330,38.3645
33331,38.8913
33332,39.7311
33333,38.2446
33334,39.4726
33335,37.6184
33336,38.6528
33337,40.7058
33338,40.8114
33339,41.1474
33340,41.4623
33341,40.0689
33342,37.2977
33343,40.8106
33344,40.6951
33345,41.9433
33346,39.0896
33347,42.1103
33348,38.3998
33349,38.5038
33350,41.6764
33351,42.8392
33352,36.9809
33353,40.858
33354,39.9069
33355,41.1444
33356,37.2823
33357,38.377
33358,38.9549
33359,39.8904
33360,43.5189
33361,40.5664
33362,40.7123
33363,36.8501
33364,41.4644
33365,39.521
33366,39.7602
33367,38.9022
33368,39.9165
33369,40.1073
33370,38.1565
33371,40.9388
33372,42.221
33373,39.3413
33374,39.8909
33375,41.3667
33376,46.5615
33377,43.8878
33378,36.1314
33379,41.7224
33380,42.8338
33381,44.0943
33382,44.2035
33383,44.5038
33384,41.3403
33385,41.7665
33386,39.6545
33387,39.8078
33388,41.8908
33389,41.9066
33390,40.0169
33391,43.1897
33392,44.1216
33393,39.1288
33394,41.2038
33395,41.7393
33396,38.8493
33397,42.8708
33398,37.4833
33399,39.6533
33400,41.7066
33401,41.7745
33402,37.0843
33403,39.2009
33404,42.4113
33405,38.4256
33406,42.8587
33407,41.1281
33408,38.5324
33409,38.689
33410,42.9401
33411,43.0644
33412,40.5946
33413,40.864
33414,39.9485
33415,37.0461
33416,40.6334
33417,38.151
33418,38.8907
33419,38.2106
33420,35.6589
33421,36.4361
33422,41.6798
33423,39.8189
33424,42.6459
33425,40.9857
33426,37.2902
33427,38.6152
33428,41.0645
33429,38.5257
33430,39.6372
33431,41.6719
33432,39.7028
33433,42.8664
33434,40.5349
33435,44.769
33436,37.0165
33437,39.6369
33438,40.6554
33439,43.8626
33440,39.4887
33441,42.112
33442,40.2338
33443,39.4521
33444,41.8087
33445,42.5035
33446,36.6813
33447,43.1932
33448,42.1002
33449,38.1617
33450,39.2197
33451,39.5726
33452,39.0032
33453,36.6563
33454,42.1682
33455,38.5673
33456,42.6184
33457,40.5224
33458,42.1736
33459,41.4054
33460,40.7249
33461,41.7785
33462,37.899
33463,45.9074
33464,39.3769
33465,38.0016
33466,39.9662
33467,39.2487
33468,40.544
33469,36.2933
33470,42.6408
33471,37.7049
33472,39.2298
33473,37.2788
33474,40.5421
33475,37.3335
33476,39.4445
33477,37.9015
33478,38.8179
33479,40.3527
33480,37.8449
33481,41.1659
33482,39.285
33483,36.7521
33484,38.0848
33485,44.1069
33486,41.308
33487,41.7154
33488,39.2971
33489,42.0454
33490,37.1717
33491,37.2094
33492,37.4203
33493,38.0761
33494,38.492
33495,38.8812
33496,39.3916
33497,33.5882
33498,39.652
33499,40.6634
33500,37.742
33501,38.8506
33502,39.0817
33503,41.1491
33504,39.1647
33505,40.1859
33506,39.4893
33507,40.5715
33508,39.7002
33509,38.1067
33510,41.0145
33511,41.1667
33512,39.3589
33513,37.6693
33514,40.2762
33515,42.2858
33516,34.8006
33517,38.8313
33518,41.9895
33519,39.2069
33520,43.4411
33521,37.1736
33522,38.9659
33523,35.1165
33524,41.5226
33525,40.6573
33526,37.3221
33527,39.6963
33528,36.8498
33529,37.0452
33530,37.517
33531,37.8549
33532,38.7704
33533,41.1911
33534,37.2906
33535,39.643
33536,37.7518
33537,40.8921
33538,40.1561
33539,40.3077
33540,39.8047
33541,40.8375
33542,37.9215
33543,38.5399
33544,40.7945
33545,38.9927
33546,41.2136
33547,39.6523
33548,41.1996
33549,40.2274
33550,43.0528
33551,39.7802
33552,40.8671
33553,40.0838
33554,37.8649
33555,40.1818
33556,37.3667
33557,37.4172
33558,44.4258
33559,37.4366
33560,39.5682
33561,39.6615
33562,39.6875
33563,39.8889
33564,39.9361
33565,37.0655
33566,41.4216
33567,37.5335
33568,44.4805
33569,40.6908
33570,38.4969
33571,41.5099
33572,41.7725
33573,38.1401
33574,37.3521
33575,42.592
33576,40.9566
33577,41.5312
33578,39.5849
33579,44.4267
33580,38.4589
33581,38.5922
33582,39.0499
33583,39.6735
33584,40.682
33585,41.3325
33586,40.3576
33587,39.3756
33588,38.6977
33589,42.0488
33590,41.3156
33591,43.473
33592,36.1646
33593,42.3104
33594,38.1636
33595,44.185
33596,38.3983
33597,43.429
33598,39.5723
33599,38.5094
33600,37.9375
33601,38.1171
33602,39.5722
33603,37.1217
33604,38.9618
33605,39.1349
33606,42.3808
33607,40.6494
33608,39.9883
33609,39.2427
33610,37.9378
33611,40.045
33612,44.2862
33613,38.5924
33614,42.0914
33615,39.7135
33616,40.814
33617,38.0145
33618,38.1825
33619,41.2617
33620,39.3163
33621,39.7356
33622,39.9036
33623,38.3207
33624,40.8486
33625,37.9198
33626,42.564
33627,37.6025
33628,37.7405
33629,39.9636
33630,37.9876
33631,43.0434
33632,38.6726
33633,41.3713
33634,35.4587
33635,38.7549
33636,36.5803
33637,42.6622
33638,43.7954
33639,40.8498
33640,41.0927
33641,37.2921
33642,39.4951
33643,38.0247
33644,38.0872
33645,39.2691
33646,37.3514
33647,38.4478
33648,42.5533
33649,38.7508
33650,36.8992
33651,36.9878
33652,39.1705
33653,39.213
33654,39.2675
33655,39.4219
33656,39.5878
33657,39.6108
33658,39.7487
33659,44.0427
33660,40.2183
33661,40.2757
33662,40.3989
33663,37.4178
33664,40.6884
33665,41.101
33666,39.096
33667,39.1373
33668,44.1664
33669,39.274
33670,40.3485
33671,39.4697
33672,39.0264
33673,37.3982
33674,38.0469
33675,41.2214
33676,42.5921
33677,41.3601
33678,42.5148
33679,40.6059
33680,40.7993
33681,41.4111
33682,40.8077
33683,42.3873
33684,38.4269
33685,40.6439
33686,38.9324
33687,40.2242
33688,41.1147
33689,39.1233
33690,38.7587
33691,40.3895
33692,39.9515
33693,39.0211
33694,41.3271
33695,41.4069
33696,39.63
33697,36.9009
33698,41.9271
33699,40.4837
33700,40.0867
33701,42.3688
33702,38.6991
33703,38.3065
33704,40.4474
33705,41.8723
33706,35.4688
33707,40.7551
33708,39.7616
33709,39.875
33710,40.5276
33711,38.477
33712,39.8829
33713,39.482
33714,40.7299
33715,40.7383
33716,42.4023
33717,42.5265
33718,42.7878
33719,40.2158
33720,39.2242
33721,40.4996
33722,41.5081
33723,41.567
33724,40.9825
33725,43.033
33726,41.1717
33727,38.6577
33728,40.4653
33729,37.8424
33730,37.8935
33731,37.977
33732,35.0096
33733,43.2505
33734,38.333
33735,40.747
33736,38.4575
33737,40.4791
33738,40.4749
33739,36.43
33740,36.6571
33741,42.6952
33742,39.3988
33743,39.7739
33744,41.3492
33745,41.7459
33746,42.7438
33747,35.9841
33748,36.2429
33749,39.3522
33750,37.6217
33751,40.0287
33752,40.0222
33753,40.9358
33754,42.9466
33755,42.3413
33756,41.6772
33757,41.2149
33758,39.5317
33759,37.5053
33760,41.5142
33761,41.7466
33762,39.9091
33763,40.4798
33764,38.7792
33765,41.5366
33766,39.7938
33767,40.5332
33768,38.0793
33769,39.2849
33770,43.443
33771,39.2347
33772,42.6926
33773,40.5458
33774,35.0362
33775,40.5384
33776,40.8453
33777,37.5638
33778,38.0644
33779,38.233
33780,38.2415
33781,37.495
33782,39.025
33783,40.597
33784,41.4909
33785,39.7091
33786,41.2048
33787,43.453
33788,40.0228
33789,41.2386
33790,42.6551
33791,39.0183
33792,40.054
33793,37.5078
33794,42.7504
33795,41.7009
33796,42.3899
33797,39.2539
33798,37.3215
33799,40.3616
33800,37.411
33801,40.6263
33802,39.9938
33803,41.6758
33804,41.2905
33805,45.7433
33806,39.463
33807,37.6184
33808,37.8342
33809,42.9158
33810,39.5998
33811,40.122
33812,43.1304
33813,39.707
33814,40.9064
33815,39.0433
33816,37.6864
33817,41.859
33818,42.3974
33819,40.8101
33820,40.8688
33821,39.9923
33822,41.4766
33823,42.458
33824,43.2422
33825,37.9562
33826,39.5708
33827,43.6687
33828,38.8267
33829,35.19
33830,39.4207
33831,38.479
33832,38.8347
33833,46.1136
33834,37.5828
33835,38.6837
33836,38.2266
33837,38.2368
33838,40.39
33839,39.3741
33840,40.573
33841,38.8937
33842,39.9082
33843,41.3061
33844,40.5755
33845,37.5977
33846,39.7346
33847,37.9482
33848,41.5546
33849,37.634
33850,38.9562
33851,40.2216
33852,40.6164
33853,38.8939
33854,43.2239
33855,39.6834
33856,39.9676
33857,37.8481
33858,38.5437
33859,38.5822
33860,38.4571
33861,39.8858
33862,40.4019
33863,40.4879
33864,39.6779
33865,40.95
33866,41.2808
33867,42.2061
33868,42.8487
33869,39.898
33870,36.9223
33871,38.6604
33872,37.8414
33873,43.8864
33874,39.4357
33875,40.0544
33876,39.5311
33877,41.1665
33878,36.6156
33879,37.1873
33880,39.7333
33881,38.323
33882,39.0807
33883,39.0891
33884,40.3268
33885,40.6794
33886,42.3202
33887,40.4325
33888,36.7423
33889,40.6427
33890,38.2484
33891,36.6764
33892,39.6931
33893,40.6512
33894,40.9045
33895,41.3836
33896,39.165
33897,39.8834
33898,42.0354
33899,41.0942
33900,40.5159
33901,39.5503
33902,43.648
33903,43.5373
33904,37.5302
33905,43.0604
33906,40.6576
33907,38.8317
33908,39.8885
33909,41.5091
33910,41.5831
33911,42.3107
33912,43.8847
33913,40.7455
33914,41.5054
33915,37.7835
33916,37.2138
33917,38.3919
33918,38.3224
33919,38.7122
33920,38.0658
33921,38.6261
33922,40.6766
33923,39.7851
33924,40.9957
33925,40.2119
33926,41.2362
33927,41.2446
33928,40.5035
33929,40.8757
33930,41.4537
33931,42.6138
33932,40.5196
33933,38.9028
33934,42.1176
33935,36.4583
33936,39.5788
33937,38.6658
33938,38.8086
33939,38.9163
33940,39.2685
33941,38.3372
33942,39.9978
33943,40.0472
33944,40.0641
33945,39.1964
33946,39.2164
33947,39.3242
33948,36.383
33949,36.555
33950,40.8601
33951,36.4023
33952,39.9702
33953,42.2273
33954,38.4454
33955,37.5011
33956,41.6342
33957,41.7334
33958,38.7655
33959,37.8476
33960,37.856
33961,40.8645
33962,42.9018
33963,36.9423
33964,41.9914
33965,39.6562
33966,38.9371
33967,40.3301
33968,39.3802
33969,40.655
33970,41.0253
33971,40.1963
33972,41.3896
33973,39.7675
33974,40.9035
33975,39.2395
33976,38.2202
33977,38.711
33978,38.1425
33979,43.3836
33980,39.4043
33981,39.1032
33982,42.5091
33983,41.1005
33984,39.2126
33985,40.4337
33986,43.5309
33987,42.6074
33988,40.8293
33989,39.8799
33990,42.2872
33991,38.4853
33992,37.8517
33993,38.9851
33994,39.2183
33995,38.2608
33996,39.1517
33997,37.7677
33998,38.4836
33999,42.5434
34000,40.5636
34001,42.7305
34002,38.2287
34003,39.252
34004,40.2604
34005,40.5139
34006,41.1283
34007,40.6756
34008,39.2732
34009,42.2314
34010,41.5605
34011,39.6489
34012,39.8569
34013,40.2595
34014,39.8338
34015,41.2732
34016,40.2886
34017,38.8278
34018,38.2834
34019,41.4902
34020,38.7591
34021,42.9469
34022,44.0608
34023,40.1892
34024,43.4096
34025,36.3818
34026,42.3242
34027,37.4121
34028,40.6651
34029,40.1532
34030,38.0666
34031,42.4616
34032,39.5209
34033,42.7419
34034,39.8113
34035,38.1818
34036,38.411
34037,39.3784
34038,42.5723
34039,39.6757
34040,40.9413
34041,39.7936
34042,39.7715
34043,38.1841
34044,38.2539
34045,38.5671
34046,38.9697
34047,35.8187
34048,40.0089
34049,39.1099
34050,40.3481
34051,44.0838
34052,41.9835
34053,42.0921
34054,42.3146
34055,42.3967
34056,42.4197
34057,42.7436
34058,39.9085
34059,36.3876
34060,38.4236
34061,42.8544
34062,43.3658
34063,40.9051
34064,38.1284
34065,42.5104
34066,38.7654
34067,40.8059
34068,38.6701
34069,41.7746
34070,39.9175
34071,39.9388
34072,40.0478
34073,39.2189
34074,40.4738
34075,40.6374
34076,41.761
34077,38.9271
34078,37.1481
34079,41.6554
34080,41.892
34081,42.7149
34082,37.9864
34083,40.3329
34084,41.1538
34085,38.5433
34086,42.059
34087,42.0863
34088,42.3514
34089,36.4709
34090,37.2601
34091,40.9307
34092,41.0833
34093,41.9391
34094,42.8246
34095,40.0232
34096,41.1977
34097,40.7752
34098,41.8951
34099,40.1065
34100,39.5589
34101,40.4328
34102,43.483
34103,41.6077
34104,38.0561
34105,42.5084
34106,39.2059
34107,36.4698
34108,36.7902
34109,39.3111
34110,38.4707
34111,40.764
34112,37.0634
34113,41.3087
34114,41.8121
34115,42.0799
34116,43.4362
34117,41.9703
34118,41.101
34119,37.5746
34120,42.7143
34121,42.2915
34122,40.3333
34123,38.6755
34124,37.7903
34125,41.9154
34126,40.7171
34127,37.1206
34128,43.7358
34129,43.8677
34130,40.2121
34131,44.4109
34132,40.6412
34133,42.8697
34134,39.3019
34135,37.546
34136,42.8536
34137,41.7405
34138,39.3372
34139,39.4774
34140,42.6827
34141,43.0629
34142,40.2942
34143,43.7509
34144,38.4484
34145,42.8076
34146,41.8267
34147,39.2436
34148,36.8513
34149,37.1635
34150,42.6436
34151,41.763
34152,40.8527
34153,41.174
34154,38.8434
34155,40.0857
34156,39.3723
34157,39.3816
34158,39.9219
34159,43.4865
34160,40.6887
34161,40.9248
34162,38.2543
34163,41.4143
34164,36.9553
34165,42.4718
34166,42.6964
34167,35.2041
34168,37.9853
34169,40.4637
34170,41.8708
34171,41.0434
34172,40.0545
34173,44.3905
34174,38.4024
34175,43.9082
34176,41.9619
34177,38.72
34178,38.9825
34179,40.236
34180,40.5267
34181,41.8847
34182,38.0777
34183,36.9392
34184,39.0077
34185,44.2906
34186,40.2221
34187,36.4051
34188,36.4244
34189,38.1608
34190,39.0378
34191,39.2689
34192,39.4057
34193,40.2822
34194,39.4983
34195,40.4126
34196,44.5561
34197,36.7163
34198,40.967
34199,42.2921
34200,39.2283
34201,40.6857
34202,41.3581
34203,41.7212
34204,38.7297
34205,40.2146
34206,37.8126
34207,39.6958
34208,40.8098
34209,40.9856
34210,37.76
34211,41.4277
34212,37.682
34213,39.7944
34214,43.1876
34215,42.5609
34216,40.3242
34217,40.3732
34218,40.8313
34219,40.5355
34220,41.7392
34221,44.769
34222,38.1756
34223,38.2168
34224,42.4555
34225,39.1146
34226,39.5222
34227,37.7634
34228,39.9312
34229,38.9397
34230,40.3174
34231,40.6228
34232,40.9271
34233,40.939
34234,42.3175
34235,40.3537
34236,41.583
34237,40.3782
34238,42.3866
34239,40.395
34240,38.6183
34241,39.0214
34242,39.3982
34243,39.4066
34244,36.4582
34245,38.8081
34246,42.3223
34247,38.9643
34248,39.1027
34249,39.0579
34250,41.2238
34251,42.596
34252,40.8923
34253,43.9845
34254,40.6044
34255,41.1421
34256,38.6633
34257,38.9551
34258,39.6655
34259,40.5466
34260,40.638
34261,41.9839
34262,40.6037
34263,40.1169
34264,36.859
34265,38.1382
34266,43.4468
34267,37.7391
34268,38.3374
34269,41.8766
34270,43.2469
34271,39.6535
34272,39.9387
34273,40.8662
34274,40.8967
34275,41.4359
34276,42.5473
34277,42.346
34278,38.5989
34279,38.7984
34280,39.9587
34281,41.238
34282,41.497
34283,38.7752
34284,41.0843
34285,42.2217
34286,42.4267
34287,40.0992
34288,43.1245
34289,40.284
34290,41.9676
34291,41.976
34292,41.1998
34293,40.8291
34294,41.919
34295,40.1015
34296,40.1233
34297,41.579
34298,37.0259
34299,42.5325
34300,39.9296
34301,37.5137
34302,37.6875
34303,37.2442
34304,44.4477
34305,39.4345
34306,41.0441
34307,41.6114
34308,38.8352
34309,40.1715
34310,37.7814
34311,40.0359
34312,46.2701
34313,41.7227
34314,38.9743
34315,39.5632
34316,38.9708
34317,41.4792
34318,39.8879
34319,40.2793
34320,40.6533
34321,38.0589
34322,41.2099
34323,38.7512
34324,37.2044
34325,39.4385
34326,40.2926
34327,38.6343
34328,41.0099
34329,38.2277
34330,36.4751
34331,41.8493
34332,42.1637
34333,42.8209
34334,42.9451
34335,38.5738
34336,38.743
34337,37.5628
34338,43.7136
34339,41.0391
34340,38.4461
34341,39.5133
34342,38.7217
34343,39.962
34344,37.9704
34345,41.269
34346,37.6423
34347,37.7051
34348,39.8941
34349,37.946
34350,37.9978
34351,40.0672
34352,39.1508
34353,40.3951
34354,37.6262
34355,37.8533
34356,38.3642
34357,37.1173
34358,41.567
34359,38.3918
34360,38.4907
34361,41.2827
34362,37.459
34363,41.5141
34364,40.1475
34365,39.2624
34366,40.6395
34367,41.0381
34368,42.0913
34369,42.475
34370,41.8889
34371,40.018
34372,43.9654
34373,41.2227
34374,39.6924
34375,42.0568
34376,40.2796
34377,40.3121
34378,40.6356
34379,40.6996
34380,40.9736
34381,38.439
34382,38.0566
34383,37.1736
34384,39.3409
34385,40.0706
34386,41.7639
34387,39.0723
34388,42.1666
34389,40.4728
34390,39.8576
34391,41.0692
34392,39.9532
34393,43.3513
34394,40.4872
34395,38.8276
34396,36.8782
34397,38.7984
34398,37.2965
34399,37.9806
34400,36.7832
34401,41.3074
34402,41.4257
34403,39.6294
34404,37.8057
34405,37.8158
34406,39.4107
34407,41.47
34408,40.5952
34409,42.7974
34410,39.8856
34411,41.1304
34412,41.3558
34413,41.5194
34414,39.5279
34415,37.7358
34416,39.8281
34417,37.8365
34418,42.2073
34419,40.7308
34420,38.8065
34421,41.3283
34422,39.3419
34423,43.0775
34424,42.3164
34425,43.758
34426,38.032
34427,40.0582
34428,39.2027
34429,38.2445
34430,42.2658
34431,38.3623
34432,39.5718
34433,38.6507
34434,42.6768
34435,40.7927
34436,41.1927
34437,39.8481
34438,39.4124
34439,43.0487
34440,40.6066
34441,37.7366
34442,44.3073
34443,39.9591
34444,39.1165
34445,40.5914
34446,41.419
34447,41.6737
34448,40.9619
34449,38.4013
34450,40.4109
34451,41.1392
34452,38.6931
34453,37.4836
34454,43.543
34455,40.6304
34456,40.9404
34457,38.0634
34458,37.5349
34459,41.2533
34460,37.7191
34461,41.9066
34462,35.4348
34463,36.9281
34464,43.7992
34465,40.8493
34466,41.3848
34467,39.4459
34468,37.0549
34469,35.7596
34470,43.0809
34471,38.425
34472,41.8708
34473,43.0528
34474,43.5098
34475,40.3463
34476,37.5126
34477,37.0336
34478,39.3818
34479,38.7096
34480,37.9489
34481,37.9967
34482,40.35
34483,39.6343
34484,40.2901
34485,39.8417
34486,40.8684
34487,40.4623
34488,42.657
34489,40.9261
34490,42.2338
34491,41.6189
34492,38.7345
34493,42.8359
34494,36.8647
34495,36.886
34496,38.9651
34497,38.6973
34498,40.7651
34499,38.7982
34500,41.2867
34501,42.3881
34502,38.8307
34503,38.9934
34504,39.9049
34505,36.3442
34506,42.3689
34507,36.4064
34508,42.7665
34509,38.9225
34510,39.9863
34511,36.378
34512,40.4213
34513,39.5318
34514,38.5403
34515,42.5615
34516,39.5699
34517,37.4074
34518,36.2288
34519,40.7337
34520,38.0708
34521,41.5234
34522,40.3816
34523,39.4032
34524,39.426
34525,39.4369
34526,40.5452
34527,39.6505
34528,40.1755
34529,42.5793
34530,41.5878
34531,34.7538
34532,41.8017
34533,39.1335
34534,38.206
34535,38.5381
34536,39.0365
34537,42.2903
34538,38.3785
34539,39.5071
34540,40.5977
34541,41.9098
34542,36.7443
34543,38.7733
34544,37.1168
34545,42.4687
34546,40.7544
34547,37.1712
34548,38.199
34549,39.5352
34550,38.6042
34551,39.3644
34552,40.9914
34553,41.0448
34554,39.6743
34555,36.9586
34556,38.5083
34557,40.9125
34558,38.9581
34559,38.1293
34560,39.1774
34561,39.2295
34562,39.6769
34563,39.0183
34564,39.0377
34565,39.2448
34566,39.3663
34567,39.3867
34568,39.4973
34569,40.7153
34570,39.9053
34571,38.0288
34572,41.1708
34573,37.8515
34574,41.1906
34575,38.5856
34576,39.0385
34577,38.0749
34578,39.5579
34579,39.8862
34580,40.3687
34581,42.809
34582,38.8401
34583,39.2355
34584,39.4992
34585,40.6923
34586,40.3565
34587,43.6462
34588,37.7373
34589,40.9225
34590,39.9641
34591,40.5898
34592,41.0322
34593,42.0658
34594,38.6626
34595,37.438
34596,37.6615
34597,36.6923
34598,39.1977
34599,38.4841
34600,39.6905
34601,39.7043
34602,43.0286
34603,41.2089
34604,37.5117
34605,38.0536
34606,40.4051
34607,40.9836
34608,39.3541
34609,41.3228
34610,37.6902
34611,37.8149
34612,41.9499
34613,39.5341
34614,39.3759
34615,38.358
34616,35.5643
34617,39.8097
34618,40.9176
34619,39.9596
34620,38.1311
34621,37.2782
34622,37.3909
34623,38.1918
34624,41.551
34625,39.8502
34626,38.7981
34627,40.349
34628,40.475
34629,43.7092
34630,38.0269
34631,38.1869
34632,38.7739
34633,39.9075
34634,39.5102
34635,39.7349
34636,40.458
34637,40.5122
34638,39.3342
34639,41.6163
34640,39.7645
34641,42.0442
34642,41.3034
34643,40.473
34644,38.5831
34645,37.7869
34646,39.9268
34647,42.0909
34648,36.1186
34649,42.2179
34650,37.2743
34651,39.6857
34652,41.5032
34653,39.5603
34654,38.6433
34655,40.7169
34656,40.7786
34657,38.5532
34658,40.9946
34659,43.0285
34660,39.7598
34661,38.065
34662,44.0758
34663,38.1002
34664,41.6012
34665,42.9281
34666,40.9365
34667,45.4465
34668,39.943
34669,43.0581
34670,38.9594
34671,42.9215
34672,40.2668
34673,40.8481
34674,40.9746
34675,40.4766
34676,39.083
34677,40.3123
34678,35.6881
34679,41.4735
34680,37.2062
34681,39.1122
34682,41.2646
34683,37.3513
34684,38.6275
34685,38.3398
34686,38.6052
34687,35.8086
34688,40.927
34689,41.129
34690,41.3459
34691,41.3543
34692,42.4773
34693,38.3361
34694,40.0895
34695,34.2175
34696,40.5579
34697,41.2252
34698,40.5452
34699,41.6572
34700,39.2119
34701,39.3556
34702,38.825
34703,42.0785
34704,39.2418
34705,39.4897
34706,39.5095
34707,41.808
34708,35.7163
34709,37.0289
34710,42.9128
34711,40.5783
34712,40.9042
34713,41.2793
34714,40.5152
34715,35.644
34716,35.9748
34717,39.5756
34718,40.8265
34719,36.1579
34720,38.3347
34721,39.5092
34722,39.1364
34723,39.2488
34724,41.4631
34725,37.153
34726,37.2465
34727,37.0008
34728,39.2545
34729,36.4454
34730,36.9415
34731,39.1985
34732,38.2934
34733,38.2533
34734,40.4733
34735,40.592
34736,39.149
34737,39.6161
34738,41.6245
34739,42.2036
34740,40.7113
34741,43.2755
34742,39.5031
34743,37.9326
34744,39.0698
34745,38.5361
34746,39.1751
34747,39.2665
34748,44.0017
34749,42.3528
34750,38.6931
34751,37.679
34752,42.7139
34753,37.0623
34754,37.3754
34755,39.8917
34756,38.9775
34757,38.3475
34758,41.4078
34759,42.7984
34760,41.9475
34761,42.1844
34762,38.1955
34763,38.4603
34764,40.1596
34765,41.2123
34766,36.2294
34767,40.2584
34768,39.7513
34769,41.775
34770,40.2704
34771,41.4591
34772,40.5522
34773,37.7061
34774,42.9158
34775,38.2165
34776,43.0947
34777,37.9033
34778,40.7265
34779,41.4389
34780,41.497
34781,38.6031
34782,41.5717
34783,40.9235
34784,41.9595
34785,38.7877
34786,39.3062
34787,42.5414
34788,40.8951
34789,43.1822
34790,38.3821
34791,38.4953
34792,40.7501
34793,38.2391
34794,39.2767
34795,41.5916
34796,40.9076
34797,41.0302
34798,37.566
34799,42.6609
34800,42.0289
34801,38.1152
34802,38.7892
34803,39.8707
34804,38.921
34805,42.9588
34806,41.042
34807,41.9083
34808,42.6612
34809,43.8911
34810,36.2529
34811,40.4663
34812,41.2296
34813,44.6725
34814,41.3228
34815,38.2947
34816,40.645
34817,38.0542
34818,41.2169
34819,35.0106
34820,39.3447
34821,40.0264
34822,40.2677
34823,38.5474
34824,38.5861
34825,39.1593
34826,41.8745
34827,35.8944
34828,40.649
34829,40.9111
34830,41.0753
34831,40.4423
34832,38.5085
34833,39.5723
34834,39.3102
34835,40.0699
34836,41.7196
34837,43.1283
34838,39.1578
34839,36.3777
34840,39.7311
34841,40.5652
34842,39.9402
34843,41.2198
34844,38.2517
34845,43.5335
34846,41.5508
34847,41.6353
34848,41.9047
34849,39.0964
34850,41.1379
34851,42.7864
34852,41.8462
34853,35.3506
34854,39.5744
34855,40.1634
34856,40.3878
34857,42.0317
34858,41.5739
34859,41.1674
34860,39.8327
34861,40.1456
34862,40.9226
34863,37.159
34864,43.7985
34865,38.5479
34866,36.7782
34867,39.3003
34868,40.3415
34869,39.7308
34870,40.1858
34871,39.6923
34872,36.9033
34873,36.0377
34874,41.0063
34875,39.1002
34876,38.3624
34877,42.4093
34878,37.5243
34879,38.895
34880,37.9768
34881,41.2625
34882,37.8272
34883,40.0213
34884,40.5739
34885,40.9187
34886,40.3483
34887,40.5712
34888,38.7754
34889,36.068
34890,40.1289
34891,37.2056
34892,40.772
34893,41.3172
34894,40.1997
34895,38.7208
34896,39.062
34897,41.4122
34898,39.8251
34899,42.5525
34900,35.2086
34901,40.3806
34902,39.4827
34903,40.9159
34904,41.1685
34905,38.8937
34906,40.0155
34907,42.562
34908,42.7241
34909,40.8364
34910,40.9998
34911,40.6891
34912,40.2119
34913,36.5407
34914,42.1685
34915,42.1956
34916,39.8026
34917,42.2208
34918,41.114
34919,43.627
34920,38.5482
34921,36.746
34922,35.9202
34923,36.9761
34924,39.9845
34925,41.7872
34926,37.9227
34927,41.5887
34928,35.7235
34929,39.8014
34930,39.0551
34931,38.0669
34932,38.3168
34933,39.5541
34934,42.5945
34935,39.8627
34936,39.04
34937,41.1411
34938,41.0567
34939,39.1344
34940,44.1438
34941,38.2165
34942,42.2566
34943,40.373
34944,41.4424
34945,37.4509
34946,39.6625
34947,41.0074
34948,42.5265
34949,39.6503
34950,40.1364
34951,39.3107
34952,38.7414
34953,40.8299
34954,41.3361
34955,39.686
34956,39.9992
34957,38.2223
34958,42.2559
34959,40.7418
34960,36.993
34961,41.4071
34962,42.8388
34963,42.8543
34964,43.7156
34965,38.9384
34966,44.2225
34967,38.2555
34968,37.5204
34969,41.0263
34970,38.4385
34971,40.1324
34972,41.0067
34973,38.7289
34974,38.3237
34975,39.3431
34976,38.2667
34977,37.6515
34978,39.9773
34979,41.2803
34980,38.3519
34981,39.2691
34982,36.8593
34983,43.2394
34984,40.6516
34985,37.8182
34986,41.8144
34987,38.8636
34988,42.2549
34989,36.4865
34990,40.5017
34991,39.5405
34992,39.9545
34993,41.1882
34994,43.8517
34995,41.0283
34996,40.4296
34997,37.8849
34998,38.9909
34999,40.0043
35000,41.7716
35001,39.0887
35002,40.8016
35003,38.1535
35004,40.2808
35005,38.3128
35006,38.8287
35007,38.8371
35008,36.0274
35009,36.5019
35010,41.8322
35011,38.4363
35012,40.9968
35013,42.8721
35014,37.5212
35015,36.0593
35016,38.4458
35017,38.6409
35018,38.1619
35019,40.6955
35020,41.8472
35021,36.1026
35022,42.1111
35023,41.164
35024,40.8574
35025,38.9564
35026,41.9652
35027,38.3576
35028,41.5516
35029,38.0849
35030,42.4293
35031,39.5816
35032,39.1312
35033,43.6968
35034,39.7863
35035,42.8297
35036,39.9787
35037,41.0043
35038,40.2458
35039,41.1386
35040,38.8058
35041,40.1559
35042,41.4503
35043,43.2024
35044,40.3143
35045,40.7617
35046,40.8015
35047,38.529
35048,39.7508
35049,38.3992
35050,40.5425
35051,36.7536
35052,39.9297
35053,41.2
35054,36.2085
35055,40.4361
35056,38.5256
35057,42.7387
35058,43.0187
35059,41.6473
35060,39.0896
35061,38.7809
35062,41.2086
35063,38.5404
35064,37.4913
35065,39.5013
35066,37.6767
35067,37.914
35068,40.9444
35069,41.9247
35070,39.9948
35071,41.1835
35072,39.4681
35073,39.5382
35074,42.0846
35075,40.8077
35076,41.8782
35077,41.0246
35078,39.2084
35079,39.5574
35080,40.0917
35081,38.3712
35082,41.4747
35083,40.6175
35084,37.9231
35085,40.5582
35086,39.575
35087,39.6494
35088,40.2536
35089,40.8363
35090,42.2822
35091,39.6923
35092,40.7911
35093,38.0923
35094,42.421
35095,36.1613
35096,40.0478
35097,39.5266
35098,39.0284
35099,42.1994
35100,39.0075
35101,40.236
35102,40.3665
35103,41.3212
35104,39.8017
35105,42.1192
35106,37.9042
35107,41.5191
35108,39.8157
35109,39.9621
35110,40.0061
35111,39.7001
35112,38.7142
35113,37.7492
35114,41.8895
35115,39.0077
35116,39.4131
35117,37.8452
35118,39.6103
35119,41.4572
35120,38.7406
35121,39.9582
35122,39.294
35123,40.4353
35124,34.4876
35125,35.6549
35126,38.1325
35127,38.3605
35128,38.7043
35129,38.866
35130,39.9287
35131,39.3294
35132,36.3378
35133,39.3748
35134,43.4622
35135,41.0248
35136,38.8951
35137,38.8718
35138,40.0487
35139,43.0605
35140,38.3535
35141,39.1375
35142,39.1581
35143,39.7552
35144,41.0636
35145,40.685
35146,40.7355
35147,36.7984
35148,40.1122
35149,39.4068
35150,39.3955
35151,41.6771
35152,40.8265
35153,37.125
35154,38.7563
35155,39.7854
35156,37.3207
35157,42.2488
35158,40.5917
35159,37.7784
35160,36.181
35161,39.6906
35162,39.0561
35163,42.2235
35164,42.4541
35165,42.8348
35166,42.0894
35167,37.2147
35168,41.8357
35169,40.6485
35170,40.7995
35171,42.0084
35172,42.5083
35173,38.9642
35174,37.2214
35175,40.6978
35176,36.9479
35177,39.4612
35178,38.7335
35179,42.7507
35180,40.8205
35181,40.3964
35182,41.4924
35183,40.6146
35184,38.899
35185,42.9074
35186,40.9248
35187,42.8572
35188,41.1184
35189,38.4295
35190,36.1414
35191,39.4178
35192,38.5246
35193,37.2334
35194,38.0327
35195,41.3303
35196,39.1263
35197,37.1626
35198,39.299
35199,37.3236
35200,39.6675
35201,38.7747
35202,40.3768
35203,41.6586
35204,40.9541
35205,38.2907
35206,38.5755
35207,41.3928
35208,39.4013
35209,39.7604
35210,38.9005
35211,40.1804
35212,40.2742
35213,35.3323
35214,41.9794
35215,41.5125
35216,45.1255
35217,40.2626
35218,40.7346
35219,44.3696
35220,38.9306
35221,40.4429
35222,39.7687
35223,39.8313
35224,41.458
35225,40.5567
35226,40.991
35227,41.6324
35228,43.6408
35229,39.0489
35230,40.1896
35231,43.3865
35232,40.0926
35233,41.5486
35234,40.76
35235,39.1862
35236,38.5027
35237,37.7061
35238,40.1993
35239,39.6942
35240,36.8205
35241,37.2166
35242,37.6417
35243,37.988
35244,38.2776
35245,38.5849
35246,41.5024
35247,41.6628
35248,40.0879
35249,41.5137
35250,44.3425
35251,40.3774
35252,42.5669
35253,43.3971
35254,38.7259
35255,42.4081
35256,42.4769
35257,39.6679
35258,38.9518
35259,39.9782
35260,41.2274
35261,41.1104
35262,38.2539
35263,38.6993
35264,38.7431
35265,37.8342
35266,40.4142
35267,39.1552
35268,39.4125
35269,39.125
35270,37.1617
35271,43.2431
35272,41.2597
35273,41.4242
35274,41.5782
35275,38.5999
35276,40.1297
35277,38.2139
35278,43.5468
35279,43.585
35280,39.6778
35281,43.703
35282,39.3429
35283,39.5784
35284,43.8377
35285,39.847
35286,39.9271
35287,41.09
35288,40.4145
35289,39.8758
35290,42.0689
35291,44.8292
35292,38.2189
35293,38.4244
35294,41.2607
35295,40.1353
35296,43.2868
35297,39.3537
35298,39.6338
35299,40.459
35300,39.4782
35301,42.5032
35302,41.638
35303,43.7633
35304,39.9417
35305,36.7075
35306,41.4008
35307,36.707
35308,41.397
35309,36.8899
35310,37.8821
35311,38.1304
35312,38.8528
35313,37.0619
35314,40.0767
35315,40.2677
35316,41.8154
35317,38.1054
35318,38.6102
35319,38.7759
35320,42.0627
35321,42.325
35322,39.7295
35323,44.5016
35324,40.9249
35325,43.5179
35326,38.5555
35327,41.6555
35328,41.6982
35329,38.7967
35330,38.9266
35331,38.2529
35332,39.2613
35333,39.2805
35334,39.3057
35335,39.5174
35336,39.6188
35337,44.6272
35338,39.9832
35339,45.3507
35340,40.3715
35341,40.3885
35342,40.6852
35343,42.7882
35344,40.884
35345,40.1527
35346,42.1611
35347,36.3529
35348,37.7072
35349,43.0947
35350,41.81
35351,44.5032
35352,40.9173
35353,38.9729
35354,40.2301
35355,36.239
35356,39.3118
35357,34.0069
35358,41.0529
35359,39.5294
35360,41.8374
35361,38.8884
35362,41.9097
35363,42.0999
35364,40.1916
35365,39.5481
35366,39.4325
35367,39.7145
35368,39.7229
35369,43.1067
35370,40.1217
35371,38.8385
35372,39.5171
35373,35.674
35374,38.8487
35375,42.746
35376,40.7676
35377,42.6492
35378,37.0724
35379,38.692
35380,37.1213
35381,40.9482
35382,37.9762
35383,39.8519
35384,44.1092
35385,40.3208
35386,40.274
35387,40.6714
35388,40.4842
35389,41.8345
35390,39.0745
35391,38.783
35392,42.7914
35393,37.4112
35394,42.9348
35395,41.0037
35396,38.9326
35397,37.5333
35398,40.7944
35399,37.881
35400,38.013
35401,40.5785
35402,42.6676
35403,42.724
35404,43.4723
35405,44.8019
35406,40.0103
35407,38.5849
35408,38.1043
35409,39.352
35410,39.6297
35411,40.9227
35412,41.9697
35413,41.3933
35414,42.5098
35415,41.7521
35416,43.6936
35417,40.2623
35418,41.7771
35419,40.3904
35420,37.5136
35421,39.3506
35422,37.3835
35423,36.559
35424,37.693
35425,41.7014
35426,39.7403
35427,41.856
35428,38.4792
35429,38.1617
35430,39.2975
35431,41.3103
35432,41.3691
35433,39.274
35434,37.4086
35435,39.7172
35436,40.7886
35437,40.8579
35438,39.8828
35439,37.6525
35440,38.6799
35441,39.812
35442,40.9972
35443,39.9548
35444,39.9959
35445,40.3231
35446,38.0106
35447,41.3479
35448,42.4183
35449,41.7854
35450,40.2611
35451,37.819
35452,43.9254
35453,41.1363
35454,44.7249
35455,41.0849
35456,44.2804
35457,42.3576
35458,42.8847
35459,37.7443
35460,37.41
35461,38.5683
35462,38.6643
35463,42.8912
35464,43.0032
35465,43.3014
35466,40.1336
35467,38.0726
35468,40.3018
35469,37.676
35470,36.8105
35471,40.8463
35472,38.9448
35473,38.135
35474,39.2429
35475,41.309
35476,38.4205
35477,38.8844
35478,39.2493
35479,37.2992
35480,38.8899
35481,40.0921
35482,40.5375
35483,39.1486
35484,41.1774
35485,41.3433
35486,41.9251
35487,40.0708
35488,39.8361
35489,34.0208
35490,41.0351
35491,39.0617
35492,41.7399
35493,38.8993
35494,40.6862
35495,41.3007
35496,43.4372
35497,39.773
35498,36.5548
35499,43.1166
35500,38.127
35501,37.5476
35502,40.1413
35503,40.201
35504,40.2477
35505,40.4265
35506,38.9605
35507,40.0843
35508,41.2525
35509,40.0748
35510,37.2905
35511,38.6966
35512,41.7833
35513,41.9257
35514,42.9197
35515,39.0084
35516,38.2614
35517,39.604
35518,40.6411
35519,39.9264
35520,41.1771
35521,43.2874
35522,40.5283
35523,39.4434
35524,38.4945
35525,41.5942
35526,41.3236
35527,41.3666
35528,42.675
35529,40.0428
35530,37.238
35531,38.6935
35532,39.6923
35533,38.5702
35534,38.8815
35535,41.9754
35536,37.0685
35537,41.3467
35538,39.9396
35539,42.9597
35540,35.5993
35541,40.769
35542,41.1187
35543,43.3816
35544,43.0668
35545,36.4155
35546,38.958
35547,41.3223
35548,41.6725
35549,40.7971
35550,41.0229
35551,35.0361
35552,41.092
35553,41.4078
35554,39.5277
35555,35.8855
35556,38.1708
35557,40.8522
35558,41.4357
35559,38.745
35560,38.3802
35561,36.1163
35562,41.2591
35563,40.0987
35564,41.5448
35565,40.6936
35566,40.7708
35567,41.5417
35568,36.5251
35569,39.8138
35570,40.184
35571,39.4841
35572,42.6247
35573,39.8316
35574,38.9017
35575,38.2281
35576,38.6509
35577,39.8092
35578,37.0588
35579,42.583
35580,39.6197
35581,35.9202
35582,38.043
35583,40.1577
35584,39.1095
35585,39.1518
35586,42.2331
35587,41.8969
35588,41.2164
35589,41.1136
35590,41.1394
35591,38.863
35592,38.9376
35593,41.4938
35594,41.0039
35595,43.4224
35596,40.9705
35597,41.5143
35598,40.2417
35599,38.2501
35600,39.3436
35601,46.0195
35602,37.265
35603,41.5677
35604,38.7318
35605,39.0145
35606,39.3544
35607,38.0967
35608,38.2187
35609,37.3983
35610,40.4692
35611,40.7264
35612,40.2761
35613,41.5162
35614,41.0464
35615,39.7421
35616,39.8108
35617,40.4395
35618,38.9566
35619,38.9963
35620,40.2192
35621,40.7956
35622,39.5035
35623,40.5422
35624,40.1313
35625,41.518
35626,38.7064
35627,40.5111
35628,40.1357
35629,41.6055
35630,40.5041
35631,37.5295
35632,37.7951
35633,38.8036
35634,41.1804
35635,38.2494
35636,37.8759
35637,39.651
35638,40.66
35639,42.7627
35640,44.4011
35641,40.4214
35642,35.6051
35643,38.4693
35644,39.7502
35645,39.8359
35646,40.0238
35647,38.1267
35648,38.7736
35649,40.1923
35650,38.0049
35651,41.351
35652,40.7163
35653,40.8272
35654,39.6496
35655,41.836
35656,38.0524
35657,38.264
35658,40.5791
35659,40.6022
35660,44.1462
35661,41.406
35662,35.6889
35663,43.7099
35664,38.4039
35665,39.8729
35666,38.992
35667,38.649
35668,38.4486
35669,43.3047
35670,40.9366
35671,35.3014
35672,37.6824
35673,40.1099
35674,34.4975
35675,39.6202
35676,39.3335
35677,40.7126
35678,41.3781
35679,38.665
35680,39.8589
35681,41.6963
35682,36.0601
35683,38.1655
35684,38.2521
35685,38.9168
35686,39.0247
35687,41.1949
35688,39.8426
35689,39.336
35690,41.8542
35691,42.2579
35692,39.7967
35693,38.1437
35694,42.3066
35695,42.1457
35696,40.9117
35697,39.6026
35698,35.9437
35699,42.3715
35700,42.4037
35701,40.5903
35702,36.7672
35703,40.7756
35704,37.8792
35705,38.5996
35706,38.6449
35707,39.0271
35708,40.0288
35709,39.1147
35710,37.8312
35711,35.8856
35712,41.0457
35713,41.1661
35714,41.2086
35715,42.5335
35716,42.8022
35717,41.9384
35718,43.0463
35719,43.2378
35720,42.7384
35721,39.0022
35722,40.7641
35723,40.9945
35724,43.1379
35725,38.7827
35726,37.8218
35727,40.0329
35728,41.0007
35729,39.2509
35730,37.8291
35731,39.9983
35732,37.8324
35733,37.9067
35734,36.9195
35735,37.1735
35736,40.5786
35737,38.617
35738,36.0058
35739,36.5869
35740,42.7259
35741,40.2514
35742,37.924
35743,37.9325
35744,38.037
35745,38.0625
35746,41.0712
35747,38.2092
35748,40.5579
35749,40.7243
35750,39.2499
35751,40.0723
35752,39.5385
35753,42.6244
35754,42.9978
35755,38.6027
35756,42.6404
35757,38.1801
35758,36.2675
35759,38.5625
35760,39.5849
35761,41.0955
35762,43.2461
35763,38.1817
35764,39.5348
35765,39.7856
35766,39.937
35767,40.224
35768,40.5296
35769,37.6095
35770,35.7767
35771,36.5996
35772,36.9354
35773,37.0469
35774,42.0553
35775,38.932
35776,39.7896
35777,39.8181
35778,42.8667
35779,41.8954
35780,38.6515
35781,40.0183
35782,41.1077
35783,45.2242
35784,43.0625
35785,44.5147
35786,42.16
35787,36.2531
35788,41.6083
35789,39.3223
35790,38.3738
35791,39.3864
35792,38.412
35793,39.5769
35794,38.1959
35795,41.7643
35796,38.8062
35797,40.9728
35798,43.005
35799,38.7794
35800,39.7914
35801,39.17
35802,41.7615
35803,37.3422
35804,39.9187
35805,40.202
35806,36.8042
35807,37.0158
35808,38.1969
35809,36.6032
35810,39.2158
35811,37.509
35812,37.833
35813,40.3631
35814,38.8595
35815,39.9974
35816,39.2411
35817,42.8602
35818,38.5514
35819,41.759
35820,42.5859
35821,41.6011
35822,41.8808
35823,42.9788
35824,37.7866
35825,41.3137
35826,43.5407
35827,39.7255
35828,40.9163
35829,42.1183
35830,44.4376
35831,42.0118
35832,36.1458
35833,39.474
35834,39.4955
35835,38.4995
35836,37.5507
35837,41.908
35838,41.2183
35839,39.7217
35840,40.4285
35841,39.437
35842,41.8197
35843,44.8073
35844,35.9666
35845,41.6718
35846,38.6841
35847,38.8929
35848,42.1707
35849,36.0247
35850,39.5815
35851,40.2992
35852,40.1716
35853,39.6364
35854,43.0076
35855,41.0653
35856,41.1769
35857,40.7692
35858,39.9792
35859,42.2235
35860,42.8748
35861,42.3556
35862,36.6253
35863,42.6652
35864,38.7921
35865,42.1415
35866,40.0977
35867,39.1264
35868,38.9832
35869,39.3735
35870,39.5841
35871,38.5725
35872,41.723
35873,41.0666
35874,41.6137
35875,38.3055
35876,42.3669
35877,34.4902
35878,42.815
35879,40.8581
35880,40.9854
35881,38.0775
35882,38.1434
35883,39.3777
35884,39.5169
35885,41.9749
35886,37.314
35887,39.4007
35888,40.9511
35889,41.6931
35890,39.1346
35891,41.1326
35892,39.8124
35893,41.0238
35894,40.2466
35895,41.6399
35896,39.5733
35897,41.7301
35898,39.3877
35899,42.4294
35900,44.5526
35901,36.3108
35902,39.0483
35903,40.1574
35904,38.418
35905,40.036
35906,36.5757
35907,38.0745
35908,43.1195
35909,35.8448
35910,41.1796
35911,38.6091
35912,41.9857
35913,39.6078
35914,39.6982
35915,39.3401
35916,43.7142
35917,40.9078
35918,41.1679
35919,41.2843
35920,41.3513
35921,43.7434
35922,37.9953
35923,39.1454
35924,36.1407
35925,42.4757
35926,36.9459
35927,41.4345
35928,37.4655
35929,41.5164
35930,37.5569
35931,39.9532
35932,38.6058
35933,42.7735
35934,38.7838
35935,44.0149
35936,38.6686
35937,38.3923
35938,39.6857
35939,39.7298
35940,41.0303
35941,38.358
35942,44.5099
35943,39.4477
35944,43.276
35945,38.3517
35946,39.6356
35947,40.2754
35948,37.5814
35949,39.5005
35950,43.1593
35951,42.1778
35952,43.435
35953,40.4831
35954,43.2905
35955,38.6373
35956,38.714
35957,39.964
35958,40.2175
35959,38.5447
35960,39.5755
35961,38.8307
35962,37.9215
35963,41.0342
35964,38.4193
35965,39.1056
35966,39.9358
35967,42.6078
35968,40.7226
35969,42.7724
35970,44.8752
35971,41.9245
35972,40.0589
35973,39.385
35974,37.7059
35975,38.8562
35976,40.3953
35977,40.5652
35978,39.4645
35979,42.3742
35980,37.4976
35981,41.6228
35982,41.7939
35983,38.2214
35984,40.6383
35985,35.0939
35986,39.5994
35987,42.7473
35988,39.7838
35989,40.4605
35990,40.9244
35991,41.0143
35992,41.5022
35993,42.6897
35994,41.781
35995,42.0775
35996,39.188
35997,35.2967
35998,39.4751
35999,38.5267
36000,39.358
36001,39.6447
36002,39.874
36003,39.3183
36004,38.6362
36005,41.6446
36006,42.9658
36007,42.341
36008,41.732
36009,36.8241
36010,40.1562
36011,42.3478
36012,42.2849
36013,41.8519
36014,39.4708
36015,37.8719
36016,40.8804
36017,39.0371
36018,42.9013
36019,40.3626
36020,43.0982
36021,37.6806
36022,37.8508
36023,39.2078
36024,38.2734
36025,37.3642
36026,38.9442
36027,38.146
36028,39.499
36029,38.9236
36030,39.9571
36031,39.2563
36032,37.1514
36033,42.5913
36034,40.9571
36035,42.3762
36036,38.3934
36037,41.4018
36038,42.9098
36039,42.1751
36040,39.3356
36041,39.5319
36042,41.6648
36043,38.1044
36044,40.3279
36045,38.4134
36046,40.5194
36047,40.7498
36048,40.1252
36049,41.1678
36050,43.3147
36051,41.4876
36052,43.7268
36053,41.781
36054,41.9082
36055,40.438
36056,34.5608
36057,43.2291
36058,39.5863
36059,37.9534
36060,38.2275
36061,38.3699
36062,43.554
36063,38.8746
36064,40.9155
36065,43.0247
36066,38.8806
36067,43.2156
36068,41.3246
36069,37.5361
36070,40.7818
36071,38.0295
36072,39.3011
36073,39.8762
36074,40.9185
36075,42.0906
36076,44.7647
36077,41.7053
36078,44.7799
36079,35.9374
36080,41.6508
36081,42.7154
36082,36.724
36083,36.9433
36084,37.8047
36085,38.1699
36086,39.931
36087,37.3094
36088,37.5066
36089,38.0988
36090,38.3434
36091,39.5943
36092,39.7092
36093,35.8545
36094,43.0801
36095,38.3602
36096,40.666
36097,38.842
36098,38.4003
36099,38.8513
36100,35.8805
36101,42.0688
36102,42.2153
36103,38.3024
36104,43.2728
36105,43.647
36106,40.7992
36107,41.0213
36108,41.5431
36109,38.7079
36110,40.1507
36111,41.6204
36112,42.0204
36113,41.246
36114,40.5368
36115,40.4579
36116,37.7928
36117,37.9962
36118,37.7979
36119,44.9695
36120,41.0057
36121,41.2253
36122,41.3433
36123,35.398
36124,35.8017
36125,40.3234
36126,39.5042
36127,36.5438
36128,35.6358
36129,41.1231
36130,37.5549
36131,38.0182
36132,42.0635
36133,44.2644
36134,39.5234
36135,40.653
36136,37.303
36137,41.4079
36138,40.4232
36139,39.1039
36140,38.5727
36141,40.1819
36142,38.5726
36143,37.6615
36144,40.9343
36145,43.1162
36146,42.2173
36147,39.2665
36148,39.5586
36149,39.7059
36150,38.725
36151,41.4779
36152,38.6042
36153,42.8973
36154,41.889
36155,42.4548
36156,43.9018
36157,40.0485
36158,40.9186
36159,40.9434
36160,40.6167
36161,39.0187
36162,40.1956
36163,39.3929
36164,40.5831
36165,40.8048
36166,38.0982
36167,37.386
36168,41.0099
36169,38.7548
36170,41.8503
36171,38.8081
36172,39.8458
36173,44.9339
36174,37.9759
36175,37.7016
36176,38.9384
36177,39.1689
36178,39.2857
36179,42.7572
36180,38.8457
36181,39.2918
36182,40.5718
36183,39.6526
36184,39.8225
36185,39.8842
36186,34.251
36187,40.3742
36188,40.4658
36189,40.5154
36190,40.6534
36191,40.074
36192,41.0172
36193,42.1576
36194,37.7793
36195,42.6856
36196,43.913
36197,38.8293
36198,37.876
36199,36.9113
36200,37.1359
36201,40.7919
36202,41.4583
36203,41.8489
36204,38.5029
36205,37.6637
36206,40.4689
36207,43.6241
36208,45.7495
36209,43.8164
36210,39.4562
36211,39.7727
36212,38.9685
36213,40.5973
36214,41.6359
36215,36.682
36216,42.2525
36217,38.957
36218,39.0062
36219,38.8997
36220,41.0161
36221,38.3491
36222,42.6258
36223,41.8259
36224,40.4448
36225,38.2693
36226,42.5924
36227,37.038
36228,35.4312
36229,38.8138
36230,40.6884
36231,39.945
36232,40.5718
36233,41.1088
36234,41.9347
36235,40.1558
36236,38.2352
36237,38.3781
36238,36.8137
36239,41.0212
36240,41.1729
36241,42.0089
36242,36.6884
36243,41.051
36244,38.106
36245,38.1332
36246,43.1795
36247,38.1963
36248,40.6342
36249,41.923
36250,39.4
36251,41.6304
36252,38.6433
36253,37.9084
36254,40.771
36255,39.0911
36256,39.5451
36257,39.9988
36258,43.0066
36259,40.8707
36260,39.2263
36261,39.0426
36262,36.7462
36263,41.2692
36264,43.0889
36265,39.4029
36266,41.6685
36267,39.4967
36268,40.4387
36269,41.0242
36270,42.8729
36271,37.0356
36272,40.2192
36273,37.766
36274,38.1492
36275,42.1293
36276,39.2385
36277,40.0909
36278,39.1747
36279,39.4723
36280,41.6493
36281,36.6685
36282,40.9703
36283,41.0859
36284,38.4203
36285,41.6731
36286,39.0579
36287,40.2483
36288,42.2567
36289,39.3553
36290,41.7144
36291,43.9276
36292,43.936
36293,40.1965
36294,37.1638
36295,39.2085
36296,34.4919
36297,39.5012
36298,40.9527
36299,40.0878
36300,40.7606
36301,38.0147
36302,41.0692
36303,44.1113
36304,41.9766
36305,43.3001
36306,34.3563
36307,43.6616
36308,37.0398
36309,43.8771
36310,40.3883
36311,39.6972
36312,35.6418
36313,41.2082
36314,41.3139
36315,42.4106
36316,41.1216
36317,42.5068
36318,39.8275
36319,40.0893
36320,38.178
36321,42.7076
36322,41.0733
36323,39.9315
36324,40.9669
36325,39.0659
36326,40.132
36327,40.7404
36328,37.7599
36329,38.9794
36330,40.0731
36331,41.0898
36332,42.2511
36333,39.2706
36334,37.6597
36335,37.8221
36336,37.3515
36337,43.505
36338,38.3156
36339,42.3439
36340,41.9765
36341,38.2606
36342,39.4242
36343,39.4794
36344,42.5028
36345,39.6136
36346,39.7215
36347,42.4296
36348,40.4113
36349,42.4316
36350,41.4631
36351,40.9012
36352,39.2322
36353,41.9601
36354,37.1305
36355,39.8553
36356,39.1724
36357,40.7165
36358,41.0953
36359,40.1263
36360,40.4535
36361,40.4768
36362,40.6092
36363,38.7809
36364,41.2412
36365,41.334
36366,36.6286
36367,40.9999
36368,38.6903
36369,36.7141
36370,40.4861
36371,40.5978
36372,40.719
36373,38.944
36374,40.858
36375,40.9298
36376,36.2861
36377,42.3374
36378,41.8012
36379,38.5752
36380,40.8724
36381,38.4761
36382,40.67
36383,39.0256
36384,41.3621
36385,39.0516
36386,40.0747
36387,39.4352
36388,40.6204
36389,39.9359
36390,40.7278
36391,40.8633
36392,37.6983
36393,40.62
36394,38.7429
36395,40.7917
36396,41.2259
36397,41.2658
36398,39.8428
36399,40.3921
36400,39.8653
36401,39.4768
36402,41.2441
36403,41.6016
36404,38.7557
36405,39.2294
36406,40.7707
36407,40.9823
36408,40.8035
36409,38.4628
36410,39.858
36411,38.1236
36412,41.5976
36413,37.7655
36414,40.0894
36415,38.1276
36416,40.181
36417,40.4802
36418,39.8369
36419,39.0202
36420,40.1665
36421,38.4792
36422,37.4888
36423,41.5666
36424,42.0781
36425,38.7425
36426,39.8903
36427,40.8829
36428,40.6162
36429,43.5582
36430,38.1534
36431,40.2757
36432,42.3738
36433,39.6817
36434,36.8064
36435,39.37
36436,40.8421
36437,38.2308
36438,41.2715
36439,40.4808
36440,41.554
36441,42.7885
36442,37.8709
36443,43.7095
36444,38.1362
36445,39.1893
36446,42.171
36447,38.2394
36448,39.4694
36449,44.5158
36450,39.5242
36451,39.6613
36452,38.6064
36453,38.6414
36454,39.397
36455,41.372
36456,40.2203
36457,45.6722
36458,41.1063
36459,41.4386
36460,41.1541
36461,36.196
36462,39.161
36463,40.3763
36464,40.6163
36465,40.8981
36466,39.5542
36467,41.0404
36468,38.7965
36469,38.8914
36470,41.4012
36471,41.5201
36472,40.048
36473,42.2772
36474,42.4067
36475,40.7651
36476,39.5201
36477,37.6579
36478,37.7798
36479,42.9127
36480,39.967
36481,38.9021
36482,40.5544
36483,39.0067
36484,36.0851
36485,44.0935
36486,41.9497
36487,37.2149
36488,37.2242
36489,47.826
36490,40.1591
36491,42.3074
36492,38.3757
36493,38.4263
36494,37.7107
36495,40.9867
36496,41.1697
36497,35.0206
36498,41.4497
36499,38.8491
36500,42.3243
36501,39.6682
36502,39.6858
36503,37.2001
36504,40.6256
36505,40.8566
36506,36.0964
36507,41.3123
36508,42.5327
36509,35.664
36510,42.9203
36511,37.2227
36512,39.6894
36513,40.3307
36514,40.372
36515,35.5653
36516,38.7592
36517,38.0922
36518,39.8596
36519,40.5521
36520,40.8892
36521,41.5494
36522,42.3724
36523,38.2238
36524,38.3355
36525,40.6507
36526,39.0198
36527,39.4702
36528,39.7507
36529,36.936
36530,37.3464
36531,41.2397
36532,38.5185
36533,41.5497
36534,43.2264
36535,41.2612
36536,38.1001
36537,38.4018
36538,40.1758
36539,40.3623
36540,37.6217
36541,39.1727
36542,39.3445
36543,37.2023
36544,42.4075
36545,39.471
36546,39.5428
36547,37.5555
36548,42.5734
36549,39.0624
36550,38.1655
36551,43.1938
36552,43.7798
36553,40.6699
36554,37.7418
36555,41.4186
36556,39.6579
36557,39.7472
36558,39.8207
36559,39.34
36560,41.237
36561,41.857
36562,40.9859
36563,40.547
36564,40.9525
36565,38.5392
36566,40.093
36567,39.4225
36568,38.4648
36569,40.9262
36570,44.5871
36571,38.5289
36572,39.5758
36573,37.505
36574,38.1283
36575,42.6541
36576,39.9149
36577,41.1825
36578,40.8178
36579,41.3836
36580,37.0513
36581,38.263
36582,38.3362
36583,38.6281
36584,38.8657
36585,37.8744
36586,41.8828
36587,39.1495
36588,39.4467
36589,39.1128
36590,40.283
36591,40.2914
36592,39.6646
36593,37.8639
36594,41.9095
36595,39.9982
36596,39.3418
36597,36.6333
36598,36.8906
36599,37.4157
36600,39.4527
36601,38.4148
36602,38.4512
36603,37.5534
36604,39.3605
36605,42.3894
36606,39.4638
36607,40.7008
36608,40.775
36609,42.9335
36610,38.3069
36611,40.8585
36612,41.9116
36613,42.1949
36614,42.3786
36615,41.7563
36616,41.8108
36617,42.1753
36618,41.5858
36619,39.2231
36620,39.9602
36621,41.1343
36622,40.0538
36623,37.3419
36624,38.6159
36625,38.187
36626,38.971
36627,40.3918
36628,38.5672
36629,41.7874
36630,38.9033
36631,40.8582
36632,41.4357
36633,37.9376
36634,39.3216
36635,38.3696
36636,39.5166
36637,39.424
36638,37.9509
36639,41.5662
36640,35.846
36641,39.0555
36642,42.5364
36643,37.8913
36644,43.8526
36645,40.0379
36646,40.5801
36647,41.5938
36648,43.5246
36649,37.5529
36650,41.7056
36651,40.9933
36652,35.4353
36653,36.5773
36654,38.3358
36655,37.7923
36656,38.5386
36657,36.6377
36658,38.6461
36659,39.469
36660,41.3944
36661,38.4599
36662,37.8709
36663,39.1722
36664,41.2919
36665,37.6424
36666,39.8346
36667,41.2007
36668,39.2091
36669,40.7171
36670,40.7809
36671,40.8059
36672,40.9499
36673,41.2111
36674,40.8839
36675,38.2777
36676,42.4907
36677,38.9017
36678,42.25
36679,39.3178
36680,39.1581
36681,37.149
36682,37.4883
36683,41.2366
36684,36.2517
36685,37.6044
36686,40.3812
36687,38.4216
36688,41.0941
36689,39.1439
36690,39.1623
36691,39.5058
36692,39.5292
36693,39.7956
36694,38.3355
36695,40.4367
36696,41.9009
36697,42.1448
36698,36.2549
36699,41.4493
36700,37.1306
36701,40.5173
36702,44.6902
36703,41.1325
36704,40.4166
36705,40.8427
36706,41.278
36707,38.5597
36708,41.8921
36709,39.2891
36710,42.3414
36711,37.1391
36712,38.1496
36713,39.91
36714,40.1092
36715,41.7134
36716,40.8877
36717,39.0896
36718,39.2299
36719,41.2711
36720,37.1014
36721,40.1761
36722,40.5089
36723,38.6282
36724,40.7654
36725,40.1944
36726,39.2404
36727,36.6926
36728,40.8889
36729,44.2727
36730,39.2812
36731,40.7032
36732,42.045
36733,42.1571
36734,40.5953
36735,39.2161
36736,37.6419
36737,37.7293
36738,39.817
36739,40.181
36740,38.9375
36741,37.7557
36742,39.8406
36743,39.93
36744,38.4298
36745,42.6998
36746,39.8797
36747,37.8882
36748,43.2211
36749,41.2581
36750,38.3306
36751,41.5359
36752,38.6329
36753,38.6655
36754,39.0049
36755,39.769
36756,39.9438
36757,40.1299
36758,42.1383
36759,40.7038
36760,40.8877
36761,40.4049
36762,37.4997
36763,41.6351
36764,44.7247
36765,44.0491
36766,39.207
36767,44.3848
36768,40.0479
36769,39.8855
36770,39.07
36771,40.0815
36772,40.2081
36773,44.0464
36774,38.9529
36775,39.7759
36776,41.8752
36777,36.0643
36778,41.0754
36779,41.3043
36780,39.3087
36781,42.8344
36782,38.7722
36783,39.0119
36784,44.1087
36785,40.1876
36786,39.3731
36787,39.717
36788,41.3974
36789,40.9911
36790,42.0798
36791,42.2431
36792,42.9753
36793,41.0078
36794,36.9067
36795,40.3872
36796,39.1313
36797,39.3347
36798,38.4231
36799,43.1009
36800,40.4118
36801,41.1755
36802,36.1839
36803,45.1924
36804,41.8664
36805,41.0208
36806,42.1554
36807,37.2775
36808,43.3363
36809,38.03
36810,40.2448
36811,39.9394
36812,37.9765
36813,40.0671
36814,39.3983
36815,41.5277
36816,42.0066
36817,37.9561
36818,38.1539
36819,38.389
36820,35.4606
36821,37.8009
36822,44.1393
36823,40.2632
36824,41.3771
36825,39.6569
36826,38.5258
36827,40.581
36828,42.5491
36829,39.4069
36830,33.5866
36831,42.7715
36832,40.9439
36833,38.4653
36834,38.7631
36835,37.8232
36836,40.9643
36837,43.6327
36838,41.8967
36839,42.1691
36840,37.5713
36841,37.7869
36842,42.9404
36843,40.9488
36844,39.0708
36845,39.5147
36846,39.6334
36847,36.9209
36848,39.0659
36849,42.9008
36850,38.2406
36851,38.3094
36852,39.3196
36853,40.7413
36854,41.5156
36855,43.7595
36856,42.3541
36857,37.2134
36858,37.758
36859,42.2501
36860,40.4216
36861,38.1572
36862,43.4757
36863,38.5558
36864,40.3409
36865,38.4732
36866,40.7865
36867,42.0188
36868,43.212
36869,41.4887
36870,44.2596
36871,37.6031
36872,40.811
36873,37.7584
36874,39.8358
36875,40.6332
36876,41.0636
36877,40.1737
36878,41.6678
36879,40.8545
36880,42.1988
36881,38.2546
36882,43.7862
36883,38.6055
36884,40.4874
36885,40.5671
36886,39.6982
36887,40.8111
36888,42.0742
36889,39.4236
36890,40.6574
36891,40.5781
36892,40.5925
36893,38.6851
36894,35.8381
36895,36.2594
36896,36.6109
36897,42.8644
36898,37.9472
36899,38.9652
36900,39.8041
36901,39.4886
36902,36.6282
36903,40.8724
36904,41.8205
36905,41.9919
36906,39.1357
36907,43.2928
36908,38.1693
36909,40.2212
36910,38.9418
36911,37.1399
36912,41.5343
36913,40.7807
36914,39.936
36915,42.3473
36916,38.6274
36917,38.6972
36918,41.4155
36919,40.0707
36920,42.7507
36921,41.3656
36922,42.543
36923,39.3876
36924,38.8712
36925,36.5821
36926,41.2394
36927,37.3922
36928,38.9492
36929,38.1703
36930,40.0571
36931,40.7453
36932,38.5598
36933,42.0428
36934,37.7371
36935,39.6228
36936,38.8087
36937,41.306
36938,42.3457
36939,40.595
36940,39.0566
36941,38.3768
36942,41.4296
36943,37.2783
36944,38.8313
36945,39.3664
36946,39.8599
36947,40.2979
36948,38.6062
36949,36.9433
36950,39.7733
36951,41.014
36952,41.1919
36953,38.2612
36954,38.8205
36955,39.8105
36956,39.9007
36957,40.3357
36958,40.9007
36959,43.4786
36960,42.5337
36961,41.0606
36962,37.6673
36963,38.8614
36964,42.1515
36965,39.959
36966,40.4441
36967,42.084
36968,41.3771
36969,39.5074
36970,41.7327
36971,39.8575
36972,37.5703
36973,43.1768
36974,35.1177
36975,38.6581
36976,40.8312
36977,38.9916
36978,40.1303
36979,37.245
36980,39.6635
36981,39.0087
36982,39.5397
36983,43.034
36984,38.6917
36985,43.3353
36986,43.4281
36987,37.9311
36988,36.9506
36989,40.1764
36990,38.2779
36991,38.4121
36992,40.6172
36993,38.1497
36994,38.4938
36995,38.6653
36996,40.1078
36997,39.6503
36998,38.7103
36999,40.8068
37000,39.8152
37001,39.9043
37002,39.0935
37003,39.177
37004,43.1929
37005,40.2014
37006,40.2535
37007,38.3429
37008,37.4001
37009,39.7985
37010,41.3062
37011,37.5642
37012,41.6972
37013,41.8155
37014,42.0249
37015,39.0762
37016,39.215
37017,39.5658
37018,37.7773
37019,34.9597
37020,40.0269
37021,43.2282
37022,40.323
37023,43.7427
37024,40.1273
37025,41.426
37026,40.5721
37027,43.3962
37028,37.615
37029,38.942
37030,38.7616
37031,40.6161
37032,39.8558
37033,39.9004
37034,41.7116
37035,38.1172
37036,43.299
37037,38.542
37038,38.9608
37039,39.1956
37040,40.3406
37041,40.5548
37042,38.5744
37043,35.7235
37044,39.8251
37045,40.8338
37046,42.2518
37047,41.2602
37048,42.0608
37049,40.1944
37050,40.4891
37051,41.9155
37052,41.0878
37053,40.708
37054,40.0178
37055,38.2231
37056,36.5486
37057,37.6457
37058,38.5587
37059,40.7571
37060,38.2019
37061,38.2887
37062,39.4682
37063,40.5346
37064,41.7365
37065,37.1393
37066,40.4375
37067,36.48
37068,41.8647
37069,42.1359
37070,41.1806
37071,37.7921
37072,41.841
37073,38.084
37074,42.6724
37075,38.9353
37076,39.0667
37077,42.4978
37078,42.1371
37079,42.7425
37080,38.763
37081,41.8722
37082,40.0719
37083,41.3579
37084,38.542
37085,41.6797
37086,37.78
37087,38.4472
37088,39.543
37089,38.5963
37090,39.7321
37091,41.9762
37092,41.7885
37093,38.7985
37094,42.9085
37095,39.246
37096,44.1313
37097,44.7767
37098,35.1737
37099,40.2357
37100,35.5061
37101,37.7625
37102,38.2533
37103,40.5481
37104,36.5186
37105,36.8586
37106,38.1149
37107,38.1349
37108,38.4431
37109,38.5094
37110,39.8754
37111,38.9854
37112,41.844
37113,38.1783
37114,41.4936
37115,40.9105
37116,40.9741
37117,37.196
37118,41.5034
37119,41.7271
37120,42.0142
37121,43.17
37122,44.7435
37123,38.0977
37124,37.8035
37125,38.9291
37126,39.2343
37127,38.3116
37128,39.7224
37129,39.8231
37130,38.0553
37131,38.0781
37132,40.6174
37133,40.6947
37134,40.2041
37135,37.3505
37136,41.7907
37137,37.9692
37138,38.9273
37139,38.3645
37140,39.5731
37141,37.0648
37142,38.2753
37143,40.7923
37144,37.5221
37145,39.5519
37146,39.0475
37147,39.3616
37148,38.4974
37149,40.7399
37150,39.0818
37151,39.4459
37152,41.4937
37153,40.7998
37154,42.7286
37155,38.9656
37156,44.1945
37157,39.4191
37158,40.2224
37159,39.2892
37160,40.4093
37161,38.6252
37162,38.8164
37163,41.1885
37164,39.3745
37165,40.0005
37166,39.394
37167,40.7984
37168,42.8661
37169,41.2526
37170,37.3689
37171,41.5034
37172,37.4728
37173,38.7743
37174,43.7013
37175,38.8126
37176,37.7227
37177,37.9414
37178,37.5974
37179,39.6376
37180,40.611
37181,39.6307
37182,39.0785
37183,42.6957
37184,36.063
37185,41.7998
37186,39.4189
37187,44.6593
37188,40.9463
37189,42.4089
37190,42.9897
37191,40.0151
37192,41.5519
37193,40.2872
37194,40.311
37195,41.8546
37196,39.941
37197,41.4201
37198,38.807
37199,38.981
37200,42.894
37201,41.3161
37202,41.7495
37203,37.9072
37204,38.1868
37205,39.0473
37206,39.303
37207,36.722
37208,41.7523
37209,39.7217
37210,41.7643
37211,38.9004
37212,39.4342
37213,39.8887
37214,43.0081
37215,38.7244
37216,40.9277
37217,41.289
37218,40.0022
37219,38.1277
37220,39.667
37221,42.7547
37222,41.184
37223,38.3675
37224,38.4327
37225,42.739
37226,40.5087
37227,40.686
37228,38.7411
37229,42.9177
37230,41.3275
37231,40.8076
37232,41.4
37233,40.1589
37234,40.4142
37235,39.121
37236,39.593
37237,41.9997
37238,39.079
37239,40.3723
37240,41.3191
37241,41.3669
37242,34.6593
37243,41.108
37244,42.8657
37245,42.0407
37246,43.0517
37247,37.4779
37248,38.6268
37249,38.1588
37250,44.4875
37251,35.8811
37252,39.482
37253,39.4857
37254,40.0948
37255,41.4032
37256,40.7546
37257,36.8005
37258,41.2168
37259,41.3917
37260,42.538
37261,38.178
37262,39.189
37263,39.8687
37264,40.9144
37265,39.4223
37266,40.1277
37267,38.43
37268,38.3115
37269,39.854
37270,40.2757
37271,40.5243
37272,41.2041
37273,39.4578
37274,41.5965
37275,41.6603
37276,38.9178
37277,39.0986
37278,41.3627
37279,38.7028
37280,38.7877
37281,39.1278
37282,42.5873
37283,40.0068
37284,37.546
37285,37.9628
37286,39.1996
37287,38.3117
37288,38.3724
37289,39.7476
37290,41.1996
37291,36.708
37292,42.7881
37293,40.8999
37294,37.2763
37295,34.5186
37296,35.4649
37297,41.4834
37298,38.0558
37299,39.3303
37300,36.4731
37301,39.7701
37302,40.9586
37303,36.2381
37304,40.1246
37305,40.133
37306,40.3342
37307,43.4978
37308,37.0018
37309,39.5566
37310,40.0016
37311,39.3952
37312,39.4425
37313,40.593
37314,39.1698
37315,43.4514
37316,41.8282
37317,40.3988
37318,41.8257
37319,37.9568
37320,38.5165
37321,39.7804
37322,40.3296
37323,42.3977
37324,36.6906
37325,40.6395
37326,37.2358
37327,37.7933
37328,38.9228
37329,38.0055
37330,39.7399
37331,39.7999
37332,40.0006
37333,40.4077
37334,40.5968
37335,38.5546
37336,38.32
37337,44.8537
37338,37.0497
37339,38.0649
37340,40.235
37341,38.2868
37342,37.5267
37343,40.7435
37344,38.9662
37345,39.1899
37346,41.4646
37347,39.6686
37348,40.4311
37349,35.6799
37350,41.1878
37351,41.4451
37352,42.5087
37353,37.0438
37354,39.1026
37355,38.9504
37356,38.1985
37357,40.3285
37358,40.5164
37359,42.6265
37360,40.6748
37361,43.054
37362,39.5097
37363,43.0978
37364,39.8768
37365,38.8201
37366,38.0227
37367,38.6744
37368,39.0056
37369,39.4738
37370,39.4966
37371,40.9277
37372,41.9716
37373,41.0443
37374,38.2587
37375,39.7807
37376,39.8883
37377,38.9012
37378,38.2052
37379,39.3799
37380,41.4092
37381,42.6609
37382,39.8813
37383,38.4165
37384,38.5303
37385,39.755
37386,41.3319
37387,40.7312
37388,44.3175
37389,39.1665
37390,37.6243
37391,39.2737
37392,38.6708
37393,40.7863
37394,39.1879
37395,40.504
37396,41.3847
37397,41.2042
37398,40.8283
37399,44.1673
37400,37.4171
37401,40.5737
37402,40.8861
37403,41.3314
37404,38.2683
37405,38.3303
37406,37.9923
37407,40.8335
37408,35.9573
37409,42.6269
37410,42.4987
37411,43.9269
37412,41.0365
37413,41.2543
37414,38.6305
37415,38.2086
37416,42.217
37417,38.2495
37418,39.935
37419,38.8168
37420,40.3407
37421,41.9215
37422,41.2667
37423,37.6294
37424,42.7819
37425,36.9506
37426,42.0591
37427,37.4222
37428,37.4399
37429,39.5334
37430,35.7497
37431,38.8299
37432,39.6163
37433,37.1277
37434,41.3914
37435,40.5232
37436,42.0173
37437,38.0303
37438,40.0569
37439,38.2513
37440,38.2633
37441,36.4548
37442,42.373
37443,41.1653
37444,39.7499
37445,40.4352
37446,42.8447
37447,40.1494
37448,32.284
37449,42.7253
37450,37.7753
37451,38.9894
37452,38.2245
37453,38.9136
37454,38.5904
37455,40.0946
37456,38.21
37457,38.9367
37458,39.7914
37459,43.1601
37460,36.3953
37461,42.538
37462,40.8917
37463,40.9658
37464,41.0557
37465,40.1
37466,38.6941
37467,37.6948
37468,37.3137
37469,37.6804
37470,37.847
37471,40.8608
37472,38.1655
37473,37.5864
37474,40.8888
37475,40.2276
37476,40.9961
37477,40.0185
37478,42.3208
37479,41.5763
37480,42.5875
37481,37.9103
37482,44.3715
37483,40.719
37484,35.9814
37485,44.0601
37486,43.1742
37487,37.3596
37488,42.4585
37489,42.5509
37490,41.0218
37491,41.3169
37492,37.3645
37493,39.8386
37494,42.9195
37495,38.2668
37496,39.3317
37497,44.1704
37498,41.5303
37499,39.7746
37500,42.2889
37501,38.4277
37502,39.3175
37503,37.8703
37504,38.4194
37505,39.575
37506,40.0904
37507,40.1149
37508,38.4355
37509,38.9801
37510,41.576
37511,43.0805
37512,43.8732
37513,36.9478
37514,42.0883
37515,39.7726
37516,41.9084
37517,38.9717
37518,42.0173
37519,39.3133
37520,40.1397
37521,40.3864
37522,39.3974
37523,40.5447
37524,41.6333
37525,39.7169
37526,39.7705
37527,39.8216
37528,41.4304
37529,42.4015
37530,41.0183
37531,43.221
37532,42.4185
37533,40.7819
37534,39.8792
37535,37.589
37536,40.6952
37537,41.3132
37538,37.3748
37539,41.6867
37540,40.7039
37541,41.807
37542,39.4051
37543,39.5347
37544,42.7691
37545,40.014
37546,40.2373
37547,35.3474
37548,39.979
37549,42.1415
37550,42.6156
37551,38.2621
37552,38.706
37553,39.5112
37554,40.7171
37555,38.5231
37556,39.1335
37557,39.646
37558,39.6892
37559,39.7259
37560,41.4079
37561,38.6265
37562,42.3187
37563,39.4072
37564,41.4182
37565,39.7815
37566,42.0824
37567,35.857
37568,36.1165
37569,32.8481
37570,38.9328
37571,39.169
37572,37.578
37573,42.4518
37574,37.6327
37575,38.9705
37576,36.9912
37577,37.0443
37578,39.179
37579,38.6469
37580,38.7937
37581,39.8301
37582,39.0993
37583,41.3305
37584,39.9281
37585,39.9366
37586,40.4507
37587,40.5754
37588,37.6021
37589,42.8684
37590,42.8837
37591,43.195
37592,38.4609
37593,40.4725
37594,36.7938
37595,42.9204
37596,41.8752
37597,38.4495
37598,37.7738
37599,36.366
37600,39.3745
37601,36.8879
37602,37.1732
37603,38.5956
37604,39.4966
37605,40.5757
37606,37.8458
37607,43.1641
37608,38.7619
37609,42.0592
37610,40.3818
37611,40.6494
37612,39.7873
37613,40.6089
37614,36.3779
37615,39.7193
37616,37.3815
37617,38.2761
37618,43.9177
37619,38.9261
37620,39.0085
37621,44.1518
37622,40.8191
37623,39.8438
37624,42.0599
37625,37.0954
37626,40.3717
37627,38.2012
37628,39.952
37629,38.1067
37630,39.9793
37631,40.0001
37632,41.2786
37633,37.4477
37634,37.4561
37635,42.5521
37636,41.6782
37637,40.9022
37638,42.2559
37639,37.369
37640,37.5058
37641,35.607
37642,38.0549
37643,41.3746
37644,40.0089
37645,37.0174
37646,40.0731
37647,40.5
37648,39.9223
37649,41.0469
37650,40.158
37651,34.8994
37652,39.0496
37653,41.842
37654,42.5671
37655,39.5841
37656,39.9438
37657,34.3631
37658,40.3946
37659,38.5155
37660,39.1502
37661,37.563
37662,40.9476
37663,39.7564
37664,38.8541
37665,39.2565
37666,40.6726
37667,41.083
37668,40.6652
37669,41.2156
37670,38.3275
37671,38.4584
37672,37.3108
37673,40.321
37674,43.3647
37675,42.459
37676,38.4787
37677,40.6604
37678,38.9738
37679,39.0345
37680,43.279
37681,39.3995
37682,41.6418
37683,41.9526
37684,37.9309
37685,41.727
37686,41.8194
37687,39.3551
37688,38.3683
37689,40.1128
37690,41.1853
37691,41.2703
37692,39.3207
37693,39.4441
37694,41.8714
37695,41.926
37696,36.0229
37697,40.5166
37698,43.2085
37699,38.8936
37700,41.2741
37701,38.4872
37702,39.2677
37703,43.3864
37704,41.3949
37705,40.4133
37706,40.5178
37707,37.8943
37708,41.6724
37709,39.4828
37710,41.5156
37711,40.524
37712,42.8285
37713,41.396
37714,42.6938
37715,39.7783
37716,43.2054
37717,40.3916
37718,41.7281
37719,38.5897
37720,43.273
37721,42.5435
37722,44.4031
37723,42.779
37724,38.0077
37725,40.299
37726,39.3109
37727,37.9961
37728,39.0135
37729,39.1524
37730,38.8248
37731,39.114
37732,40.587
37733,39.6949
37734,40.8613
37735,40.961
37736,41.3624
37737,40.4487
37738,41.7995
37739,41.9757
37740,42.195
37741,37.5401
37742,41.7607
37743,42.0403
37744,45.0748
37745,36.5497
37746,37.1547
37747,40.5627
37748,36.1147
37749,38.3479
37750,41.9739
37751,39.8426
37752,39.8716
37753,44.9773
37754,40.9092
37755,41.2301
37756,41.7355
37757,42.0096
37758,36.9728
37759,44.2263
37760,39.3811
37761,40.6311
37762,41.1102
37763,44.4359
37764,38.6844
37765,41.4282
37766,40.5944
37767,40.3423
37768,41.4444
37769,39.2223
37770,39.1077
37771,40.1366
37772,41.8837
37773,39.9568
37774,39.3068
37775,37.3917
37776,42.3505
37777,40.6795
37778,41.8774
37779,39.8336
37780,40.3249
37781,40.5426
37782,40.551
37783,37.4897
37784,39.9038
37785,39.6802
37786,35.9338
37787,40.5691
37788,40.9905
37789,42.4005
37790,40.5327
37791,41.5412
37792,42.5326
37793,42.6489
37794,42.1404
37795,40.7692
37796,41.555
37797,37.167
37798,38.5399
37799,39.9011
37800,40.6081
37801,40.449
37802,42.6852
37803,36.8411
37804,37.2044
37805,38.1126
37806,35.4609
37807,38.7783
37808,36.9653
37809,40.0326
37810,40.6515
37811,38.3183
37812,41.5821
37813,38.8773
37814,38.3095
37815,41.7535
37816,38.4301
37817,35.0964
37818,36.9915
37819,43.0165
37820,41.0986
37821,43.3969
37822,39.6357
37823,40.4303
37824,37.6738
37825,37.9751
37826,38.3329
37827,38.6639
37828,38.3969
37829,39.4977
37830,39.6329
37831,37.7477
37832,40.8306
37833,38.3873
37834,39.4817
37835,39.5691
37836,41.7195
37837,40.7851
37838,40.3093
37839,39.7619
37840,39.2397
37841,38.4227
37842,36.079
37843,45.3338
37844,40.4739
37845,39.8489
37846,37.2809
37847,36.8184
37848,41.6599
37849,42.2675
37850,38.8548
37851,46.0947
37852,40.429
37853,40.793
37854,41.1878
37855,40.8078
37856,39.8205
37857,43.7761
37858,37.8099
37859,37.4993
37860,37.5451
37861,37.7982
37862,37.8484
37863,41.0555
37864,38.2017
37865,38.3508
37866,41.6551
37867,39.1462
37868,40.4036
37869,37.7726
37870,40.9213
37871,38.0364
37872,38.5068
37873,41.0377
37874,38.1402
37875,41.3075
37876,41.0104
37877,42.046
37878,41.1273
37879,35.2169
37880,39.5084
37881,45.1237
37882,37.2098
37883,39.2056
37884,38.0932
37885,40.3807
37886,39.643
37887,40.6809
37888,40.1261
37889,37.4418
37890,39.8263
37891,38.9724
37892,41.2211
37893,40.4093
37894,38.7497
37895,40.7696
37896,40.9331
37897,40.0791
37898,40.2792
37899,40.5259
37900,41.4824
37901,43.4909
37902,41.6551
37903,41.9927
37904,37.1268
37905,39.3714
37906,40.3392
37907,37.6653
37908,42.0684
37909,42.0895
37910,36.4409
37911,37.2373
37912,38.3633
37913,39.0054
37914,39.6971
37915,40.5396
37916,36.7274
37917,36.9589
37918,37.9843
37919,40.2825
37920,41.4193
37921,38.1734
37922,44.4419
37923,40.6839
37924,37.8286
37925,38.7368
37926,42.8646
37927,39.5476
37928,38.6522
37929,40.2833
37930,39.3235
37931,39.4358
37932,40.5306
37933,40.5521
37934,39.6178
37935,39.8792
37936,41.1808
37937,36.3065
37938,41.4332
37939,40.933
37940,36.9581
37941,40.1234
37942,42.2035
37943,37.6637
37944,39.7484
37945,45.2012
37946,36.5974
37947,39.7654
37948,40.9254
37949,41.9853
37950,37.7792
37951,38.4867
37952,40.5073
37953,45.5574
37954,40.3053
37955,42.6514
37956,41.07
37957,43.3901
37958,41.7516
37959,41.9397
37960,41.3535
37961,37.4356
37962,38.6678
37963,40.07
37964,37.9618
37965,38.1472
37966,43.4668
37967,39.9582
37968,38.0788
37969,40.4751
37970,40.5088
37971,40.3447
37972,38.5348
37973,39.6575
37974,38.9568
37975,40.2711
37976,41.3937
37977,38.6342
37978,40.6426
37979,39.8148
37980,39.8244
37981,41.2921
37982,40.765
37983,38.3773
37984,38.9338
37985,41.2681
37986,42.7171
37987,37.733
37988,38.2445
37989,39.3478
37990,39.3914
37991,39.4842
37992,39.8173
37993,40.3493
37994,35.5616
37995,41.3753
37996,41.5937
37997,44.7107
37998,35.4544
37999,40.5497
38000,38.9276
38001,37.1318
38002,40.2269
38003,39.5478
38004,42.707
38005,36.8293
38006,40.4838
38007,37.8997
38008,37.9536
38009,41.0936
38010,37.3284
38011,39.3869
38012,37.4957
38013,42.2244
38014,42.5392
38015,39.9582
38016,38.3122
38017,38.9295
38018,37.3423
38019,38.7941
38020,38.921
38021,38.066
38022,41.5072
38023,40.8852
38024,42.0316
38025,37.4078
38026,41.6419
38027,40.6976
38028,41.0555
38029,40.3223
38030,38.3441
38031,44.5283
38032,38.7041
38033,43.717
38034,42.65
38035,37.7247
38036,39.833
38037,40.1063
38038,37.6199
38039,41.7272
38040,39.1876
38041,40.8332
38042,40.9244
38043,42.8161
38044,43.1973
38045,39.3872
38046,43.2346
38047,39.3615
38048,40.1388
38049,40.8483
38050,38.9731
38051,41.2347
38052,41.5631
38053,38.5977
38054,41.6231
38055,38.1997
38056,40.6253
38057,43.2839
38058,39.3392
38059,44.135
38060,40.1706
38061,38.6473
38062,39.1566
38063,40.2087
38064,38.1887
38065,41.8034
38066,38.4863
38067,37.2116
38068,40.6549
38069,38.3479
38070,39.3541
38071,39.6645
38072,41.4355
38073,36.9169
38074,40.8188
38075,42.9113
38076,40.3282
38077,36.4493
38078,44.4678
38079,42.2784
38080,37.9694
38081,41.9958
38082,38.4387
38083,38.6512
38084,38.6946
38085,40.3316
38086,40.629
38087,37.0375
38088,37.0962
38089,43.5463
38090,40.1423
38091,42.2077
38092,38.384
38093,39.5391
38094,43.9986
38095,42.4999
38096,40.9086
38097,42.0443
38098,36.1589
38099,43.3933
38100,39.2151
38101,40.071
38102,40.5459
38103,39.6762
38104,40.0078
38105,38.215
38106,41.2234
38107,38.8797
38108,40.9682
38109,38.0817
38110,42.5246
38111,41.6492
38112,39.7916
38113,39.8154
38114,40.8442
38115,39.4693
38116,38.602
38117,40.1145
38118,40.123
38119,34.896
38120,41.1211
38121,38.2092
38122,38.9584
38123,37.9774
38124,38.7676
38125,41.0864
38126,41.7946
38127,40.5528
38128,39.5713
38129,40.5805
38130,40.5895
38131,38.8122
38132,39.8484
38133,39.2466
38134,40.3626
38135,40.3893
38136,39.6995
38137,37.6421
38138,40.4869
38139,41.0965
38140,38.1803
38141,34.4079
38142,39.9545
38143,39.6327
38144,39.9234
38145,43.4175
38146,43.368
38147,36.4918
38148,42.9291
38149,40.981
38150,37.0314
38151,41.1371
38152,41.5377
38153,39.2189
38154,38.3452
38155,42.4019
38156,36.526
38157,36.5635
38158,36.9251
38159,38.3428
38160,40.1475
38161,38.2006
38162,40.4758
38163,40.7062
38164,38.8081
38165,37.0903
38166,41.49
38167,38.4889
38168,40.712
38169,39.7878
38170,39.8338
38171,40.1265
38172,42.7354
38173,41.7614
38174,41.7725
38175,41.9152
38176,40.9917
38177,41.7708
38178,35.6255
38179,40.7212
38180,41.8946
38181,42.9276
38182,44.4656
38183,40.536
38184,40.4196
38185,39.448
38186,38.63
38187,40.7661
38188,42.3876
38189,40.6654
38190,38.7303
38191,40.4424
38192,40.4064
38193,40.1132
38194,42.3159
38195,37.4169
38196,39.2943
38197,34.814
38198,40.668
38199,39.0831
38200,37.7508
38201,41.8323
38202,37.9292
38203,39.9855
38204,38.6215
38205,40.633
38206,38.9166
38207,38.3614
38208,39.7276
38209,39.7898
38210,40.5712
38211,41.2787
38212,41.7585
38213,39.4018
38214,42.618
38215,37.0512
38216,36.7314
38217,39.4855
38218,39.7267
38219,40.2337
38220,40.3983
38221,41.4364
38222,39.6811
38223,36.699
38224,42.1706
38225,37.9691
38226,39.0589
38227,41.5665
38228,37.6052
38229,41.66
38230,39.1443
38231,39.2219
38232,38.6264
38233,40.6587
38234,41.8752
38235,46.5027
38236,41.9394
38237,38.5156
38238,40.5355
38239,39.5458
38240,43.6057
38241,37.9076
38242,36.8423
38243,39.1413
38244,39.2616
38245,41.418
38246,37.579
38247,38.7936
38248,40.3193
38249,39.6631
38250,38.5369
38251,42.7606
38252,42.769
38253,40.9718
38254,40.2913
38255,40.7072
38256,37.726
38257,41.8903
38258,37.2286
38259,37.6368
38260,40.5479
38261,38.7459
38262,41.582
38263,36.8881
38264,38.611
38265,38.8649
38266,38.2137
38267,39.7828
38268,39.8555
38269,40.316
38270,41.4895
38271,40.5378
38272,41.6607
38273,42.7117
38274,41.7842
38275,41.8594
38276,43.1349
38277,38.4091
38278,40.8613
38279,38.0272
38280,43.0415
38281,39.1849
38282,38.717
38283,37.1085
38284,44.117
38285,43.94
38286,38.4857
38287,41.1458
38288,42.5198
38289,36.5314
38290,38.1125
38291,35.1986
38292,38.7893
38293,38.9209
38294,37.9377
38295,38.3132
38296,39.085
38297,46.1433
38298,42.1625
38299,39.4071
38300,40.8907
38301,43.0125
38302,38.056
38303,38.8053
38304,39.2681
38305,42.7617
38306,41.8301
38307,39.0982
38308,39.6557
38309,44.1635
38310,39.1765
38311,40.3722
38312,38.8581
38313,41.6235
38314,38.4726
38315,39.9433
38316,38.513
38317,36.6461
38318,39.9389
38319,39.9477
38320,40.7842
38321,37.8268
38322,39.0401
38323,37.129
38324,42.4935
38325,40.9359
38326,41.6065
38327,37.318
38328,42.4816
38329,42.6423
38330,40.3774
38331,40.4661
38332,39.2339
38333,36.9151
38334,39.5602
38335,38.1561
38336,43.0594
38337,39.2141
38338,41.0967
38339,39.1609
38340,39.4068
38341,38.7533
38342,40.0214
38343,39.063
38344,41.1583
38345,41.3217
38346,38.4513
38347,40.1309
38348,41.2144
38349,40.7841
38350,42.4852
38351,41.6166
38352,41.6995
38353,39.437
38354,39.4691
38355,41.2081
38356,38.398
38357,38.572
38358,36.6484
38359,42.9497
38360,41.3555
38361,38.3404
38362,42.9989
38363,39.6366
38364,35.9947
38365,37.6493
38366,35.8201
38367,39.9103
38368,38.0721
38369,38.1438
38370,38.6445
38371,38.6928
38372,39.3329
38373,39.3849
38374,39.4037
38375,39.4465
38376,38.4575
38377,37.667
38378,38.8556
38379,40.1469
38380,38.6861
38381,39.7263
38382,41.173
38383,42.4669
38384,41.5523
38385,36.5638
38386,40.6079
38387,41.7816
38388,38.1192
38389,41.1858
38390,38.2944
38391,38.3091
38392,37.1242
38393,44.3787
38394,36.8436
38395,35.2028
38396,38.2754
38397,37.4535
38398,41.7891
38399,37.2897
38400,40.1663
38401,41.2986
38402,43.6284
38403,40.1189
38404,40.3633
38405,40.513
38406,40.5566
38407,43.009
38408,45.7279
38409,38.2034
38410,38.9527
38411,42.0185
38412,40.9398
38413,42.4001
38414,43.6313
38415,41.0341
38416,42.4652
38417,37.9675
38418,39.8838
38419,40.5503
38420,41.7415
38421,39.8057
38422,41.6321
38423,43.0953
38424,37.9853
38425,43.0166
38426,34.6396
38427,41.9226
38428,41.4173
38429,38.5697
38430,38.3833
38431,40.4132
38432,35.5604
38433,40.5707
38434,36.2191
38435,43.3158
38436,38.8772
38437,37.0758
38438,40.1749
38439,44.4273
38440,37.5811
38441,37.614
38442,36.9897
38443,38.1858
38444,38.238
38445,41.3648
38446,39.7726
38447,37.8542
38448,40.98
38449,41.1883
38450,38.617
38451,41.9007
38452,43.3232
38453,43.3442
38454,44.7441
38455,38.4097
38456,40.576
38457,38.8099
38458,38.9115
38459,40.9636
38460,38.0756
38461,38.2051
38462,39.3119
38463,41.3612
38464,39.8062
38465,41.9318
38466,36.3671
38467,42.4731
38468,41.6545
38469,41.1646
38470,40.1991
38471,41.3622
38472,42.0736
38473,42.1044
38474,42.2424
38475,42.419
38476,38.4593
38477,42.7751
38478,39.8013
38479,37.9004
38480,40.29
38481,40.8445
38482,41.5233
38483,38.5699
38484,40.4729
38485,40.5827
38486,40.6022
38487,39.994
38488,36.9134
38489,37.5093
38490,41.5656
38491,37.5804
38492,37.7822
38493,38.3394
38494,38.7785
38495,38.8431
38496,39.0089
38497,39.3878
38498,38.8231
38499,40.6401
38500,40.7488
38501,36.8159
38502,41.8819
38503,41.0059
38504,41.9332
38505,38.2398
38506,41.0405
38507,39.2233
38508,43.5943
38509,40.0348
38510,39.8453
38511,40.2283
38512,40.8564
38513,43.7457
38514,40.3046
38515,39.0984
38516,37.2868
38517,38.5265
38518,37.1319
38519,40.1404
38520,45.6551
38521,42.0269
38522,42.0647
38523,38.8425
38524,39.1432
38525,39.2285
38526,39.2606
38527,40.0591
38528,40.187
38529,40.2991
38530,41.0918
38531,38.9255
38532,41.1439
38533,39.2713
38534,39.5862
38535,39.5958
38536,40.2185
38537,40.2472
38538,40.3638
38539,41.2915
38540,43.1691
38541,39.284
38542,39.5597
38543,35.0255
38544,40.2946
38545,44.7189
38546,39.4184
38547,41.9838
38548,41.3309
38549,37.6597
38550,44.1068
38551,39.2121
38552,43.681
38553,42.35
38554,40.7185
38555,38.3031
38556,37.5615
38557,41.3679
38558,41.5408
38559,39.4911
38560,38.5998
38561,40.8608
38562,42.0887
38563,35.4423
38564,39.509
38565,39.7329
38566,40.5057
38567,42.6063
38568,42.0894
38569,43.4712
38570,42.7531
38571,36.3866
38572,39.4657
38573,38.6597
38574,40.5855
38575,37.241
38576,41.1517
38577,41.1956
38578,41.8159
38579,38.9607
38580,39.1733
38581,43.5856
38582,40.9708
38583,41.996
38584,39.4337
38585,41.7329
38586,44.0411
38587,38.5155
38588,41.5678
38589,43.2001
38590,37.8237
38591,38.36
38592,42.694
38593,37.0798
38594,39.0883
38595,37.1892
38596,42.1464
38597,39.5212
38598,40.5347
38599,40.7302
38600,38.82
38601,40.8385
38602,43.7289
38603,41.0699
38604,40.1032
38605,42.4616
38606,40.6121
38607,41.853
38608,43.1537
38609,38.9445
38610,40.1716
38611,41.1689
38612,38.1773
38613,38.9001
38614,36.3547
38615,36.3955
38616,40.0688
38617,39.7273
38618,41.1939
38619,38.3608
38620,38.5976
38621,38.9228
38622,40.0461
38623,39.4631
38624,39.9773
38625,40.1381
38626,41.2995
38627,38.33
38628,41.405
38629,41.1228
38630,41.2038
38631,39.2722
38632,35.9014
38633,41.0725
38634,36.9472
38635,38.1288
38636,39.6004
38637,42.7242
38638,38.7744
38639,42.1045
38640,40.3172
38641,40.6766
38642,41.4743
38643,36.5163
38644,40.711
38645,40.9656
38646,42.0226
38647,42.7373
38648,39.9236
38649,43.2045
38650,37.3749
38651,39.4468
38652,39.5892
38653,41.1008
38654,39.2322
38655,38.7188
38656,37.2907
38657,42.9976
38658,40.1655
38659,40.715
38660,36.8588
38661,39.175
38662,41.0492
38663,39.4735
38664,41.8634
38665,38.2966
38666,37.5846
38667,38.6816
38668,36.7449
38669,43.6463
38670,37.4414
38671,37.6573
38672,42.8691
38673,38.6599
38674,39.4199
38675,40.2405
38676,41.4126
38677,36.8901
38678,41.139
38679,39.0864
38680,41.2531
38681,43.3777
38682,39.6231
38683,39.8688
38684,39.2188
38685,37.0113
38686,38.9352
38687,42.9943
38688,39.2946
38689,43.3038
38690,38.1337
38691,39.3151
38692,39.3512
38693,38.489
38694,36.5579
38695,41.6954
38696,39.1438
38697,41.1207
38698,42.9672
38699,41.8941
38700,38.9025
38701,38.3747
38702,39.6035
38703,42.9021
38704,37.163
38705,38.7753
38706,39.3949
38707,39.5562
38708,40.7064
38709,39.7148
38710,40.9618
38711,40.7013
38712,40.816
38713,35.5145
38714,38.8655
38715,39.2765
38716,43.3077
38717,40.3443
38718,40.3851
38719,37.6039
38720,41.0692
38721,41.0776
38722,38.126
38723,41.337
38724,37.6279
38725,40.9294
38726,38.3577
38727,41.7094
38728,42.9719
38729,38.7755
38730,40.3383
38731,40.6365
38732,37.9308
38733,37.7097
38734,36.889
38735,38.6952
38736,38.7871
38737,37.4038
38738,41.8691
38739,39.221
38740,33.8413
38741,37.6178
38742,36.7865
38743,43.4283
38744,36.4368
38745,41.8195
38746,39.3978
38747,40.4352
38748,43.4983
38749,42.5248
38750,37.5695
38751,39.6964
38752,39.7638
38753,37.8699
38754,40.9571
38755,44.5349
38756,39.675
38757,38.0639
38758,42.4942
38759,39.6809
38760,43.0488
38761,42.2499
38762,37.4099
38763,42.5914
38764,38.9489
38765,42.176
38766,38.8182
38767,41.2506
38768,38.4638
38769,38.671
38770,40.4331
38771,39.8198
38772,39.8873
38773,41.9194
38774,41.1651
38775,40.4175
38776,40.5166
38777,41.8937
38778,35.3133
38779,41.3538
38780,40.247
38781,37.6481
38782,43.7305
38783,38.2682
38784,35.9855
38785,36.0443
38786,41.5245
38787,40.9454
38788,42.4084
38789,38.4622
38790,39.8894
38791,36.4377
38792,39.6397
38793,40.2896
38794,43.5435
38795,41.1616
38796,42.4452
38797,42.5154
38798,44.8985
38799,42.4549
38800,37.3151
38801,43.0199
38802,41.0565
38803,38.5961
38804,36.8369
38805,39.4664
38806,40.443
38807,40.8078
38808,42.2812
38809,42.6921
38810,42.8961
38811,37.6174
38812,39.7572
38813,41.89
38814,42.9863
38815,43.4821
38816,36.3259
38817,38.6999
38818,39.8232
38819,42.3207
38820,40.2433
38821,43.4266
38822,39.5537
38823,38.7317
38824,41.6165
38825,38.3131
38826,36.45
38827,41.5798
38828,43.8534
38829,37.976
38830,40.0382
38831,41.2402
38832,39.1127
38833,38.1491
38834,41.6184
38835,41.0187
38836,42.3278
38837,41.4486
38838,44.4807
38839,41.1882
38840,37.6144
38841,43.0128
38842,39.0723
38843,40.1261
38844,39.177
38845,39.324
38846,41.6061
38847,40.3391
38848,40.3475
38849,41.2207
38850,41.485
38851,39.6409
38852,38.0979
38853,40.3137
38854,38.4941
38855,41.7701
38856,38.2759
38857,38.7736
38858,39.2977
38859,43.3847
38860,42.4392
38861,41.6674
38862,38.6976
38863,42.2817
38864,38.3605
38865,40.3636
38866,38.8738
38867,41.2259
38868,41.5746
38869,42.0726
38870,38.0652
38871,39.6614
38872,39.1911
38873,39.9163
38874,40.0255
38875,42.4309
38876,39.5847
38877,40.6666
38878,38.1304
38879,43.1388
38880,38.1946
38881,44.1803
38882,40.7012
38883,41.2501
38884,41.7721
38885,40.8568
38886,38.6437
38887,40.4616
38888,39.7487
38889,41.54
38890,38.8573
38891,38.9333
38892,39.6417
38893,42.8152
38894,40.0664
38895,38.0877
38896,38.1609
38897,40.8575
38898,38.3327
38899,40.8019
38900,39.8156
38901,35.982
38902,42.0189
38903,39.2164
38904,43.7687
38905,42.8304
38906,38.9944
38907,39.2383
38908,37.4123
38909,40.8944
38910,41.9815
38911,41.5787
38912,42.1794
38913,38.2317
38914,39.058
38915,38.2106
38916,40.9644
38917,39.4743
38918,41.7224
38919,36.8327
38920,40.6184
38921,39.4235
38922,38.1184
38923,39.815
38924,37.0083
38925,41.0803
38926,37.1926
38927,37.201
38928,38.5166
38929,35.9739
38930,38.6342
38931,37.8259
38932,38.8664
38933,38.146
38934,37.3725
38935,40.5552
38936,42.2415
38937,42.6724
38938,41.9618
38939,41.3206
38940,41.5743
38941,37.6777
38942,40.0624
38943,40.5621
38944,38.6368
38945,42.6782
38946,36.2585
38947,37.6697
38948,39.8788
38949,38.9751
38950,41.2551
38951,39.5321
38952,42.0573
38953,40.9247
38954,37.7907
38955,37.9157
38956,42.2426
38957,38.5217
38958,39.2064
38959,39.8209
38960,40.2182
38961,40.5474
38962,39.0888
38963,40.3573
38964,40.5037
38965,41.5748
38966,41.4871
38967,43.1413
38968,37.4862
38969,37.136
38970,38.6142
38971,41.6376
38972,39.6165
38973,39.6251
38974,39.3961
38975,40.4396
38976,41.0193
38977,42.1847
38978,38.6515
38979,40.5886
38980,40.5971
38981,38.6649
38982,44.0588
38983,40.3729
38984,38.4065
38985,41.5464
38986,40.8121
38987,38.4654
38988,39.7626
38989,41.4559
38990,40.6762
38991,41.452
38992,37.5105
38993,41.55
38994,38.5647
38995,41.9008
38996,42.214
38997,40.508
38998,42.7906
38999,38.9122
39000,41.1656
39001,41.8564
39002,36.8813
39003,37.4059
39004,39.3001
39005,39.3807
39006,34.4497
39007,39.3444
39008,38.3432
39009,37.3686
39010,37.9311
39011,40.1738
39012,42.3745
39013,37.528
39014,36.5754
39015,37.3588
39016,37.9514
39017,38.8142
39018,38.2404
39019,38.2794
39020,42.3832
39021,42.6296
39022,41.08
39023,37.1021
39024,41.1106
39025,40.1244
39026,40.5899
39027,38.4902
39028,41.7434
39029,42.0635
39030,39.3625
39031,39.7702
39032,39.9674
39033,43.1
39034,38.46
39035,39.8439
39036,41.5149
39037,36.3384
39038,40.7079
39039,42.9258
39040,45.1814
39041,36.7526
39042,40.88
39043,39.5935
39044,37.5166
39045,38.9967
39046,37.7155
39047,39.2581
39048,42.2854
39049,41.0735
39050,42.177
39051,42.0438
39052,42.0697
39053,37.5887
39054,38.3578
39055,41.5266
39056,42.1037
39057,39.2513
39058,40.3268
39059,40.3352
39060,39.4107
39061,35.5375
39062,40.6346
39063,40.6982
39064,37.7661
39065,36.3803
39066,39.8016
39067,38.9217
39068,37.5744
39069,37.864
39070,38.9419
39071,41.7002
39072,40.8148
39073,40.6111
39074,39.8416
39075,40.3479
39076,43.6849
39077,42.434
39078,40.0925
39079,40.2632
39080,40.6078
39081,41.0381
39082,44.5908
39083,37.0269
39084,38.984
39085,37.126
39086,39.6165
39087,41.6864
39088,39.6996
39089,38.7842
39090,41.9904
39091,38.5172
39092,41.5898
39093,42.6542
39094,42.9179
39095,42.265
39096,40.4365
39097,40.2302
39098,40.7485
39099,41.5589
39100,42.3016
39101,39.5981
39102,39.8148
39103,40.0725
39104,40.288
39105,40.4474
39106,38.9953
39107,39.4066
39108,37.0717
39109,40.8239
39110,38.8875
39111,40.2866
39112,38.8897
39113,40.0615
39114,39.8735
39115,38.0562
39116,39.1515
39117,39.3953
39118,43.5904
39119,40.3052
39120,41.5559
39121,39.7006
39122,39.3763
39123,40.801
39124,40.9898
39125,39.332
39126,41.8878
39127,43.9794
39128,39.9879
39129,40.2566
39130,41.6819
39131,42.005
39132,38.1797
39133,39.4449
39134,40.9827
39135,42.1167
39136,42.2496
39137,37.9312
39138,44.3274
39139,37.7327
39140,40.0978
39141,38.019
39142,35.9467
39143,43.7272
39144,36.7911
39145,37.1212
39146,39.508
39147,37.7704
39148,40.7788
39149,40.9353
39150,35.5151
39151,36.8534
39152,40.4564
39153,41.3211
39154,41.4262
39155,38.6632
39156,43.7599
39157,38.9539
39158,42.2494
39159,39.7126
39160,35.1109
39161,38.9234
39162,36.9446
39163,47.3947
39164,37.8229
39165,37.9833
39166,37.5777
39167,42.7672
39168,39.8774
39169,35.1931
39170,37.2067
39171,36.771
39172,41.8221
39173,43.9809
39174,43.3479
39175,38.96
39176,44.6713
39177,42.8196
39178,36.966
39179,39.3923
39180,38.0209
39181,40.5818
39182,37.6221
39183,40.4753
39184,42.5268
39185,40.9148
39186,36.3872
39187,42.5268
39188,41.5599
39189,41.7253
39190,37.9606
39191,38.9421
39192,36.0905
39193,39.1417
39194,39.8275
39195,40.4449
39196,39.3197
39197,42.3457
39198,38.4356
39199,38.2255
39200,41.8821
39201,41.1342
39202,38.2269
39203,41.5598
39204,38.9121
39205,39.5859
39206,38.6588
39207,39.147
39208,43.5777
39209,41.7719
39210,39.2705
39211,37.938
39212,41.0673
39213,36.6115
39214,38.3984
39215,36.7129
39216,37.2662
39217,40.1695
39218,38.2214
39219,40.3166
39220,38.4928
39221,44.7065
39222,37.3977
39223,43.5391
39224,38.3911
39225,39.4464
39226,39.6681
39227,38.7232
39228,40.8823
39229,41.1876
39230,39.2135
39231,44.6761
39232,37.9436
39233,39.0621
39234,39.7615
39235,40.0262
39236,38.8707
39237,36.8872
39238,40.6259
39239,39.3643
39240,43.7322
39241,38.614
39242,44.2697
39243,40.7148
39244,41.2456
39245,40.461
39246,36.8238
39247,38.4097
39248,38.5659
39249,37.7339
39250,38.9807
39251,42.2663
39252,38.6072
39253,42.7368
39254,40.1433
39255,35.6241
39256,39.0603
39257,37.0153
39258,44.8119
39259,39.0855
39260,39.676
39261,40.2961
39262,38.5127
39263,39.6936
39264,35.7092
39265,43.0119
39266,38.3022
39267,36.398
39268,41.5551
39269,36.8306
39270,38.2176
39271,38.6499
39272,38.9421
39273,41.3023
39274,41.3737
39275,39.4573
39276,37.9142
39277,39.9576
39278,40.2834
39279,37.9525
39280,42.8051
39281,41.9566
39282,39.0105
39283,37.0354
39284,37.1754
39285,41.3998
39286,36.2726
39287,39.6957
39288,39.8893
39289,41.4481
39290,36.4454
39291,39.5633
39292,39.9812
39293,38.8283
39294,38.8552
39295,38.6074
39296,41.1409
39297,43.2256
39298,43.5606
39299,37.6455
39300,43.9978
39301,41.0959
39302,40.2541
39303,39.2625
39304,40.5621
39305,38.5896
39306,39.2847
39307,38.2058
39308,40.4946
39309,41.7016
39310,42.0181
39311,41.1365
39312,41.2393
39313,37.341
39314,38.213
39315,39.4992
39316,44.6374
39317,40.1662
39318,40.2523
39319,39.0571
39320,41.6428
39321,40.7042
39322,35.8903
39323,41.9195
39324,41.6583
39325,41.81
39326,38.2841
39327,39.6109
39328,40.3177
39329,39.823
39330,40.5087
39331,37.5
39332,41.7419
39333,36.9838
39334,38.2876
39335,39.5134
39336,39.5068
39337,40.7332
39338,40.3322
39339,41.2682
39340,39.6406
39341,39.8775
39342,36.5083
39343,41.2145
39344,37.7304
39345,41.9688
39346,36.4232
39347,37.4622
39348,36.6907
39349,39.3231
39350,40.0657
39351,39.4702
39352,37.8511
39353,41.031
39354,38.7331
39355,42.7018
39356,39.9124
39357,41.6469
39358,40.684
39359,38.8224
39360,40.5013
39361,39.7744
39362,42.0823
39363,40.1791
39364,42.7501
39365,37.885
39366,41.1401
39367,36.5915
39368,41.8933
39369,39.1528
39370,39.2307
39371,37.8456
39372,43.1774
39373,38.7007
39374,40.3745
39375,41.4772
39376,37.6726
39377,40.9516
39378,40.3794
39379,37.5735
39380,35.761
39381,39.005
39382,45.1906
39383,41.4734
39384,37.0101
39385,40.3177
39386,38.2442
39387,38.6651
39388,38.9149
39389,38.1277
39390,39.3269
39391,40.6831
39392,41.06
39393,42.4137
39394,40.57
39395,41.8604
39396,40.0093
39397,43.0317
39398,41.6232
39399,41.6767
39400,40.2549
39401,35.3457
39402,37.6897
39403,41.8987
39404,38.2482
39405,38.2626
39406,38.5835
39407,38.6582
39408,41.2165
39409,39.3078
39410,37.7339
39411,39.9561
39412,40.8479
39413,43.0862
39414,41.6055
39415,39.8054
39416,43.7495
39417,38.7703
39418,41.9789
39419,39.0915
39420,39.8849
39421,38.3253
39422,42.4845
39423,41.6037
39424,41.1313
39425,40.4966
39426,41.3869
39427,41.4878
39428,46.1465
39429,41.1778
39430,40.3337
39431,36.3536
39432,37.5547
39433,38.2536
39434,37.6416
39435,39.7596
39436,38.9432
39437,40.2396
39438,36.6412
39439,40.7379
39440,39.8972
39441,36.5477
39442,38.5874
39443,41.251
39444,37.5372
39445,42.2053
39446,42.4802
39447,38.9409
39448,37.8384
39449,39.3185
39450,36.8489
39451,40.3844
39452,40.4038
39453,38.5684
39454,40.5803
39455,40.8366
39456,41.1254
39457,41.6121
39458,40.6769
39459,45.0092
39460,40.5537
39461,40.5631
39462,40.7782
39463,39.4024
39464,37.1956
39465,37.7019
39466,39.9671
39467,40.0839
39468,38.6161
39469,40.754
39470,41.7274
39471,38.904
39472,43.0244
39473,40.8849
39474,37.6772
39475,38.7249
39476,40.9041
39477,39.4231
39478,39.4532
39479,39.7585
39480,40.1151
39481,38.3081
39482,38.8016
39483,39.2648
39484,41.8061
39485,42.0232
39486,34.8756
39487,38.1899
39488,39.7409
39489,39.0183
39490,41.0645
39491,40.2594
39492,36.9676
39493,39.5357
39494,37.6893
39495,40.496
39496,39.5286
39497,39.606
39498,39.9592
39499,38.0388
39500,43.0109
39501,38.0938
39502,37.229
39503,37.3906
39504,40.2403
39505,41.2874
39506,41.792
39507,41.8701
39508,44.9973
39509,39.0896
39510,40.2186
39511,39.4305
39512,39.6013
39513,42.8237
39514,39.1201
39515,40.4397
39516,39.7964
39517,40.5911
39518,37.5337
39519,41.1846
39520,38.8519
39521,39.288
39522,42.4004
39523,37.4318
39524,36.2338
39525,35.2422
39526,38.4941
39527,40.5505
39528,41.0153
39529,40.0935
39530,43.7986
39531,37.1552
39532,38.2151
39533,35.2308
39534,39.8977
39535,42.4589
39536,41.5103
39537,40.7252
39538,39.7219
39539,40.3825
39540,39.489
39541,38.3671
39542,39.3272
39543,40.4069
39544,41.1975
39545,41.3129
39546,41.3264
39547,38.917
39548,41.9433
39549,40.0961
39550,38.1311
39551,39.611
39552,44.0504
39553,40.2729
39554,40.5567
39555,40.7488
39556,37.7572
39557,38.9395
39558,38.0984
39559,41.131
39560,37.1854
39561,41.8938
39562,43.0065
39563,43.0532
39564,43.6965
39565,38.7403
39566,39.8834
39567,40.9587
39568,42.0263
39569,40.7154
39570,40.8655
39571,38.2336
39572,38.433
39573,39.4826
39574,40.7355
39575,38.2202
39576,39.3276
39577,43.5492
39578,44.7204
39579,37.1595
39580,42.0574
39581,39.4202
39582,39.5815
39583,37.6692
39584,40.807
39585,40.1852
39586,40.0774
39587,38.8892
39588,38.3922
39589,42.5604
39590,39.6274
39591,44.7219
39592,43.3402
39593,34.3603
39594,40.4563
39595,40.8325
39596,36.8421
39597,40.9964
39598,42.3405
39599,37.742
39600,34.8021
39601,39.0699
39602,42.3121
39603,38.3253
39604,38.4775
39605,42.6237
39606,41.1285
39607,39.6461
39608,39.7063
39609,37.7974
39610,37.9946
39611,40.0481
39612,39.4994
39613,39.9596
39614,42.0224
39615,38.5072
39616,40.9058
39617,42.2819
39618,41.395
39619,37.499
39620,37.8874
39621,41.9339
39622,39.9963
39623,40.1081
39624,39.0298
39625,38.4193
39626,41.8342
39627,42.0441
39628,40.3251
39629,41.6898
39630,39.9689
39631,40.9773
39632,40.3816
39633,40.5012
39634,38.0735
39635,38.5321
39636,37.5783
39637,42.4308
39638,43.5701
39639,43.6769
39640,37.9825
39641,42.1131
39642,39.8624
39643,40.9378
39644,42.2745
39645,41.4673
39646,36.8946
39647,41.031
39648,40.4059
39649,42.6864
39650,37.756
39651,42.7742
39652,38.3488
39653,39.3816
39654,42.5386
39655,40.3877
39656,40.9647
39657,41.47
39658,41.4954
39659,43.1088
39660,37.7246
39661,43.9178
39662,42.0192
39663,41.6336
39664,38.6655
39665,44.868
39666,41.0479
39667,40.1445
39668,40.3625
39669,40.1746
39670,39.8954
39671,36.6932
39672,40.1369
39673,41.6686
39674,41.2374
39675,45.1242
39676,42.3095
39677,36.5707
39678,40.1022
39679,38.2076
39680,37.8083
39681,38.3104
39682,40.477
39683,39.3787
39684,39.8808
39685,42.9024
39686,41.1179
39687,40.953
39688,41.2096
39689,41.8083
39690,42.0756
39691,37.9792
39692,38.3786
39693,38.4482
39694,37.7457
39695,39.0308
39696,38.4124
39697,39.9558
39698,41.265
39699,39.5046
39700,43.513
39701,42.1451
39702,39.3186
39703,41.2146
39704,37.3947
39705,41.4132
39706,41.43
39707,39.589
39708,39.8044
39709,40.5311
39710,40.7956
39711,41.6718
39712,42.916
39713,38.1743
39714,38.5504
39715,44.0147
39716,40.8094
39717,37.3093
39718,42.0022
39719,39.2902
39720,39.115
39721,39.3865
39722,40.499
39723,38.9839
39724,38.4795
39725,38.7189
39726,39.5121
39727,39.5465
39728,39.155
39729,37.7561
39730,40.0335
39731,41.152
39732,41.0117
39733,41.5966
39734,39.6807
39735,41.8972
39736,36.0064
39737,41.1904
39738,37.3036
39739,38.4773
39740,41.2044
39741,38.3316
39742,40.436
39743,38.5376
39744,40.24
39745,39.5111
39746,40.2679
39747,41.1184
39748,39.748
39749,40.2713
39750,42.0829
39751,36.3287
39752,40.0932
39753,36.4186
39754,39.6921
39755,39.7272
39756,41.6941
39757,37.8706
39758,42.1659
39759,44.174
39760,39.2867
39761,37.3428
39762,38.1305
39763,38.1499
39764,37.387
39765,38.237
39766,41.3211
39767,38.843
39768,39.365
39769,40.4724
39770,41.7373
39771,41.9416
39772,41.0912
39773,41.3204
39774,42.5583
39775,41.792
39776,41.904
39777,43.2489
39778,38.4206
39779,38.1729
39780,37.6469
39781,40.9864
39782,40.1738
39783,38.2511
39784,38.8224
39785,39.1499
39786,42.5023
39787,38.1731
39788,39.1961
39789,44.4548
39790,41.4918
39791,40.0863
39792,42.4988
39793,38.143
39794,39.5114
39795,39.0973
39796,37.522
39797,38.5937
39798,39.6932
39799,39.9256
39800,40.5783
39801,43.5892
39802,39.6726
39803,40.5027
39804,36.0158
39805,39.1272
39806,38.1133
39807,41.3156
39808,39.4169
39809,39.6867
39810,42.0192
39811,39.3268
39812,42.6224
39813,40.8258
39814,37.1758
39815,40.2782
39816,41.3584
39817,40.6668
39818,42.693
39819,36.8315
39820,42.4316
39821,37.4501
39822,41.5463
39823,39.0262
39824,43.0868
39825,43.2183
39826,39.8065
39827,40.0414
39828,40.1345
39829,40.3209
39830,40.0173
39831,40.1927
39832,41.4951
39833,41.5373
39834,41.5485
39835,44.8015
39836,41.9427
39837,39.0645
39838,42.2555
39839,43.3022
39840,38.4567
39841,40.6006
39842,37.2776
39843,41.1735
39844,40.3044
39845,39.2294
39846,38.758
39847,37.1265
39848,45.0259
39849,41.955
39850,41.1512
39851,41.1885
39852,41.3543
39853,36.2659
39854,40.435
39855,37.4443
39856,39.235
39857,36.8537
39858,36.3959
39859,36.7477
39860,38.8977
39861,39.252
39862,39.6464
39863,40.9509
39864,43.0729
39865,40.6936
39866,41.1855
39867,41.2847
39868,40.4381
39869,41.7361
39870,41.245
39871,37.7528
39872,34.3455
39873,37.6325
39874,44.0246
39875,39.4675
39876,41.8142
39877,42.051
39878,40.3791
39879,41.4964
39880,40.5101
39881,40.6061
39882,41.6145
39883,37.8512
39884,38.0119
39885,42.1931
39886,42.3087
39887,39.3171
39888,41.8759
39889,43.9318
39890,39.2279
39891,41.2915
39892,39.3976
39893,42.4437
39894,39.4658
39895,43.6836
39896,43.0911
39897,40.132
39898,40.2426
39899,36.6972
39900,40.9532
39901,37.2012
39902,38.5488
39903,41.8519
39904,39.5635
39905,40.7486
39906,40.5006
39907,39.9017
39908,38.5076
39909,43.6376
39910,38.8194
39911,42.9143
39912,40.0146
39913,40.2375
39914,39.9091
39915,37.2724
39916,37.8873
39917,36.1255
39918,38.5655
39919,37.3793
39920,39.4597
39921,39.628
39922,35.3296
39923,36.8056
39924,38.9489
39925,42.0323
39926,43.4293
39927,39.7827
39928,38.8708
39929,39.0569
39930,39.9644
39931,38.9794
39932,39.4146
39933,40.9267
39934,42.0182
39935,41.3703
39936,36.5494
39937,41.6097
39938,40.6647
39939,41.3966
39940,36.0878
39941,40.296
39942,42.3801
39943,42.7734
39944,39.9382
39945,40.1764
39946,37.6409
39947,41.7716
39948,40.8127
39949,41.0746
39950,39.2111
39951,42.37
39952,40.1965
39953,38.4883
39954,40.7694
39955,39.1187
39956,39.7385
39957,38.8344
39958,40.4871
39959,37.0394
39960,36.4606
39961,37.1388
39962,34.6922
39963,39.5813
39964,40.1077
39965,39.1591
39966,43.6728
39967,35.9061
39968,37.2138
39969,41.7519
39970,39.3522
39971,38.5509
39972,38.7769
39973,37.4039
39974,36.7284
39975,40.0277
39976,37.234
39977,40.2424
39978,39.6576
39979,39.7861
39980,39.9961
39981,42.443
39982,38.5185
39983,39.7781
39984,38.7927
39985,37.9437
39986,38.9551
39987,39.1054
39988,39.1238
39989,39.2523
39990,37.3283
39991,41.5791
39992,39.9636
39993,41.0559
39994,43.0943
39995,40.2031
39996,41.2618
39997,38.4354
39998,40.8339
39999,41.1904
40000,36.3723
40001,42.4307
40002,39.8867
40003,41.2459
40004,37.3529
40005,40.6087
40006,40.9601
40007,42.0702
40008,38.0862
40009,38.0946
40010,39.1175
40011,42.4967
40012,41.7589
40013,39.885
40014,40.0808
40015,40.1434
40016,40.3841
40017,38.7424
40018,41.1962
40019,42.1089
40020,39.4023
40021,44.8428
40022,42.0822
40023,42.1925
40024,42.3412
40025,41.7876
40026,46.5795
40027,39.9117
40028,41.5967
40029,42.1529
40030,38.4393
40031,37.8145
40032,36.5052
40033,38.6247
40034,38.9011
40035,40.0325
40036,40.1786
40037,39.2759
40038,39.3098
40039,39.5626
40040,40.9416
40041,42.1623
40042,42.9469
40043,39.1568
40044,38.3098
40045,36.642
40046,42.8238
40047,39.6451
40048,37.9454
40049,40.2872
40050,40.4508
40051,40.3274
40052,41.3916
40053,42.0338
40054,39.6905
40055,43.9785
40056,39.442
40057,39.6447
40058,42.1836
40059,38.4918
40060,40.6839
40061,38.9578
40062,38.0111
40063,39.791
40064,38.5052
40065,40.8602
40066,40.9793
40067,43.3134
40068,38.5015
40069,39.3642
40070,40.504
40071,40.3222
40072,40.7254
40073,38.8331
40074,37.8941
40075,41.0063
40076,40.678
40077,37.2197
40078,40.2717
40079,37.1578
40080,38.5953
40081,43.2283
40082,42.6757
40083,39.8206
40084,40.0049
40085,40.3325
40086,41.5231
40087,41.7793
40088,37.5691
40089,38.8429
40090,41.0479
40091,38.3014
40092,37.564
40093,39.953
40094,42.4368
40095,37.3833
40096,40.7733
40097,36.8902
40098,39.765
40099,39.8617
40100,42.1757
40101,39.2292
40102,39.5863
40103,40.981
40104,41.0862
40105,39.3372
40106,41.8781
40107,40.2624
40108,40.396
40109,39.9982
40110,35.5317
40111,41.9675
40112,38.0257
40113,40.5019
40114,41.5746
40115,36.7222
40116,37.9469
40117,40.8781
40118,44.9213
40119,40.4436
40120,40.8071
40121,40.1641
40122,41.3626
40123,38.5847
40124,39.0209
40125,37.0445
40126,43.2386
40127,43.3945
40128,36.4457
40129,40.9188
40130,37.1032
40131,37.2034
40132,39.3738
40133,41.5932
40134,41.9331
40135,39.5616
40136,40.8768
40137,37.9729
40138,40.1033
40139,40.634
40140,45.8145
40141,38.8235
40142,41.9993
40143,41.2309
40144,38.722
40145,39.9434
40146,42.2058
40147,41.6753
40148,41.1743
40149,39.8671
40150,43.279
40151,40.4388
40152,39.4764
40153,40.3465
40154,40.5778
40155,40.8803
40156,38.2381
40157,38.9812
40158,39.2164
40159,37.233
40160,38.3517
40161,38.6874
40162,42.6958
40163,39.9532
40164,37.3371
40165,42.2895
40166,38.6497
40167,36.7765
40168,36.8391
40169,44.103
40170,40.4931
40171,40.7406
40172,42.5684
40173,42.5967
40174,39.1813
40175,40.2278
40176,40.3306
40177,40.4275
40178,41.1377
40179,41.4919
40180,41.5228
40181,41.9007
40182,39.0095
40183,41.8099
40184,42.8192
40185,40.2399
40186,37.402
40187,39.6084
40188,39.9036
40189,40.2579
40190,41.8693
40191,39.8069
40192,40.9606
40193,40.0485
40194,39.1027
40195,41.4937
40196,36.8897
40197,42.467
40198,37.3024
40199,41.1296
40200,38.0466
40201,38.5181
40202,39.0031
40203,37.9736
40204,40.1418
40205,40.1651
40206,38.2366
40207,39.2669
40208,40.4224
40209,41.6495
40210,42.5821
40211,36.8798
40212,39.6206
40213,42.814
40214,38.8866
40215,40.8872
40216,40.8827
40217,40.0683
40218,41.6175
40219,41.8894
40220,39.1121
40221,42.6228
40222,42.6666
40223,40.0402
40224,40.6957
40225,42.4174
40226,40.9639
40227,42.5909
40228,42.9263
40229,37.2972
40230,38.4313
40231,38.5852
40232,40.6008
40233,38.7394
40234,38.7582
40235,42.2997
40236,42.1241
40237,40.1325
40238,40.274
40239,36.9699
40240,41.0802
40241,38.712
40242,40.5091
40243,38.0157
40244,36.3423
40245,40.2811
40246,41.7545
40247,43.0713
40248,40.2045
40249,40.2129
40250,39.4752
40251,39.5976
40252,38.6633
40253,42.3006
40254,38.5954
40255,42.7517
40256,38.8532
40257,37.9844
40258,43.396
40259,39.7608
40260,40.0511
40261,41.2475
40262,44.3066
40263,39.513
40264,38.9952
40265,38.908
40266,42.1635
40267,38.5187
40268,39.8038
40269,41.4233
40270,41.4721
40271,40.7211
40272,40.2939
40273,39.3894
40274,37.3376
40275,36.5326
40276,39.6164
40277,36.3833
40278,39.6176
40279,37.6471
40280,43.2944
40281,38.9105
40282,40.2985
40283,41.0247
40284,42.3474
40285,42.6855
40286,38.6153
40287,38.7677
40288,38.0621
40289,43.3378
40290,38.6433
40291,38.6543
40292,38.4791
40293,38.5526
40294,38.8617
40295,40.0401
40296,39.7578
40297,40.3113
40298,41.6599
40299,42.5251
40300,38.1609
40301,42.3251
40302,35.5398
40303,38.5731
40304,36.4229
40305,42.5359
40306,39.987
40307,38.1149
40308,38.1614
40309,37.1957
40310,41.4523
40311,39.5292
40312,40.6506
40313,40.8127
40314,40.3461
40315,40.3546
40316,39.4417
40317,39.6897
40318,40.6981
40319,42.0904
40320,41.2057
40321,40.2162
40322,36.3272
40323,42.3357
40324,41.726
40325,41.056
40326,38.0214
40327,42.4027
40328,42.6383
40329,38.7866
40330,35.8135
40331,38.8411
40332,38.8826
40333,43.6039
40334,39.6483
40335,40.877
40336,38.8824
40337,39.0387
40338,39.215
40339,42.6056
40340,40.3482
40341,40.5185
40342,34.8727
40343,42.2287
40344,42.3142
40345,41.5223
40346,41.7598
40347,39.7519
40348,39.9724
40349,41.5546
40350,43.2088
40351,36.5087
40352,38.2691
40353,40.4385
40354,38.1931
40355,41.7169
40356,37.3264
40357,38.3376
40358,38.6713
40359,38.779
40360,40.7921
40361,36.4892
40362,40.0132
40363,40.3419
40364,38.9085
40365,41.1911
40366,41.3919
40367,39.4029
40368,42.0617
40369,39.8195
40370,39.2154
40371,37.4377
40372,40.2371
40373,38.3235
40374,38.3514
40375,41.4292
40376,38.4636
40377,43.4721
40378,38.5969
40379,39.9158
40380,36.9532
40381,41.1816
40382,42.1933
40383,41.7074
40384,42.0933
40385,38.2903
40386,42.3403
40387,40.404
40388,38.4124
40389,41.0913
40390,42.4106
40391,39.4342
40392,42.4426
40393,39.5595
40394,36.5875
40395,42.7354
40396,38.1584
40397,36.2757
40398,39.6989
40399,41.8052
40400,40.1949
40401,41.0137
40402,41.1561
40403,41.3077
40404,43.5048
40405,41.0142
40406,39.4899
40407,42.8073
40408,40.9035
40409,40.0759
40410,42.2117
40411,43.4195
40412,40.8359
40413,34.8014
40414,38.3513
40415,39.4306
40416,40.9556
40417,41.0234
40418,40.3822
40419,34.9012
40420,39.1285
40421,39.8571
40422,38.7174
40423,38.3635
40424,37.4902
40425,39.0667
40426,39.177
40427,40.3386
40428,40.3794
40429,40.9692
40430,40.1947
40431,43.4226
40432,40.9025
40433,38.8989
40434,40.485
40435,43.0512
40436,43.5666
40437,40.7352
40438,39.9555
40439,35.5809
40440,42.1848
40441,39.7726
40442,37.0421
40443,37.5812
40444,38.9159
40445,39.0201
40446,39.21
40447,39.2625
40448,37.5538
40449,39.6959
40450,41.1583
40451,38.5869
40452,34.5881
40453,38.4074
40454,39.3707
40455,36.7329
40456,43.5742
40457,41.002
40458,41.0944
40459,41.3472
40460,41.6993
40461,38.7311
40462,38.9137
40463,39.7942
40464,43.4829
40465,41.1196
40466,43.6936
40467,38.0431
40468,38.0515
40469,39.7423
40470,44.0438
40471,40.7885
40472,42.2748
40473,41.406
40474,38.5595
40475,38.1027
40476,39.3173
40477,38.5501
40478,41.6695
40479,39.7168
40480,39.9033
40481,41.2482
40482,32.6775
40483,37.2446
40484,36.2994
40485,40.5035
40486,36.838
40487,40.8511
40488,41.6996
40489,37.0071
40490,42.3702
40491,43.5887
40492,43.0156
40493,39.0997
40494,39.075
40495,41.1441
40496,39.1683
40497,40.4741
40498,41.6295
40499,41.737
40500,41.9484
40501,40.1572
40502,42.7134
40503,35.936
40504,41.0709
40505,45.276
40506,41.386
40507,36.7793
40508,37.7063
40509,38.1482
40510,38.4704
40511,39.6081
40512,38.7847
40513,38.8423
40514,38.8571
40515,41.2693
40516,40.9216
40517,41.7755
40518,35.9093
40519,37.073
40520,44.1835
40521,43.4636
40522,40.0967
40523,42.124
40524,36.5552
40525,38.5933
40526,37.8647
40527,39.0098
40528,38.6095
40529,42.2474
40530,39.4895
40531,39.5345
40532,39.5442
40533,40.7076
40534,39.716
40535,40.8346
40536,42.0951
40537,40.258
40538,41.6317
40539,39.885
40540,42.0297
40541,42.056
40542,41.1953
40543,41.3444
40544,37.9097
40545,42.3678
40546,41.112
40547,39.7252
40548,34.5945
40549,44.7542
40550,41.1906
40551,41.3845
40552,41.5955
40553,40.821
40554,40.8362
40555,39.1381
40556,45.2455
40557,37.729
40558,44.3934
40559,37.6561
40560,38.697
40561,39.7987
40562,38.8346
40563,40.3768
40564,40.5993
40565,39.7663
40566,39.0114
40567,39.3711
40568,41.5442
40569,41.7466
40570,41.803
40571,40.0749
40572,40.6711
40573,41.1321
40574,41.9952
40575,42.5774
40576,36.7855
40577,40.8878
40578,40.9734
40579,40.3072
40580,38.322
40581,41.8388
40582,38.154
40583,40.5693
40584,37.9242
40585,41.4062
40586,44.1333
40587,41.2986
40588,40.4312
40589,39.8791
40590,35.6148
40591,41.3657
40592,36.3941
40593,41.3926
40594,40.9299
40595,37.4311
40596,40.5544
40597,40.9122
40598,38.3454
40599,38.7175
40600,39.1858
40601,37.3271
40602,40.6965
40603,40.8982
40604,43.9799
40605,36.0151
40606,38.0939
40607,40.6671
40608,36.7595
40609,39.1815
40610,40.5934
40611,38.7193
40612,37.9624
40613,37.0311
40614,39.0961
40615,38.1796
40616,39.274
40617,39.2383
40618,39.7659
40619,40.8253
40620,39.8338
40621,40.4099
40622,38.865
40623,39.0273
40624,40.889
40625,40.9293
40626,40.1401
40627,40.6784
40628,41.9292
40629,38.3828
40630,39.298
40631,39.3565
40632,39.6778
40633,42.7163
40634,37.8102
40635,40.0038
40636,40.1444
40637,38.6119
40638,37.8473
40639,38.1383
40640,40.1871
40641,35.994
40642,40.3749
40643,36.4403
40644,40.5589
40645,40.7502
40646,40.3592
40647,40.4984
40648,39.7071
40649,41.6318
40650,41.6904
40651,41.7432
40652,40.263
40653,43.5375
40654,42.2154
40655,39.6385
40656,35.8789
40657,39.9026
40658,35.2575
40659,39.3032
40660,38.8617
40661,42.9478
40662,40.0692
40663,37.4279
40664,40.7167
40665,40.8442
40666,39.185
40667,43.3973
40668,43.8267
40669,43.9383
40670,37.3595
40671,40.3857
40672,41.5212
40673,37.008
40674,41.476
40675,41.8165
40676,38.0969
40677,39.4051
40678,39.7689
40679,40.2608
40680,40.4744
40681,39.5612
40682,39.7361
40683,39.2558
40684,41.2903
40685,39.8744
40686,37.8864
40687,40.9108
40688,40.3422
40689,38.4261
40690,40.5891
40691,39.0249
40692,39.1827
40693,39.7664
40694,37.939
40695,38.208
40696,37.2843
40697,37.9972
40698,43.2791
40699,39.4927
40700,38.7796
40701,36.004
40702,38.2211
40703,40.414
40704,38.8094
40705,40.0428
40706,41.3222
40707,43.3356
40708,42.3682
40709,38.5304
40710,42.7055
40711,41.7708
40712,42.0385
40713,42.0727
40714,41.7105
40715,36.8485
40716,37.882
40717,38.8879
40718,39.2753
40719,36.9304
40720,45.3002
40721,37.1127
40722,37.3228
40723,40.5705
40724,38.5775
40725,37.3401
40726,39.4129
40727,40.3109
40728,38.1824
40729,42.8195
40730,42.685
40731,40.8596
40732,41.2654
40733,38.55
40734,37.5913
40735,38.6362
40736,38.9989
40737,38.3185
40738,36.5251
40739,36.0752
40740,40.1633
40741,40.2276
40742,40.2709
40743,40.8393
40744,41.8766
40745,36.9976
40746,42.3226
40747,37.7357
40748,35.4171
40749,39.8661
40750,39.9424
40751,39.1527
40752,38.8096
40753,42.817
40754,39.4004
40755,38.4215
40756,41.4577
40757,44.6837
40758,38.9077
40759,40.7429
40760,39.1979
40761,36.0344
40762,40.2517
40763,39.9895
40764,36.4234
40765,38.7132
40766,37.4109
40767,35.4597
40768,40.1422
40769,37.1548
40770,38.8223
40771,39.4309
40772,39.7427
40773,40.9936
40774,40.5874
40775,40.0501
40776,41.2254
40777,40.3414
40778,42.5782
40779,41.6718
40780,35.7181
40781,42.641
40782,39.1547
40783,39.235
40784,42.2434
40785,39.696
40786,36.8168
40787,41.5185
40788,39.0603
40789,41.5034
40790,37.7943
40791,39.8054
40792,38.5436
40793,35.8189
40794,41.5356
40795,43.6974
40796,38.8314
40797,37.033
40798,36.6987
40799,41.2761
40800,37.527
40801,39.7522
40802,41.3756
40803,40.4257
40804,39.9706
40805,41.0642
40806,41.2111
40807,36.3592
40808,43.0479
40809,41.0959
40810,41.5502
40811,42.9887
40812,38.829
40813,38.454
40814,38.6033
40815,40.1519
40816,42.315
40817,39.9287
40818,39.035
40819,37.331
40820,42.4887
40821,38.6208
40822,40.0743
40823,40.4008
40824,39.4184
40825,39.6533
40826,41.7018
40827,40.2162
40828,39.3042
40829,40.3126
40830,38.455
40831,39.7857
40832,39.0791
40833,42.3131
40834,43.1662
40835,38.4098
40836,41.5201
40837,42.5621
40838,42.8591
40839,36.2264
40840,37.6294
40841,40.0569
40842,39.9767
40843,39.0198
40844,43.0716
40845,40.098
40846,38.3001
40847,39.1903
40848,40.7309
40849,38.781
40850,40.0316
40851,38.1417
40852,39.8977
40853,36.7407
40854,38.1089
40855,39.155
40856,38.5349
40857,43.916
40858,41.0046
40859,38.094
40860,40.2759
40861,38.0745
40862,40.701
40863,37.0819
40864,37.2507
40865,40.5115
40866,37.8082
40867,39.9186
40868,40.1455
40869,37.4423
40870,38.9826
40871,42.9959
40872,42.7912
40873,42.1575
40874,40.7122
40875,39.838
40876,43.3253
40877,40.7324
40878,39.1035
40879,44.2674
40880,39.1187
40881,39.6051
40882,39.8579
40883,40.2523
40884,39.1984
40885,37.345
40886,40.7388
40887,36.1999
40888,39.6699
40889,37.9134
40890,45.2275
40891,40.595
40892,42.6448
40893,39.8355
40894,41.2506
40895,41.4374
40896,40.4711
40897,39.7411
40898,41.2073
40899,41.343
40900,38.4777
40901,37.8845
40902,39.1191
40903,40.1477
40904,38.3558
40905,41.7054
40906,42.7794
40907,45.1484
40908,41.3639
40909,34.0385
40910,40.2917
40911,42.9943
40912,40.9385
40913,40.966
40914,41.5229
40915,41.1702
40916,37.8358
40917,43.8975
40918,36.5681
40919,38.763
40920,38.9692
40921,40.0149
40922,40.0994
40923,41.3268
40924,36.7169
40925,39.5693
40926,41.5941
40927,42.2427
40928,39.5552
40929,42.6123
40930,39.491
40931,38.7127
40932,40.1134
40933,38.3376
40934,34.6705
40935,41.0979
40936,40.4679
40937,40.0541
40938,40.1365
40939,39.7124
40940,38.9743
40941,40.028
40942,38.062
40943,41.3728
40944,40.4099
40945,40.6043
40946,41.0776
40947,42.1429
40948,40.4476
40949,42.3989
40950,41.3068
40951,42.0253
40952,38.4292
40953,44.2915
40954,40.4379
40955,35.7474
40956,39.1268
40957,37.8087
40958,41.8527
40959,37.694
40960,38.7166
40961,40.8475
40962,37.8788
40963,35.1568
40964,36.3228
40965,38.8164
40966,37.2418
40967,38.3253
40968,42.5792
40969,37.7918
40970,38.0523
40971,41.0237
40972,40.3754
40973,41.5482
40974,39.8611
40975,36.0668
40976,41.4911
40977,40.4995
40978,38.9744
40979,42.413
40980,39.6686
40981,35.227
40982,38.8862
40983,41.0236
40984,41.2386
40985,40.8537
40986,39.9508
40987,40.7172
40988,42.0562
40989,37.9249
40990,39.0067
40991,39.1904
40992,38.7095
40993,39.757
40994,39.0378
40995,37.6711
40996,39.8448
40997,44.0794
40998,40.5304
40999,43.3973
41000,40.7431
41001,36.1463
41002,40.8088
41003,43.0251
41004,41.2498
41005,39.1066
41006,37.3672
41007,38.4103
41008,37.8015
41009,38.6711
41010,39.9087
41011,40.2936
41012,42.4105
41013,42.714
41014,40.7781
41015,40.907
41016,38.9201
41017,38.0928
41018,41.1548
41019,41.4653
41020,39.9972
41021,39.1927
41022,38.2272
41023,40.3257
41024,41.0017
41025,37.6083
41026,38.6705
41027,38.857
41028,40.9976
41029,40.5389
41030,43.1414
41031,41.776
41032,39.5134
41033,37.5968
41034,44.8611
41035,39.9309
41036,40.277
41037,40.3763
41038,41.2304
41039,36.1268
41040,42.5097
41041,40.5541
41042,40.3039
41043,40.5236
41044,40.5966
41045,41.4336
41046,40.7417
41047,38.1874
41048,36.8915
41049,39.9243
41050,37.1178
41051,45.6221
41052,41.1187
41053,43.6044
41054,38.0441
41055,39.2221
41056,39.2809
41057,37.043
41058,40.3012
41059,38.5144
41060,37.5988
41061,37.8648
41062,37.9568
41063,39.3637
41064,40.426
41065,43.1693
41066,40.8031
41067,39.8974
41068,40.1368
41069,43.0776
41070,38.0615
41071,37.6097
41072,38.3213
41073,39.5978
41074,41.8663
41075,38.875
41076,41.1886
41077,40.4104
41078,38.4439
41079,38.7971
41080,42.5453
41081,37.3981
41082,40.162
41083,36.3964
41084,39.8514
41085,38.6462
41086,41.9895
41087,42.3352
41088,42.3753
41089,42.3932
41090,36.0316
41091,43.832
41092,41.6828
41093,37.3817
41094,37.4665
41095,38.5401
41096,39.1372
41097,39.4812
41098,40.3209
41099,42.3875
41100,37.2335
41101,42.7265
41102,37.1927
41103,38.5533
41104,37.6819
41105,38.4172
41106,39.0505
41107,44.059
41108,39.4671
41109,40.8216
41110,38.9976
41111,40.5669
41112,42.7085
41113,40.2326
41114,42.3531
41115,39.1042
41116,39.1915
41117,38.2395
41118,36.9657
41119,40.4634
41120,40.8848
41121,40.82
41122,39.9083
41123,39.9307
41124,40.1357
41125,41.7329
41126,39.0708
41127,39.6552
41128,37.5681
41129,38.2548
41130,38.2632
41131,38.2859
41132,38.8123
41133,39.0795
41134,37.4689
41135,41.5931
41136,38.6139
41137,41.8393
41138,40.8805
41139,38.9124
41140,39.9388
41141,40.2002
41142,40.2888
41143,40.6193
41144,40.6415
41145,42.1487
41146,40.2535
41147,41.3965
41148,40.6294
41149,37.6456
41150,38.137
41151,39.2493
41152,39.3641
41153,37.683
41154,38.4443
41155,43.5475
41156,37.6536
41157,38.85
41158,44.0861
41159,42.3229
41160,39.3313
41161,38.3432
41162,39.7974
41163,38.9046
41164,40.0479
41165,40.9496
41166,40.9797
41167,41.1563
41168,42.9623
41169,39.1179
41170,37.5752
41171,40.2968
41172,38.0575
41173,37.2212
41174,41.3592
41175,41.5043
41176,41.8244
41177,39.5403
41178,38.3066
41179,40.4843
41180,38.8109
41181,39.4268
41182,38.6529
41183,39.7098
41184,39.9917
41185,44.444
41186,40.598
41187,38.1108
41188,38.2688
41189,42.376
41190,41.686
41191,42.6022
41192,38.7265
41193,44.8361
41194,39.267
41195,40.5757
41196,37.1186
41197,40.5218
41198,38.5302
41199,39.0489
41200,41.1537
41201,39.2002
41202,42.2086
41203,40.6228
41204,44.792
41205,41.2819
41206,39.4708
41207,40.1231
41208,40.5619
41209,38.3326
41210,39.7533
41211,40.7932
41212,37.4225
41213,36.2597
41214,40.3249
41215,44.3798
41216,34.7419
41217,41.0497
41218,43.643
41219,41.5985
41220,38.8402
41221,38.3054
41222,41.4264
41223,38.6313
41224,38.8006
41225,42.4043
41226,40.9338
41227,41.2666
41228,38.6888
41229,44.3422
41230,39.211
41231,41.4963
41232,39.5168
41233,40.373
41234,37.6555
41235,37.8474
41236,42.2415
41237,43.6556
41238,40.505
41239,40.67
41240,40.7488
41241,43.8862
41242,41.1881
41243,38.7072
41244,40.5631
41245,40.8509
41246,40.5489
41247,42.6058
41248,38.4497
41249,40.0365
41250,39.1153
41251,40.9087
41252,42.9676
41253,39.4167
41254,36.5884
41255,39.0851
41256,43.1749
41257,36.2939
41258,40.7297
41259,38.8908
41260,39.1803
41261,42.771
41262,40.1073
41263,38.1158
41264,42.6089
41265,41.6759
41266,38.7453
41267,41.551
41268,38.7129
41269,40.0407
41270,42.107
41271,37.2187
41272,40.318
41273,40.4264
41274,39.9793
41275,40.4569
41276,40.7313
41277,36.2293
41278,43.308
41279,42.3904
41280,44.1238
41281,43.4452
41282,39.5182
41283,39.738
41284,39.8561
41285,38.5126
41286,39.8941
41287,41.4242
41288,38.6867
41289,41.7655
41290,38.9682
41291,39.0897
41292,39.6218
41293,40.5664
41294,41.8398
41295,36.4838
41296,42.868
41297,43.4536
41298,38.6566
41299,39.0144
41300,39.3163
41301,39.3978
41302,36.564
41303,39.6195
41304,39.9853
41305,41.4721
41306,39.8246
41307,37.1544
41308,41.3357
41309,38.5679
41310,38.9086
41311,36.1183
41312,43.1305
41313,41.4934
41314,39.0174
41315,36.6949
41316,40.1352
41317,37.2549
41318,37.3185
41319,41.3289
41320,37.8686
41321,41.9845
41322,41.619
41323,39.6525
41324,37.7012
41325,38.7181
41326,39.1819
41327,38.2956
41328,39.72
41329,41.3416
41330,37.0302
41331,40.3182
41332,40.2085
41333,40.034
41334,41.4803
41335,40.2954
41336,39.5017
41337,40.1772
41338,37.4974
41339,38.8639
41340,39.3531
41341,39.5465
41342,39.7644
41343,36.2167
41344,41.1468
41345,38.3289
41346,41.3607
41347,40.1198
41348,38.3503
41349,42.4897
41350,40.5619
41351,39.7319
41352,41.9089
41353,41.0256
41354,41.3132
41355,42.4713
41356,39.5583
41357,37.856
41358,41.1341
41359,40.281
41360,40.8786
41361,41.1873
41362,39.238
41363,39.0494
41364,40.5484
41365,41.1016
41366,43.061
41367,38.1845
41368,36.2743
41369,46.6828
41370,39.0732
41371,39.9078
41372,40.2993
41373,42.2511
41374,37.9547
41375,37.2845
41376,36.6027
41377,41.1658
41378,39.3242
41379,41.8074
41380,38.7669
41381,39.9838
41382,39.6277
41383,41.1708
41384,40.7961
41385,43.9719
41386,41.4065
41387,35.227
41388,38.6437
41389,41.5272
41390,43.7833
41391,40.401
41392,39.5613
41393,41.62
41394,37.6284
41395,40.17
41396,35.7294
41397,39.8862
41398,38.9507
41399,38.9734
41400,40.9913
41401,38.5072
41402,42.9625
41403,39.0893
41404,38.5169
41405,41.6925
41406,42.0646
41407,42.2619
41408,38.3527
41409,38.6179
41410,42.6837
41411,40.8273
41412,40.3287
41413,41.5297
41414,46.5381
41415,41.6674
41416,42.4426
41417,40.5801
41418,43.5888
41419,39.1182
41420,38.1565
41421,41.7592
41422,42.775
41423,39.265
41424,38.4134
41425,42.1631
41426,41.981
41427,42.1791
41428,42.2434
41429,37.8111
41430,39.68
41431,41.395
41432,42.3951
41433,38.7068
41434,41.2133
41435,41.3141
41436,40.3043
41437,39.5468
41438,38.9328
41439,39.2781
41440,41.4059
41441,41.7532
41442,35.5691
41443,39.7222
41444,41.0704
41445,43.0789
41446,43.07
41447,39.0784
41448,40.7944
41449,41.2497
41450,39.5815
41451,39.8148
41452,40.8642
41453,37.9034
41454,41.0845
41455,39.6643
41456,40.8172
41457,42.9297
41458,39.1459
41459,41.2356
41460,42.4694
41461,39.829
41462,41.189
41463,43.1974
41464,43.4062
41465,44.5247
41466,41.0134
41467,41.3658
41468,37.9954
41469,45.0562
41470,39.8494
41471,40.162
41472,40.6901
41473,41.1598
41474,43.3697
41475,40.1458
41476,38.3826
41477,41.9431
41478,38.4869
41479,39.2301
41480,39.1317
41481,39.6691
41482,40.0308
41483,44.0467
41484,39.176
41485,39.879
41486,39.4883
41487,40.7377
41488,36.7461
41489,39.0627
41490,38.1676
41491,40.2068
41492,38.2263
41493,39.4261
41494,40.0818
41495,42.3283
41496,38.6955
41497,40.468
41498,39.4819
41499,38.9362
41500,39.4253
41501,39.5918
41502,41.6643
41503,41.8042
41504,36.6502
41505,40.7291
41506,41.1408
41507,38.7261
41508,37.9515
41509,39.1232
41510,38.8047
41511,40.6598
41512,40.9347
41513,37.9066
41514,39.3377
41515,38.9837
41516,39.7878
41517,40.4402
41518,43.6451
41519,43.2543
41520,40.4268
41521,41.7119
41522,42.2876
41523,36.9428
41524,41.4983
41525,38.4876
41526,38.8284
41527,36.84
41528,40.18
41529,44.2942
41530,40.3354
41531,40.3438
41532,42.8978
41533,41.5742
41534,39.1851
41535,40.2164
41536,44.7536
41537,36.5577
41538,39.8228
41539,37.4761
41540,37.4846
41541,37.5082
41542,37.7116
41543,41.372
41544,39.3804
41545,38.5675
41546,38.9674
41547,40.0357
41548,38.5995
41549,42.8672
41550,39.8895
41551,39.9118
41552,38.9203
41553,36.9413
41554,43.1732
41555,41.5472
41556,43.7253
41557,40.8616
41558,40.9635
41559,42.0853
41560,38.8171
41561,39.5161
41562,36.6541
41563,36.7225
41564,38.0531
41565,40.2853
41566,36.7868
41567,38.3874
41568,44.5236
41569,37.7781
41570,40.0314
41571,39.0455
41572,39.1542
41573,39.5547
41574,40.6113
41575,40.7777
41576,39.4024
41577,41.6031
41578,40.9516
41579,41.0664
41580,42.0469
41581,42.4041
41582,42.7658
41583,38.0673
41584,38.1253
41585,40.6028
41586,38.7773
41587,40.0421
41588,42.6678
41589,39.9175
41590,41.2029
41591,41.9604
41592,44.1927
41593,39.3735
41594,39.3958
41595,39.7726
41596,39.6997
41597,39.7466
41598,37.2626
41599,41.3583
41600,37.8674
41601,41.8946
41602,43.2974
41603,39.6713
41604,38.6948
41605,40.0639
41606,38.4408
41607,38.4782
41608,41.6789
41609,37.8767
41610,43.847
41611,37.6107
41612,37.0607
41613,39.9016
41614,43.5487
41615,40.6986
41616,38.8087
41617,40.0236
41618,39.1849
41619,39.3599
41620,39.5678
41621,39.705
41622,39.3919
41623,38.3215
41624,40.6329
41625,39.9961
41626,36.5217
41627,41.6049
41628,38.1264
41629,38.1366
41630,40.2654
41631,38.4198
41632,42.1434
41633,39.1767
41634,39.0783
41635,40.1993
41636,37.3287
41637,40.2176
41638,43.366
41639,40.723
41640,40.0126
41641,40.37
41642,39.3784
41643,40.2435
41644,41.7426
41645,37.9273
41646,37.3514
41647,39.456
41648,37.7381
41649,37.4264
41650,39.5987
41651,38.2844
41652,40.0704
41653,37.2095
41654,44.175
41655,39.6854
41656,38.7884
41657,36.0976
41658,40.267
41659,42.7957
41660,39.8296
41661,39.1671
41662,39.5767
41663,40.8322
41664,41.5118
41665,41.6217
41666,44.7805
41667,41.4131
41668,38.7843
41669,42.0784
41670,40.6011
41671,40.6095
41672,40.7306
41673,37.9199
41674,38.418
41675,41.6225
41676,38.9128
41677,38.9431
41678,42.3068
41679,41.8416
41680,43.1485
41681,40.1783
41682,38.346
41683,40.8156
41684,39.2609
41685,39.4727
41686,39.3136
41687,36.6223
41688,38.6925
41689,43.8497
41690,41.9837
41691,37.3779
41692,43.7448
41693,37.81
41694,41.0387
41695,37.6245
41696,38.7549
41697,38.0258
41698,42.9605
41699,39.3916
41700,40.9841
41701,37.0558
41702,40.2148
41703,40.5418
41704,37.1361
41705,38.6628
41706,37.8995
41707,44.0637
41708,42.6581
41709,37.3393
41710,40.8688
41711,40.4135
41712,41.7117
41713,39.1675
41714,41.378
41715,42.8675
41716,43.4711
41717,40.5713
41718,37.4538
41719,39.9336
41720,43.9865
41721,38.1192
41722,38.6949
41723,40.0595
41724,38.1792
41725,39.6034
41726,40.663
41727,41.7873
41728,41.4057
41729,40.6642
41730,37.4957
41731,41.1961
41732,42.2704
41733,37.1591
41734,39.4387
41735,38.8932
41736,40.0718
41737,37.8784
41738,38.8195
41739,39.059
41740,40.3859
41741,43.0383
41742,40.5027
41743,41.7483
41744,38.0727
41745,37.3343
41746,41.4846
41747,36.5297
41748,40.1207
41749,42.6115
41750,40.9138
41751,37.9738
41752,41.0385
41753,43.5584
41754,40.6974
41755,43.5404
41756,39.9791
41757,38.4055
41758,40.3665
41759,42.8557
41760,38.1676
41761,39.4059
41762,37.7391
41763,38.2645
41764,39.4063
41765,38.5339
41766,40.6848
41767,38.7407
41768,40.7947
41769,40.315
41770,40.5346
41771,42.7052
41772,38.4053
41773,37.0587
41774,43.0903
41775,42.982
41776,40.5525
41777,42.7827
41778,38.5722
41779,39.7828
41780,37.9281
41781,39.0307
41782,44.0982
41783,41.3466
41784,42.7164
41785,37.0965
41786,39.1962
41787,36.7034
41788,38.1017
41789,38.2753
41790,41.1177
41791,40.322
41792,37.3305
41793,38.3766
41794,38.8344
41795,44.2366
41796,37.5889
41797,40.3537
41798,40.8198
41799,38.8456
41800,37.9433
41801,41.0947
41802,41.1035
41803,42.2485
41804,39.667
41805,41.7542
41806,39.9644
41807,42.2142
41808,39.6983
41809,39.5714
41810,42.1069
41811,36.5753
41812,45.0509
41813,37.4469
41814,38.1905
41815,42.0754
41816,43.3847
41817,43.4803
41818,38.2954
41819,42.219
41820,39.2557
41821,39.8259
41822,37.4775
41823,37.6803
41824,39.6888
41825,38.4914
41826,36.5659
41827,38.579
41828,35.7231
41829,41.9974
41830,37.0565
41831,43.1158
41832,39.6954
41833,36.4262
41834,39.7788
41835,37.0852
41836,39.1238
41837,41.3855
41838,39.3745
41839,41.1468
41840,42.9629
41841,43.7043
41842,38.4994
41843,42.1576
41844,39.457
41845,39.8272
41846,42.8017
41847,39.9776
41848,39.5971
41849,42.7752
41850,39.8289
41851,40.8269
41852,37.097
41853,41.1222
41854,41.5676
41855,37.4211
41856,37.7119
41857,38.318
41858,38.4467
41859,37.9459
41860,39.0452
41861,39.57
41862,40.7778
41863,37.8799
41864,41.0833
41865,40.1531
41866,40.5121
41867,40.5577
41868,40.2529
41869,41.8324
41870,42.0655
41871,41.5024
41872,37.9861
41873,38.1458
41874,38.5282
41875,37.8451
41876,38.8298
41877,41.8718
41878,40.4506
41879,41.9057
41880,42.1537
41881,42.849
41882,40.0855
41883,41.109
41884,41.4522
41885,40.3293
41886,39.4703
41887,40.6401
41888,40.0708
41889,38.5866
41890,37.0012
41891,40.1993
41892,41.4116
41893,41.6161
41894,41.6795
41895,40.1605
41896,43.6141
41897,41.6225
41898,41.9943
41899,42.0223
41900,40.0346
41901,43.779
41902,42.173
41903,40.1815
41904,41.854
41905,37.3009
41906,37.4094
41907,40.1398
41908,40.8149
41909,39.2425
41910,40.3345
41911,39.3559
41912,39.8572
41913,41.1599
41914,40.1693
41915,37.9171
41916,42.1869
41917,42.9459
41918,39.1225
41919,39.7313
41920,38.0406
41921,37.3413
41922,39.6915
41923,38.6648
41924,40.7211
41925,37.7429
41926,44.1978
41927,39.8216
41928,40.0962
41929,40.1435
41930,40.2538
41931,39.3588
41932,40.6713
41933,40.5381
41934,39.311
41935,40.4943
41936,43.1789
41937,43.0367
41938,38.8597
41939,39.1618
41940,39.9042
41941,36.6574
41942,40.2241
41943,41.0517
41944,39.1253
41945,41.2594
41946,35.4818
41947,39.1104
41948,39.83
41949,38.9402
41950,39.9486
41951,41.3271
41952,39.9501
41953,38.005
41954,38.227
41955,37.069
41956,41.1666
41957,39.2738
41958,42.6563
41959,39.8908
41960,39.3845
41961,39.9804
41962,37.5533
41963,37.9565
41964,42.1256
41965,42.4973
41966,42.8307
41967,42.2965
41968,40.6232
41969,40.6761
41970,36.7634
41971,41.0563
41972,41.2193
41973,41.3256
41974,36.6084
41975,41.9374
41976,41.0843
41977,41.1614
41978,36.4867
41979,39.7692
41980,38.8214
41981,38.6858
41982,38.7312
41983,40.4146
41984,42.6075
41985,41.0361
41986,41.2793
41987,42.1889
41988,43.0751
41989,37.9447
41990,37.9726
41991,39.7521
41992,39.7605
41993,39.9035
41994,40.4622
41995,41.1218
41996,40.1773
41997,40.164
41998,39.7752
41999,38.4337
42000,40.2355
42001,41.779
42002,39.6304
42003,39.7842
42004,40.451
42005,40.4909
42006,42.9997
42007,37.7522
42008,37.842
42009,40.9604
42010,37.421
42011,40.8078
42012,37.3267
42013,38.4698
42014,36.9287
42015,40.2853
42016,36.68
42017,40.8421
42018,37.3259
42019,37.6267
42020,38.9386
42021,40.9905
42022,39.3646
42023,38.6096
42024,39.3793
42025,40.9186
42026,41.9591
42027,40.4335
42028,38.5494
42029,41.6208
42030,40.6419
42031,39.1711
42032,40.4669
42033,40.63
42034,43.8216
42035,39.9805
42036,41.3832
42037,41.4065
42038,41.4717
42039,41.557
42040,41.7294
42041,39.9465
42042,43.205
42043,43.6586
42044,39.4077
42045,35.7967
42046,34.8708
42047,38.0855
42048,39.1672
42049,43.6482
42050,39.821
42051,39.1078
42052,40.9014
42053,39.977
42054,41.5989
42055,40.879
42056,39.0879
42057,35.1131
42058,38.5792
42059,42.4028
42060,37.2619
42061,39.0335
42062,39.2636
42063,37.2978
42064,38.7094
42065,38.8973
42066,39.9881
42067,38.6801
42068,37.0326
42069,40.826
42070,41.8364
42071,40.9813
42072,38.9428
42073,41.0303
42074,43.0417
42075,39.0501
42076,40.2454
42077,37.4807
42078,41.4934
42079,37.5291
42080,38.3341
42081,43.0155
42082,42.5576
42083,39.9376
42084,40.4354
42085,39.6024
42086,40.7913
42087,38.8904
42088,42.5788
42089,39.7296
42090,37.7785
42091,39.8015
42092,40
42093,39.0436
42094,40.1647
42095,40.1912
42096,40.2908
42097,40.4742
42098,40.0763
42099,37.3249
42100,42.8182
42101,39.5028
42102,41.6771
42103,40.8172
42104,41.8747
42105,41.8965
42106,43.3428
42107,41.1348
42108,38.618
42109,41.7391
42110,41.7138
42111,40.8962
42112,43.9143
42113,40.6973
42114,44.3934
42115,44.5105
42116,38.731
42117,40.0109
42118,41.7429
42119,39.3018
42120,40.2314
42121,40.3813
42122,42.5713
42123,43.8494
42124,40.9407
42125,41.9745
42126,41.5001
42127,39.627
42128,42.7955
42129,39.5755
42130,43.0034
42131,40.2283
42132,39.7088
42133,41.4233
42134,38.108
42135,42.8248
42136,39.9017
42137,41.7301
42138,41.2375
42139,36.8982
42140,41.4557
42141,43.1584
42142,43.2832
42143,40.4943
42144,42.6277
42145,37.6158
42146,43.7008
42147,36.8588
42148,38.3461
42149,41.8245
42150,42.1364
42151,39.3963
42152,37.818
42153,42.8643
42154,39.3226
42155,37.6015
42156,43.0123
42157,40.1502
42158,44.7064
42159,41.1703
42160,39.0116
42161,42.7713
42162,39.9748
42163,42.8541
42164,40.16
42165,42.2723
42166,43.0549
42167,41.3788
42168,40.6354
42169,43.9096
42170,41.7938
42171,39.9728
42172,36.7845
42173,39.9504
42174,39.1939
42175,43.8055
42176,42.8812
42177,43.2957
42178,39.5296
42179,39.5591
42180,39.6372
42181,40.6186
42182,41.1187
42183,39.139
42184,37.1891
42185,38.0394
42186,38.2225
42187,41.3876
42188,36.5729
42189,41.2096
42190,40.3844
42191,35.5911
42192,40.5704
42193,44.3453
42194,37.4295
42195,39.6007
42196,36.7882
42197,37.8234
42198,38.7641
42199,34.176
42200,36.4846
42201,39.8755
42202,37.0152
42203,37.5327
42204,40.7812
42205,40.1832
42206,41.3217
42207,43.3388
42208,41.4036
42209,44.4704
42210,40.6289
42211,41.0555
42212,37.6717
42213,42.9166
42214,38.9403
42215,41.4695
42216,38.5758
42217,39.4665
42218,39.9399
42219,41.9501
42220,38.2172
42221,40.4514
42222,37.7176
42223,42.3766
42224,42.8741
42225,44.0901
42226,38.4064
42227,40.4608
42228,41.6542
42229,42.1341
42230,37.3978
42231,37.901
42232,37.9968
42233,45.6521
42234,37.6981
42235,38.751
42236,42.7898
42237,37.7982
42238,39.1863
42239,35.7166
42240,40.4357
42241,38.4064
42242,39.0078
42243,39.4147
42244,36.5021
42245,40.0214
42246,43.1383
42247,40.9145
42248,40.9037
42249,38.9876
42250,41.9961
42251,39.0928
42252,40.1576
42253,39.4859
42254,40.6623
42255,37.793
42256,40.3062
42257,40.3955
42258,40.7001
42259,40.9792
42260,39.6031
42261,40.8203
42262,41.8683
42263,40.0913
42264,42.0415
42265,43.4766
42266,36.0484
42267,42.2614
42268,39.1836
42269,36.2288
42270,38.089
42271,40.1907
42272,41.0219
42273,41.9296
42274,39.3724
42275,39.6608
42276,39.8205
42277,40.919
42278,40.9338
42279,37.1395
42280,38.7721
42281,38.8425
42282,39.3386
42283,40.0327
42284,34.2606
42285,41.5947
42286,42.6452
42287,36.4444
42288,42.8496
42289,42.8744
42290,37.0402
42291,38.9004
42292,37.3771
42293,39.506
42294,38.9398
42295,39.6255
42296,38.8366
42297,37.8246
42298,37.2477
42299,40.4043
42300,40.4572
42301,39.4656
42302,40.2642
42303,38.493
42304,41.7488
42305,41.942
42306,40.8734
42307,40.2963
42308,43.7896
42309,40.9897
42310,42.2967
42311,42.4051
42312,37.9798
42313,43.0912
42314,39.0613
42315,39.3842
42316,39.8262
42317,40.0525
42318,38.1159
42319,40.6951
42320,40.0883
42321,40.9468
42322,40.2465
42323,36.6504
42324,38.0063
42325,38.7286
42326,38.2715
42327,39.3846
42328,40.4503
42329,38.5334
42330,40.0903
42331,42.4262
42332,40.3111
42333,41.4035
42334,37.6234
42335,42.6726
42336,36.9515
42337,41.1548
42338,38.8536
42339,39.0792
42340,40.3551
42341,39.3778
42342,39.8301
42343,39.1494
42344,40.2481
42345,37.822
42346,38.4751
42347,42.6051
42348,38.7024
42349,38.9416
42350,39.3929
42351,41.0135
42352,37.7689
42353,42.2465
42354,38.3003
42355,40.5354
42356,39.5654
42357,37.3068
42358,44.2594
42359,37.4058
42360,37.9804
42361,42.2327
42362,37.9269
42363,42.2531
42364,40.5443
42365,35.7519
42366,40.7709
42367,42.9431
42368,41.7741
42369,40.3188
42370,39.0496
42371,39.1442
42372,39.4661
42373,37.6864
42374,38.0825
42375,38.6729
42376,37.0906
42377,38.5851
42378,38.7241
42379,39.775
42380,40.2553
42381,40.3847
42382,39.7462
42383,38.984
42384,40.8014
42385,37.9925
42386,42.6347
42387,39.7384
42388,40.6538
42389,42.3843
42390,38.7363
42391,41.8612
42392,39.9397
42393,42.9664
42394,37.0567
42395,40.8795
42396,39.2284
42397,40.1488
42398,40.3832
42399,43.5951
42400,44.1621
42401,41.3391
42402,41.3517
42403,41.4936
42404,35.8811
42405,42.1423
42406,42.5192
42407,36.9719
42408,43.0758
42409,40.6933
42410,41.5329
42411,37.554
42412,40.6393
42413,40.7061
42414,37.7453
42415,39.7568
42416,37.0766
42417,39.1925
42418,42.5014
42419,39.7703
42420,39.8054
42421,42.8138
42422,38.8463
42423,41.5941
42424,41.0777
42425,41.2614
42426,40.4489
42427,40.6924
42428,41.7081
42429,40.7165
42430,41.725
42431,41.4378
42432,38.5241
42433,37.5914
42434,41.6017
42435,42.7591
42436,39.9172
42437,40.0287
42438,40.689
42439,38.6882
42440,43.182
42441,40.3638
42442,43.6029
42443,40.0464
42444,41.1871
42445,41.5484
42446,42.2061
42447,42.9443
42448,37.8316
42449,36.861
42450,40.8796
42451,37.1795
42452,37.9671
42453,37.9835
42454,38.8273
42455,39.1019
42456,39.2037
42457,39.117
42458,39.1319
42459,40.41
42460,41.3469
42461,38.6268
42462,41.7918
42463,41.8024
42464,41.8384
42465,38.9444
42466,42.0654
42467,35.1476
42468,39.5071
42469,41.6834
42470,40.0958
42471,36.996
42472,40.0465
42473,44.1815
42474,41.3983
42475,41.6341
42476,39.2512
42477,39.578
42478,40.0142
42479,41.1861
42480,41.5994
42481,38.6473
42482,36.8146
42483,38.9808
42484,40.8582
42485,39.2569
42486,41.3702
42487,40.4826
42488,38.7694
42489,41.001
42490,39.4714
42491,39.5741
42492,39.7308
42493,39.7507
42494,41.8068
42495,40.005
42496,38.1453
42497,42.3791
42498,38.167
42499,41.5136
42500,39.6555
42501,43.5047
42502,38.5892
42503,40.6287
42504,39.8476
42505,41.3614
42506,41.7077
42507,35.971
42508,37.7854
42509,43.1388
42510,39.3784
42511,39.5527
42512,44.6794
42513,35.7528
42514,40.7415
42515,40.0213
42516,38.4929
42517,41.8014
42518,41.8471
42519,38.6772
42520,37.6944
42521,40.7195
42522,40.4178
42523,42.0948
42524,43.223
42525,35.483
42526,39.5078
42527,39.8314
42528,39.423
42529,39.4914
42530,39.7506
42531,39.813
42532,36.0175
42533,40.4086
42534,42.4475
42535,40.7682
42536,38.8843
42537,39.9049
42538,43.2312
42539,41.3389
42540,40.4981
42541,39.3398
42542,38.0063
42543,35.5492
42544,42.1577
42545,38.7598
42546,38.0377
42547,38.3999
42548,38.6048
42549,42.627
42550,39.6694
42551,40.3186
42552,41.4187
42553,40.5028
42554,39.6531
42555,37.5609
42556,38.5868
42557,37.4204
42558,42.386
42559,40.5324
42560,36.6854
42561,38.8304
42562,43.9305
42563,41.1873
42564,41.279
42565,40.7195
42566,45.03
42567,41.5014
42568,42.2478
42569,42.2562
42570,41.1461
42571,39.9277
42572,37.0365
42573,39.2856
42574,41.0846
42575,39.5143
42576,39.3064
42577,41.366
42578,39.1636
42579,38.3927
42580,38.5382
42581,39.9429
42582,40.2262
42583,40.2848
42584,41.6484
42585,38.6568
42586,41.4383
42587,41.8565
42588,42.0138
42589,42.4575
42590,37.765
42591,39.3654
42592,39.6155
42593,42.6304
42594,41.1655
42595,45.2535
42596,39.342
42597,41.4312
42598,38.5354
42599,41.6115
42600,39.1441
42601,38.1766
42602,38.3286
42603,44.4354
42604,43.6434
42605,38.5845
42606,39.0832
42607,39.7768
42608,39.1334
42609,40.1418
42610,40.2857
42611,40.5982
42612,40.6731
42613,41.0481
42614,37.0808
42615,38.4931
42616,46.0958
42617,44.6519
42618,36.7988
42619,43.1587
42620,36.7585
42621,37.0391
42622,42.772
42623,39.3419
42624,44.4047
42625,40.6614
42626,40.0056
42627,39.3343
42628,41.1698
42629,41.6754
42630,36
42631,43.3254
42632,37.4177
42633,39.1853
42634,38.9238
42635,40.2772
42636,37.6729
42637,41.5362
42638,37.1571
42639,36.8743
42640,38.571
42641,42.662
42642,37.7474
42643,40.544
42644,42.684
42645,38.1209
42646,39.3828
42647,38.4392
42648,41.4982
42649,41.713
42650,36.9601
42651,40.2906
42652,41.3911
42653,38.6819
42654,40.8889
42655,40.9217
42656,39.1086
42657,41.4675
42658,41.9811
42659,38.0219
42660,39.5275
42661,40.6616
42662,42.0978
42663,43.1145
42664,40.4165
42665,40.8621
42666,41.939
42667,39.4145
42668,38.8878
42669,44.2487
42670,36.1033
42671,38.8707
42672,39.8124
42673,42.7752
42674,38.795
42675,39.1314
42676,40.3788
42677,40.3296
42678,40.1903
42679,37.2911
42680,42.526
42681,43.0029
42682,39.5918
42683,38.6916
42684,39.5638
42685,42.2289
42686,39.2601
42687,40.4039
42688,40.523
42689,38.8601
42690,41.3663
42691,36.5839
42692,42.0885
42693,37.3852
42694,37.4605
42695,42.6827
42696,40.907
42697,38.1667
42698,36.4968
42699,41.6182
42700,40.6528
42701,37.6711
42702,43.7507
42703,40.7605
42704,38.0292
42705,41.2507
42706,38.9652
42707,42.0741
42708,40.5545
42709,39.8766
42710,38.9715
42711,40.5389
42712,37.5694
42713,40.8807
42714,41.0306
42715,40.4758
42716,43.3839
42717,40.5086
42718,38.5858
42719,37.0389
42720,37.1907
42721,37.8998
42722,38.6147
42723,37.1822
42724,37.7355
42725,39.7661
42726,41.0687
42727,36.7092
42728,38.8089
42729,42.1926
42730,38.7415
42731,37.0764
42732,38.2476
42733,42.2251
42734,40.6567
42735,43.4731
42736,41.6722
42737,39.1221
42738,41.8677
42739,40.0027
42740,39.2005
42741,39.8432
42742,40.7506
42743,40.2129
42744,39.6255
42745,40.7083
42746,41.2283
42747,41.6493
42748,41.1313
42749,41.3956
42750,42.5215
42751,40.7434
42752,40.1493
42753,38.734
42754,41.0343
42755,42.1209
42756,39.3489
42757,38.7399
42758,38.7951
42759,39.0974
42760,39.5192
42761,39.5276
42762,43.5432
42763,39.5736
42764,39.6963
42765,39.8898
42766,40.0409
42767,40.6142
42768,40.6584
42769,37.7262
42770,36.393
42771,43.5923
42772,41.6008
42773,41.836
42774,38.136
42775,42.4838
42776,38.572
42777,43.2386
42778,42.6537
42779,40.1033
42780,40.5202
42781,39.0665
42782,38.2278
42783,39.5125
42784,36.5403
42785,39.6094
42786,41.2211
42787,43.2985
42788,40.3858
42789,37.547
42790,37.6995
42791,40.9101
42792,38.8061
42793,42.8271
42794,40.3056
42795,41.2219
42796,41.3673
42797,41.5994
42798,45.1291
42799,43.4021
42800,36.8656
42801,38.9414
42802,36.9574
42803,40.6912
42804,40.5665
42805,40.9346
42806,37.5013
42807,37.8211
42808,44.2774
42809,38.3557
42810,37.551
42811,36.7506
42812,40.8438
42813,40.7386
42814,41.4842
42815,38.3972
42816,38.781
42817,39.3184
42818,40.5789
42819,38.9542
42820,41.0783
42821,41.2526
42822,40.5208
42823,41.9289
42824,41.1825
42825,39.3329
42826,40.7475
42827,42.3212
42828,38.8852
42829,43.436
42830,43.5238
42831,41.3722
42832,36.2992
42833,39.2511
42834,37.455
42835,40.997
42836,36.5669
42837,41.51
42838,42.0474
42839,42.6552
42840,40.7351
42841,39.6145
42842,36.727
42843,38.7562
42844,38.1027
42845,48.2011
42846,39.7715
42847,40.5676
42848,40.854
42849,40.7848
42850,36.0582
42851,36.7575
42852,38.4277
42853,38.4441
42854,41.628
42855,38.6897
42856,39.396
42857,41.7301
42858,41.0228
42859,39.2943
42860,38.0901
42861,38.1812
42862,39.8038
42863,38.6345
42864,41.2003
42865,40.2856
42866,41.5412
42867,40.0627
42868,42.0247
42869,44.4698
42870,41.7709
42871,42.0403
42872,41.3515
42873,39.2423
42874,39.6826
42875,39.7542
42876,41.2531
42877,36.3466
42878,41.0626
42879,36.6023
42880,40.1466
42881,40.6701
42882,38.8658
42883,42.4822
42884,41.9281
42885,36.0676
42886,37.9092
42887,37.0723
42888,38.1559
42889,42.7713
42890,37.8279
42891,41.0801
42892,43.0467
42893,39.2494
42894,36.9213
42895,35.0452
42896,39.3044
42897,38.4438
42898,38.3499
42899,39.2186
42900,38.739
42901,39.7898
42902,37.8325
42903,38.5953
42904,40.9207
42905,39.1295
42906,41.9149
42907,35.1525
42908,38.3502
42909,42.4686
42910,40.477
42911,40.8517
42912,38.1786
42913,38.7621
42914,41.9108
42915,41.9759
42916,42.1121
42917,39.9132
42918,40.1586
42919,40.0102
42920,37.2221
42921,45.2937
42922,38.4625
42923,40.5742
42924,37.8449
42925,43.2055
42926,37.4558
42927,43.5508
42928,38.9061
42929,38.4068
42930,40.2808
42931,40.7602
42932,40.0382
42933,38.3945
42934,41.3587
42935,41.6621
42936,38.5849
42937,39.8638
42938,37.3717
42939,37.6395
42940,41.6581
42941,39.1402
42942,42.4671
42943,40.2662
42944,42.6449
42945,40.9468
42946,41.2381
42947,39.5919
42948,37.2766
42949,42.847
42950,38.2647
42951,38.1567
42952,35.2515
42953,39.4625
42954,42.5874
42955,37.5958
42956,40.6821
42957,37.7093
42958,41.5114
42959,40.8059
42960,38.8617
42961,38.7726
42962,40.0572
42963,43.6441
42964,39.6984
42965,39.8557
42966,40.044
42967,38.45
42968,43.0646
42969,40.2411
42970,40.2771
42971,39.3791
42972,41.5269
42973,40.5856
42974,39.8101
42975,42.9163
42976,42.2376
42977,40.1797
42978,38.9271
42979,36.9982
42980,40.0204
42981,37.2969
42982,35.5591
42983,39.8194
42984,40.2616
42985,40.381
42986,39.1833
42987,41.692
42988,39.3975
42989,42.8298
42990,42.4414
42991,44.5861
42992,38.7979
42993,41.0322
42994,38.6301
42995,38.7254
42996,38.4143
42997,41.9799
42998,40.6224
42999,40.7803
43000,36.0044
43001,40.9778
43002,39.8661
43003,40.6225
43004,41.1246
43005,39.7013
43006,40.299
43007,42.6309
43008,36.6956
43009,38.7547
43010,37.0217
43011,38.8076
43012,41.6909
43013,38.8632
43014,43.5762
43015,41.3312
43016,39.9649
43017,43.98
43018,36.4947
43019,40.5418
43020,36.7924
43021,37.812
43022,35.8001
43023,38.4393
43024,41.5289
43025,42.9522
43026,39.2097
43027,41.0413
43028,39.0963
43029,42.1716
43030,41.5668
43031,39.6654
43032,39.8147
43033,42.0834
43034,41.0956
43035,41.1572
43036,41.6421
43037,40.669
43038,43.8493
43039,41.1218
43040,40.5426
43041,39.9101
43042,38.2366
43043,39.2959
43044,40.2106
43045,39.2479
43046,40.2644
43047,40.567
43048,41.653
43049,40.9284
43050,40.3414
43051,39.6304
43052,37.7777
43053,39.5292
43054,37.5907
43055,38.96
43056,35.215
43057,36.2689
43058,44.7399
43059,40.2631
43060,39.2104
43061,38.7727
43062,42.2859
43063,42.7634
43064,43.8422
43065,39.7367
43066,39.9385
43067,37.4541
43068,37.9216
43069,38.8186
43070,40.3376
43071,40.0812
43072,43.4312
43073,40.7185
43074,42.1244
43075,38.1502
43076,38.8319
43077,40.8064
43078,37.0515
43079,43.1806
43080,40.2347
43081,38.3737
43082,38.6791
43083,37.7966
43084,42.5848
43085,39.0257
43086,40.4243
43087,40.3917
43088,42.3333
43089,41.3745
43090,42.0446
43091,42.3641
43092,37.0731
43093,43.7303
43094,36.9033
43095,36.0395
43096,38.2096
43097,38.3531
43098,40.483
43099,40.4914
43100,41.1983
43101,41.2461
43102,39.5896
43103,37.9271
43104,38.0951
43105,42.1814
43106,41.2508
43107,40.4915
43108,40.5419
43109,38.6074
43110,39.013
43111,39.9655
43112,42.0233
43113,41.3319
43114,36.567
43115,38.5993
43116,40.7593
43117,40.104
43118,41.1752
43119,41.4779
43120,41.5276
43121,42.536
43122,42.0041
43123,40.6395
43124,42.7236
43125,42.0399
43126,34.5858
43127,40.6509
43128,39.001
43129,39.1435
43130,39.4933
43131,40.5463
43132,36.4426
43133,39.5897
43134,40.966
43135,38.6194
43136,42.672
43137,40.8236
43138,37.3575
43139,38.1213
43140,40.3826
43141,36.4361
43142,41.4445
43143,41.8879
43144,38.719
43145,38.8315
43146,36.5021
43147,40.741
43148,45.4727
43149,38.8566
43150,39.6684
43151,40.9994
43152,39.3103
43153,42.4954
43154,38.846
43155,39.6041
43156,39.9968
43157,38.0805
43158,42.1469
43159,38.272
43160,43.2952
43161,33.6887
43162,40.2978
43163,35.3631
43164,41.3893
43165,41.4256
43166,40.1484
43167,36.3674
43168,40.7055
43169,42.9241
43170,39.9405
43171,40.4961
43172,34.519
43173,41.5778
43174,36.4573
43175,42.2667
43176,38.9459
43177,38.0003
43178,38.2444
43179,38.6472
43180,36.9313
43181,40.558
43182,37.1205
43183,40.8542
43184,41.1256
43185,41.915
43186,42.5539
43187,42.7472
43188,41.7956
43189,43.873
43190,38.2384
43191,38.2797
43192,38.2914
43193,36.5737
43194,39.1158
43195,38.4272
43196,39.0141
43197,40.1261
43198,40.1914
43199,41.2448
43200,41.2814
43201,41.6758
43202,36.7616
43203,38.2628
43204,36.9222
43205,36.2627
43206,42.4206
43207,38.9041
43208,40.9367
43209,39.7326
43210,38.1197
43211,40.6993
43212,42.7515
43213,37.1544
43214,37.7434
43215,41.9375
43216,39.0794
43217,40.809
43218,39.0196
43219,39.5279
43220,41.7563
43221,40.0681
43222,40.5758
43223,40.9359
43224,41.4376
43225,41.5543
43226,39.6826
43227,38.719
43228,36.7466
43229,38.0337
43230,38.0557
43231,38.3342
43232,39.8138
43233,37.3955
43234,41.7896
43235,38.8934
43236,41.9123
43237,40.7564
43238,43.4455
43239,36.6013
43240,43.2395
43241,44.4093
43242,41.662
43243,38.8245
43244,40.9464
43245,38.9548
43246,32.9746
43247,41.1288
43248,41.2052
43249,39.2716
43250,40.7779
43251,40.3657
43252,36.9909
43253,42.3678
43254,43.4779
43255,41.4922
43256,38.1368
43257,36.7355
43258,38.7786
43259,43.7341
43260,41.8418
43261,41.4871
43262,39.074
43263,41.2869
43264,37.4637
43265,43.4961
43266,37.604
43267,36.9688
43268,38.3728
43269,40.5857
43270,42.0611
43271,38.5383
43272,38.4127
43273,40.0768
43274,41.9107
43275,41.3083
43276,41.087
43277,36.1541
43278,38.8033
43279,41.9012
43280,40.0433
43281,42.0817
43282,40.7629
43283,39.1951
43284,40.4347
43285,37.0276
43286,37.8966
43287,38.5828
43288,38.5992
43289,36.7022
43290,38.8193
43291,39.3628
43292,37.9847
43293,37.0251
43294,40.3213
43295,37.634
43296,42.8709
43297,38.8985
43298,41.5385
43299,41.8317
43300,41.9346
43301,41.3583
43302,33.9783
43303,41.5329
43304,40.5929
43305,34.9758
43306,40.4823
43307,35.5168
43308,40.5252
43309,37.539
43310,40.8096
43311,42.0145
43312,37.5162
43313,38.28
43314,40.7014
43315,35.7468
43316,38.221
43317,40.0053
43318,38.3891
43319,37.4998
43320,39.5524
43321,40.6552
43322,38.9619
43323,41.1798
43324,39.6698
43325,41.8174
43326,40.1522
43327,41.1934
43328,41.4482
43329,35.4145
43330,43.4374
43331,42.9816
43332,37.5127
43333,41.3577
43334,40.6538
43335,42.7059
43336,39.7262
43337,41.0864
43338,40.3971
43339,41.2819
43340,38.8525
43341,40.1235
43342,43.4258
43343,36.0624
43344,36.7185
43345,39.2364
43346,40.2021
43347,38.157
43348,37.809
43349,41.422
43350,39.6639
43351,38.467
43352,39.6357
43353,40.8863
43354,42.9416
43355,40.9501
43356,43.1066
43357,41.2686
43358,37.5022
43359,37.6935
43360,36.1928
43361,38.4006
43362,38.7874
43363,40.0111
43364,35.1341
43365,41.2896
43366,37.7995
43367,38.008
43368,40.1227
43369,38.4177
43370,38.7767
43371,39.0234
43372,39.0736
43373,40.2824
43374,42.5761
43375,40.6172
43376,38.9832
43377,41.1039
43378,39.4924
43379,43.5489
43380,39.7679
43381,44.2621
43382,40.5255
43383,35.1617
43384,37.3662
43385,39.3865
43386,40.7004
43387,40.868
43388,41.0964
43389,40.7094
43390,36.7178
43391,39.3297
43392,38.2722
43393,38.6245
43394,41.6043
43395,38.7832
43396,37.6259
43397,38.4898
43398,39.667
43399,38.6754
43400,41.8744
43401,43.2813
43402,40.6983
43403,41.1285
43404,41.2828
43405,41.7906
43406,43.7371
43407,39.2928
43408,38.5075
43409,36.9979
43410,40.0432
43411,38.0785
43412,38.365
43413,39.9654
43414,41.251
43415,42.6631
43416,41.253
43417,40.6732
43418,37.5576
43419,38.0669
43420,42.092
43421,43.3685
43422,37.5429
43423,38.9246
43424,39.4384
43425,40.5618
43426,39.802
43427,39.9012
43428,39.268
43429,41.2283
43430,41.0111
43431,42.0758
43432,37.5368
43433,39.5565
43434,36.7126
43435,40.5608
43436,38.8896
43437,41.2631
43438,38.6791
43439,39.6973
43440,43.9153
43441,39.7608
43442,40.3772
43443,38.8955
43444,36.8731
43445,39.5866
43446,37.017
43447,39.3203
43448,37.6889
43449,41.2526
43450,42.2621
43451,41.2892
43452,38.3857
43453,39.5386
43454,39.6785
43455,42.7155
43456,41.0127
43457,39.5193
43458,40.5694
43459,41.0771
43460,44.5464
43461,40.3025
43462,38.4337
43463,38.3252
43464,38.0968
43465,39.1052
43466,40.1246
43467,40.0468
43468,38.1807
43469,40.4781
43470,38.5153
43471,37.748
43472,38.079
43473,39.9216
43474,38.9653
43475,38.9366
43476,42.2725
43477,37.9727
43478,37.5426
43479,36.6537
43480,44.045
43481,39.4545
43482,37.0253
43483,38.0337
43484,42.4763
43485,40.0005
43486,40.0653
43487,41.5277
43488,41.7322
43489,45.2647
43490,42.3271
43491,42.8248
43492,39.9877
43493,45.0736
43494,42.0959
43495,38.9237
43496,40.8568
43497,41.0201
43498,34.221
43499,40.3454
43500,39.8107
43501,40.1051
43502,38.5631
43503,39.0678
43504,40.1511
43505,40.0017
43506,38.6305
43507,40.3825
43508,40.493
43509,39.9086
43510,42.9414
43511,38.5537
43512,42.3662
43513,38.6157
43514,37.8165
43515,42.7296
43516,38.9658
43517,38.8943
43518,37.9092
43519,37.4471
43520,40.8846
43521,38.2971
43522,42.1797
43523,36.3118
43524,39.3408
43525,36.3796
43526,37.1915
43527,41.7014
43528,40.8286
43529,38.1047
43530,36.6303
43531,38.7734
43532,37.2557
43533,39.6485
43534,37.7241
43535,38.7803
43536,40.864
43537,41.6207
43538,38.8186
43539,38.961
43540,37.041
43541,39.0567
43542,39.0868
43543,43.1678
43544,39.5746
43545,39.7266
43546,40.741
43547,39.8454
43548,40.3672
43549,37.4362
43550,39.4678
43551,41.5566
43552,40.5767
43553,39.4439
43554,36.8303
43555,37.0263
43556,39.4333
43557,38.4905
43558,43.6314
43559,40.0986
43560,41.2375
43561,40.3834
43562,40.7041
43563,39.8499
43564,38.5928
43565,41.4513
43566,39.231
43567,38.3968
43568,39.0927
43569,44.1822
43570,40.7163
43571,41.1754
43572,40.6565
43573,36.8859
43574,37.3702
43575,36.7555
43576,39.8288
43577,37.6484
43578,38.1827
43579,40.3763
43580,40.5219
43581,40.8176
43582,41.8562
43583,36.1481
43584,42.7188
43585,37.6214
43586,39.0655
43587,39.9218
43588,37.9959
43589,37.105
43590,41.3763
43591,39.5144
43592,40.5688
43593,37.0257
43594,41.1364
43595,38.4793
43596,42.2537
43597,39.375
43598,39.9151
43599,40.3916
43600,36.4275
43601,40.6396
43602,39.9968
43603,41.0907
43604,40.2839
43605,41.6424
43606,42.0119
43607,39.3846
43608,40.1995
43609,40.5274
43610,40.6979
43611,40.4544
43612,41.5859
43613,38.9403
43614,43.3723
43615,41.5049
43616,41.5504
43617,37.5779
43618,46.0503
43619,37.3882
43620,39.2857
43621,40.5847
43622,36.846
43623,41.4038
43624,38.6242
43625,38.6498
43626,39.1123
43627,39.2158
43628,41.3005
43629,42.4923
43630,39.8915
43631,43.6862
43632,42.7362
43633,39.5167
43634,42.8848
43635,40.253
43636,41.4733
43637,37.6628
43638,37.016
43639,38.4331
43640,39.4105
43641,38.5095
43642,40.4096
43643,36.6058
43644,40.6794
43645,40.6878
43646,40.7089
43647,36.8464
43648,41.5921
43649,40.9992
43650,40.6203
43651,37.9159
43652,41.2078
43653,42.1472
43654,40.1155
43655,40.3813
43656,40.4308
43657,40.6994
43658,38.8251
43659,37.1365
43660,39.2305
43661,36.0818
43662,40.6652
43663,43.2185
43664,38.6506
43665,42.7498
43666,35.1278
43667,40.7068
43668,42.8623
43669,37.5725
43670,37.6077
43671,38.8964
43672,37.9048
43673,42.0432
43674,37.2481
43675,38.5592
43676,41.6267
43677,41.8723
43678,38.2485
43679,39.8705
43680,38.879
43681,41.3206
43682,40.5347
43683,39.7497
43684,42.1671
43685,44.3543
43686,42.0588
43687,41.2314
43688,40.3907
43689,38.6703
43690,39.0409
43691,35.3095
43692,40.6508
43693,40.798
43694,35.8467
43695,36.0133
43696,41.4211
43697,38.2162
43698,38.4224
43699,38.52
43700,39.2992
43701,43.5772
43702,40.7065
43703,42.8098
43704,41.1279
43705,41.7516
43706,38.8638
43707,42.0031
43708,42.5693
43709,43.379
43710,39.3875
43711,43.4198
43712,35.8505
43713,39.1102
43714,38.7022
43715,38.786
43716,37.9701
43717,37.3736
43718,39.2303
43719,38.2479
43720,40.4905
43721,39.5
43722,40.4639
43723,40.2677
43724,42.5265
43725,39.6098
43726,37.6994
43727,37.7734
43728,37.1568
43729,38.2849
43730,39.331
43731,43.5362
43732,40.7526
43733,40.7659
43734,38.7743
43735,39.3093
43736,39.6125
43737,39.7304
43738,43.3881
43739,36.4359
43740,41.8565
43741,39.8346
43742,38.0542
43743,38.135
43744,38.8743
43745,39.3825
43746,40.7441
43747,38.9468
43748,40.4107
43749,40.7934
43750,41.0809
43751,44.4907
43752,37.6562
43753,42.7972
43754,40.3388
43755,40.4838
43756,37.5097
43757,41.655
43758,40.7595
43759,41.7965
43760,39.9259
43761,35.9351
43762,43.0566
43763,40.0077
43764,39.9614
43765,40.4024
43766,37.4908
43767,40.9849
43768,41.569
43769,40.4755
43770,41.1269
43771,39.647
43772,41.8252
43773,42.0771
43774,42.2749
43775,40.3948
43776,36.6461
43777,43.2764
43778,41.5807
43779,40.1779
43780,41.5076
43781,38.463
43782,39.6142
43783,40.7321
43784,38.818
43785,40.4053
43786,42.021
43787,41.6759
43788,37.7793
43789,37.7877
43790,41.939
43791,42.0564
43792,38.5501
43793,42.8495
43794,40.0299
43795,39.2704
43796,39.6735
43797,40.8025
43798,40.0672
43799,40.4413
43800,44.8006
43801,41.3683
43802,45.5431
43803,36.9686
43804,39.7172
43805,41.2649
43806,37.5786
43807,39.333
43808,41.5542
43809,42.6819
43810,40.0173
43811,40.3018
43812,41.0179
43813,39.216
43814,36.6483
43815,43.039
43816,38.289
43817,44.5565
43818,39.3751
43819,40.5441
43820,41.3063
43821,42.1387
43822,42.7866
43823,43.7238
43824,39.2806
43825,36.7152
43826,40.8674
43827,39.5706
43828,38.7964
43829,40.4703
43830,40.3178
43831,40.3263
43832,42.1208
43833,41.3418
43834,44.5406
43835,38.2831
43836,37.8181
43837,40.9864
43838,37.4368
43839,37.7599
43840,38.0222
43841,40.1553
43842,37.2673
43843,38.8815
43844,38.9356
43845,39.2469
43846,38.3096
43847,39.7977
43848,39.8989
43849,42.0037
43850,40.0324
43851,37.2881
43852,40.7016
43853,37.9508
43854,40.564
43855,41.6103
43856,41.7968
43857,37.0298
43858,40.898
43859,38.0239
43860,39.7464
43861,39.952
43862,36.7887
43863,38.2842
43864,39.5823
43865,38.8033
43866,42.7998
43867,39.7769
43868,39.9687
43869,39.6983
43870,39.7225
43871,40.9946
43872,40.5981
43873,41.9722
43874,39.4952
43875,37.6042
43876,40.3188
43877,40.942
43878,42.1087
43879,42.3059
43880,41.3587
43881,38.8807
43882,41.9585
43883,41.0848
43884,42.6533
43885,39.2667
43886,40.3122
43887,37.6499
43888,40.33
43889,38.747
43890,39.0313
43891,40.1581
43892,39.2656
43893,38.4315
43894,41.2521
43895,41.7946
43896,40.0249
43897,43.4532
43898,42.7343
43899,43.2449
43900,39.3738
43901,41.6489
43902,39.4109
43903,36.61
43904,40.0685
43905,40.9323
43906,38.3533
43907,39.5399
43908,39.4576
43909,38.9898
43910,36.5409
43911,41.5593
43912,40.5789
43913,42.2905
43914,39.6539
43915,42.916
43916,40.0905
43917,41.1963
43918,40.3141
43919,38.3133
43920,41.3476
43921,45.5051
43922,36.6089
43923,44.8146
43924,43.1874
43925,43.3164
43926,41.9553
43927,41.968
43928,42.1512
43929,42.2618
43930,37.0585
43931,37.1165
43932,37.9251
43933,39.5168
43934,38.5308
43935,39.5392
43936,40.7955
43937,39.912
43938,41.1494
43939,41.1578
43940,37.1964
43941,43.0511
43942,38.5535
43943,41.6682
43944,39.7711
43945,39.3835
43946,40.0864
43947,36.1223
43948,37.1307
43949,40.1852
43950,40.3212
43951,40.6392
43952,38.8683
43953,38.9965
43954,38.2731
43955,36.6102
43956,41.9119
43957,43.1493
43958,42.3018
43959,38.4261
43960,42.5529
43961,37.5949
43962,40.2059
43963,39.4202
43964,39.5208
43965,39.5811
43966,42.3191
43967,41.3344
43968,38.3965
43969,37.4172
43970,41.7982
43971,43.8419
43972,41.484
43973,42.5205
43974,43.6069
43975,38.7293
43976,38.7778
43977,39.6136
43978,37.8565
43979,39.3446
43980,40.5921
43981,39.8733
43982,41.0456
43983,42.6813
43984,43.068
43985,36.2488
43986,35.4717
43987,37.6121
43988,39.2573
43989,38.4642
43990,38.7204
43991,39.0082
43992,35.2806
43993,41.4563
43994,37.8208
43995,42.1905
43996,36.4672
43997,38.4958
43998,38.9046
43999,40.2033
44000,41.0243
44001,41.0587
44002,36.6908
44003,40.2389
44004,38.629
44005,40.3609
44006,43.0699
44007,38.1295
44008,37.8205
44009,43.3149
44010,41.9029
44011,33.9653
44012,38.2113
44013,38.5494
44014,40.9294
44015,41.4493
44016,37.4726
44017,37.2613
44018,41.2928
44019,37.5236
44020,41.4566
44021,41.7005
44022,41.8947
44023,39.214
44024,40.3097
44025,39.6005
44026,39.8652
44027,40.0982
44028,35.6783
44029,40.6945
44030,42.8954
44031,39.7787
44032,42.356
44033,40.6722
44034,39.0003
44035,34.7887
44036,39.4518
44037,36.6378
44038,39.7854
44039,40.8312
44040,40.957
44041,41.8298
44042,37.9134
44043,38.0707
44044,42.8836
44045,40.6389
44046,38.7556
44047,42.5348
44048,41.7695
44049,40.7854
44050,39.2536
44051,39.4207
44052,41.1392
44053,44.7022
44054,40.0234
44055,40.1897
44056,35.2977
44057,39.383
44058,39.5999
44059,39.6401
44060,36.7826
44061,37.2341
44062,35.5679
44063,36.8029
44064,38.9766
44065,37.3997
44066,39.4081
44067,36.8091
44068,38.186
44069,40.2049
44070,41.4384
44071,41.0859
44072,38.1451
44073,40.6656
44074,39.9142
44075,40.2087
44076,45.2777
44077,40.4648
44078,40.5805
44079,35.4966
44080,36.6949
44081,42.7218
44082,40.0607
44083,41.079
44084,42.2439
44085,35.369
44086,43.6321
44087,42.3973
44088,37.86
44089,42.3591
44090,36.3939
44091,42.8523
44092,38.3786
44093,41.9792
44094,34.417
44095,39.0969
44096,36.5476
44097,39.3733
44098,41.876
44099,41.2275
44100,39.6562
44101,39.1097
44102,40.1196
44103,37.1583
44104,37.5751
44105,38.2531
44106,38.5949
44107,39.7215
44108,38.7778
44109,39.05
44110,41.3044
44111,41.8613
44112,39.8702
44113,40.3259
44114,38.468
44115,38.5402
44116,42.735
44117,39.7826
44118,42.8129
44119,42.8941
44120,41.2677
44121,40.2761
44122,39.5873
44123,40.6615
44124,37.6828
44125,41.5755
44126,40.584
44127,42.0062
44128,39.3486
44129,38.58
44130,42.7659
44131,40.1568
44132,39.4405
44133,39.5056
44134,40.5859
44135,40.9952
44136,41.6859
44137,39.9365
44138,41.9489
44139,41.7095
44140,43.9069
44141,39.1246
44142,40.809
44143,41.4791
44144,34.1763
44145,44.7495
44146,42.0109
44147,39.3226
44148,40.494
44149,38.0602
44150,41.6186
44151,41.9419
44152,36.1537
44153,36.3328
44154,39.7502
44155,38.0869
44156,37.5577
44157,44.1858
44158,39.9992
44159,41.4882
44160,39.7612
44161,37.9087
44162,40.021
44163,40.1971
44164,38.2055
44165,41.4951
44166,39.5873
44167,40.8492
44168,38.9588
44169,39.4728
44170,42.5288
44171,45.9276
44172,43.057
44173,38.8501
44174,39.4028
44175,37.1904
44176,40.6628
44177,40.8772
44178,39.0603
44179,39.0944
44180,40.1494
44181,40.6216
44182,40.9197
44183,43.5498
44184,44.029
44185,37.2257
44186,41.61
44187,40.0724
44188,41.0081
44189,40.2453
44190,40.3745
44191,40.9309
44192,37.0058
44193,40.6926
44194,35.4859
44195,42.4943
44196,41.57
44197,42.1389
44198,40.3091
44199,42.3505
44200,38.7075
44201,39.3009
44202,38.3328
44203,39.0824
44204,40.406
44205,36.9198
44206,39.1961
44207,39.4454
44208,41.0197
44209,40.2507
44210,39.8365
44211,45.2579
44212,41.9818
44213,40.1202
44214,43.6017
44215,39.0843
44216,43.2386
44217,39.921
44218,38.7432
44219,42.3869
44220,38.9185
44221,37.8444
44222,38.9066
44223,38.3248
44224,43.7224
44225,40.7309
44226,40.4044
44227,40.6539
44228,40.9817
44229,37.417
44230,39.5944
44231,40.6034
44232,39.0318
44233,39.121
44234,39.2602
44235,39.8512
44236,40.2215
44237,40.2747
44238,42.4235
44239,41.4037
44240,41.634
44241,40.1088
44242,43.3574
44243,42.4595
44244,36.6084
44245,42.7558
44246,36.1381
44247,38.2538
44248,38.6641
44249,36.9032
44250,44.6195
44251,40.0438
44252,36.6062
44253,41.947
44254,40.2282
44255,41.6035
44256,40.7104
44257,42.1615
44258,37.5612
44259,41.5896
44260,38.7252
44261,43.3193
44262,40.6653
44263,39.5267
44264,40.7269
44265,40.8473
44266,38.3098
44267,40.1967
44268,41.2894
44269,41.4954
44270,39.8682
44271,40.9716
44272,38.0182
44273,38.3824
44274,42.4982
44275,38.623
44276,43.6862
44277,37.1152
44278,39.5244
44279,36.945
44280,38.7664
44281,38.4111
44282,39.2339
44283,38.3039
44284,39.3611
44285,40.4721
44286,40.7646
44287,42.3364
44288,43.2816
44289,39.8497
44290,38.3291
44291,38.0417
44292,38.4499
44293,36.803
44294,37.6742
44295,40.1226
44296,38.5374
44297,41.3687
44298,42.3229
44299,39.9083
44300,40.0887
44301,39.8533
44302,37.5687
44303,34.6126
44304,40.7928
44305,38.273
44306,41.7598
44307,38.2205
44308,40.9771
44309,38.9715
44310,38.97
44311,38.7302
44312,38.3851
44313,40.5043
44314,39.6232
44315,36.864
44316,38.8725
44317,40.0342
44318,42.1158
44319,41.1961
44320,38.2465
44321,40.5995
44322,38.7464
44323,40.4015
44324,39.5458
44325,39.629
44326,38.9678
44327,38.9787
44328,40.4018
44329,40.9001
44330,42.9351
44331,41.2167
44332,42.3953
44333,40.5377
44334,41.7909
44335,39.5203
44336,39.5491
44337,41.6929
44338,42.8762
44339,42.3266
44340,38.7817
44341,39.0733
44342,39.3108
44343,39.3521
44344,37.4995
44345,43.9117
44346,42.0005
44347,38.1858
44348,41.6108
44349,39.6576
44350,38.6979
44351,42.0925
44352,39.4801
44353,37.8548
44354,40.9269
44355,40.3608
44356,38.3693
44357,38.4723
44358,41.4807
44359,39.7893
44360,39.7977
44361,33.4508
44362,37.6791
44363,41.6928
44364,37.9091
44365,40.1797
44366,40.267
44367,39.723
44368,40.0293
44369,34.5974
44370,38.7921
44371,38.9234
44372,40.0093
44373,43.0816
44374,37.2728
44375,40.3035
44376,39.5021
44377,42.1071
44378,40.3136
44379,39.4128
44380,40.8393
44381,35.9684
44382,41.0258
44383,41.2203
44384,40.4648
44385,37.9798
44386,38.6167
44387,38.6252
44388,37.6849
44389,42.1511
44390,43.245
44391,42.8543
44392,39.8692
44393,36.769
44394,38.6133
44395,42.8385
44396,42.9324
44397,39.0007
44398,36.5627
44399,40.3737
44400,38.642
44401,43.8011
44402,38.9797
44403,39.5645
44404,41.8092
44405,42.0848
44406,38.8312
44407,39.9869
44408,40.002
44409,40.3714
44410,38.9024
44411,42.1515
44412,40.8301
44413,38.9353
44414,39.0252
44415,42.084
44416,39.1379
44417,39.636
44418,37.6958
44419,41.7042
44420,38.3855
44421,36.443
44422,40.7392
44423,35.8802
44424,42.9374
44425,37.5408
44426,40.6266
44427,41.2635
44428,38.6438
44429,42.1741
44430,39.5108
44431,39.818
44432,38.0435
44433,41.4905
44434,40.6014
44435,37.9127
44436,41.168
44437,41.2456
44438,41.4831
44439,41.4916
44440,42.4194
44441,42.8149
44442,40.2124
44443,45.0928
44444,42.5934
44445,39.9111
44446,37.991
44447,39.1848
44448,39.2532
44449,40.5807
44450,37.3335
44451,37.4137
44452,39.2532
44453,42.7742
44454,41.9156
44455,41.4346
44456,35.061
44457,42.1762
44458,40.5975
44459,42.193
44460,37.2511
44461,37.8645
44462,38.9786
44463,38.7012
44464,38.7424
44465,40.5557
44466,39.7535
44467,38.8628
44468,37.1509
44469,37.3122
44470,40.723
44471,38.8914
44472,41.0086
44473,38.1156
44474,36.6229
44475,40.6472
44476,37.8944
44477,40.4173
44478,36.4576
44479,42.5327
44480,43.5693
44481,39.6275
44482,38.8271
44483,40.7905
44484,43.3849
44485,42.6252
44486,40.8454
44487,41.0519
44488,41.2963
44489,41.5877
44490,43.0721
44491,37.6078
44492,37.3889
44493,38.9667
44494,40.9467
44495,40.1784
44496,40.5059
44497,41.7905
44498,42.25
44499,42.6849
44500,41.0288
44501,42.3532
44502,40.4635
44503,44.7647
44504,40.9248
44505,38.9878
44506,45.9564
44507,40.1411
44508,38.5044
44509,38.7801
44510,39.8254
44511,39.6131
44512,39.9648
44513,44.0376
44514,40.1743
44515,44.2072
44516,38.2766
44517,38.3203
44518,34.6269
44519,40.8053
44520,38.8535
44521,39.8585
44522,40.2207
44523,40.2292
44524,40.2376
44525,40.3123
44526,40.3604
44527,36.4696
44528,42.6556
44529,41.3691
44530,41.6381
44531,41.6691
44532,41.9487
44533,42.6179
44534,42.7987
44535,42.8382
44536,40.5701
44537,44.2333
44538,44.444
44539,37.6171
44540,42.1865
44541,45.3009
44542,37.815
44543,39.8157
44544,41.7326
44545,39.3554
44546,42.5852
44547,41.6385
44548,42.8
44549,39.8425
44550,40.0361
44551,40.2199
44552,40.2952
44553,43.5497
44554,43.6727
44555,41.4498
44556,41.57
44557,36.4751
44558,39.0529
44559,39.0817
44560,38.7661
44561,35.309
44562,38.5747
44563,39.7643
44564,40.958
44565,41.2521
44566,37.2702
44567,36.3761
44568,37.561
44569,38.9632
44570,40.197
44571,44.2668
44572,41.0854
44573,41.2347
44574,40.435
44575,44.0547
44576,41.319
44577,41.3496
44578,39.512
44579,38.9219
44580,40.9373
44581,37.2726
44582,42.5508
44583,38.426
44584,43.8145
44585,34.4869
44586,35.1111
44587,43.4558
44588,36.6826
44589,35.9021
44590,38.1795
44591,39.6853
44592,41.7312
44593,40.3712
44594,40.6274
44595,39.817
44596,41.9093
44597,41.0155
44598,41.27
44599,41.3522
44600,38.645
44601,40.265
44602,39.4516
44603,39.0532
44604,35.2639
44605,40.5036
44606,38.6471
44607,41.391
44608,36.7162
44609,42.0442
44610,38.5216
44611,40.6644
44612,38.6995
44613,36.7979
44614,42.8386
44615,40.9568
44616,39.3548
44617,41.6131
44618,42.7253
44619,39.9148
44620,39.0404
44621,40.2451
44622,39.7838
44623,41.3126
44624,41.321
44625,40.9892
44626,44.3904
44627,36.6869
44628,39.1439
44629,40.0007
44630,41.0275
44631,38.6177
44632,38.7772
44633,39.221
44634,40.5606
44635,41.1159
44636,41.1359
44637,44.3403
44638,37.4901
44639,40.883
44640,39.0558
44641,36.211
44642,34.2917
44643,38.1255
44644,39.8046
44645,39.9698
44646,39.5198
44647,38.862
44648,38.9801
44649,42.1543
44650,39.2118
44651,39.4046
44652,40.2806
44653,41.3996
44654,38.4722
44655,38.6927
44656,41.9817
44657,41.0465
44658,39.2575
44659,39.8388
44660,40.1818
44661,40.4712
44662,42.9392
44663,40.9874
44664,41.0775
44665,41.1338
44666,38.7146
44667,38.9327
44668,39.1206
44669,43.2497
44670,40.0831
44671,41.2627
44672,41.4082
44673,42.7257
44674,43.6846
44675,40.8455
44676,38.484
44677,37.6238
44678,38.6957
44679,40.8872
44680,36.8483
44681,39.7911
44682,40.9398
44683,41.0668
44684,36.3239
44685,37.7881
44686,37.3306
44687,37.484
44688,38.518
44689,38.7391
44690,39.8794
44691,39.3566
44692,41.6548
44693,40.2112
44694,40.4838
44695,36.987
44696,40.0332
44697,41.1154
44698,41.7169
44699,42.1965
44700,39.2462
44701,39.5579
44702,37.0282
44703,40.2284
44704,40.6703
44705,40.8043
44706,38.949
44707,38.6694
44708,39.1144
44709,40.5854
44710,38.3174
44711,41.9804
44712,41.052
44713,39.2499
44714,39.8687
44715,39.2903
44716,40.2029
44717,40.5608
44718,41.1822
44719,41.5982
44720,42.0521
44721,38.3577
44722,38.6938
44723,41.4965
44724,39.6888
44725,38.8255
44726,38.3352
44727,39.7014
44728,39.1607
44729,38.2278
44730,41.3773
44731,42.117
44732,45.2791
44733,38.8024
44734,39.0723
44735,37.3334
44736,40.8481
44737,43.1302
44738,42.5172
44739,40.6304
44740,40.9996
44741,43.0497
44742,39.8932
44743,39.3538
44744,36.4087
44745,42.1514
44746,41.167
44747,40.9508
44748,41.8759
44749,40.9927
44750,38.1874
44751,37.5825
44752,39.3792
44753,39.8429
44754,41.2838
44755,43.8591
44756,36.9026
44757,38.9264
44758,37.3125
44759,46.0278
44760,39.4601
44761,38.26
44762,39.4213
44763,39.6329
44764,38.6421
44765,37.8318
44766,40.1083
44767,39.2647
44768,35.4051
44769,39.4221
44770,41.2389
44771,42.8369
44772,36.7822
44773,39.7873
44774,38.8851
44775,38.1092
44776,38.573
44777,38.8312
44778,39.4407
44779,39.4492
44780,39.6673
44781,40.5474
44782,40.6243
44783,41.4929
44784,41.7926
44785,39.1494
44786,42.329
44787,42.4177
44788,39.8188
44789,43.0403
44790,37.0692
44791,38.5533
44792,38.6809
44793,40.0466
44794,42.1619
44795,38.601
44796,40.6756
44797,39.9115
44798,38.551
44799,40.6004
44800,40.1351
44801,41.2772
44802,39.4933
44803,42.7977
44804,41.1293
44805,42.0984
44806,42.5243
44807,42.8442
44808,37.8835
44809,36.0678
44810,36.5981
44811,39.5121
44812,40.0835
44813,40.1426
44814,34.2752
44815,40.0635
44816,39.4376
44817,40.8125
44818,41.4316
44819,39.5017
44820,40.6627
44821,39.6982
44822,39.7204
44823,39.8858
44824,39.7632
44825,38.7139
44826,43.9381
44827,38.182
44828,37.4469
44829,41.9825
44830,42.4728
44831,38.7618
44832,39.1353
44833,39.4964
44834,41.5048
44835,39.1039
44836,40.1609
44837,41.2966
44838,41.8252
44839,36.864
44840,40.0547
44841,38.3734
44842,39.0311
44843,40.272
44844,39.7015
44845,39.9511
44846,40.4269
44847,40.2638
44848,39.6274
44849,39.7137
44850,39.7526
44851,40.0816
44852,40.4999
44853,40.7271
44854,40.8785
44855,39.1921
44856,41.4382
44857,37.2096
44858,45.2626
44859,41.454
44860,39.1795
44861,41.4064
44862,44.9394
44863,43.6178
44864,39.8699
44865,42.1326
44866,39.8438
44867,40.243
44868,41.2378
44869,38.2327
44870,41.9065
44871,37.8593
44872,38.0695
44873,39.1166
44874,40.7436
44875,41.1384
44876,42.3171
44877,37.7825
44878,36.9771
44879,38.8561
44880,45.3585
44881,39.4054
44882,41.6063
44883,40.1079
44884,42.5755
44885,38.5078
44886,39.0591
44887,39.8517
44888,40.0729
44889,41.1559
44890,44.554
44891,40.0175
44892,42.8084
44893,40.1379
44894,41.0133
44895,39.4716
44896,42.6819
44897,40.0392
44898,40.3247
44899,42.3547
44900,40.9822
44901,40.7706
44902,42.1506
44903,38.2164
44904,43.4654
44905,42.2309
44906,41.3644
44907,38.3988
44908,41.2226
44909,42.7734
44910,40.9074
44911,36.8895
44912,36.3674
44913,37.3245
44914,39.3705
44915,37.7267
44916,38.4688
44917,41.7107
44918,36.2387
44919,38.9579
44920,41.0228
44921,37.2624
44922,36.4781
44923,41.6465
44924,37.7037
44925,38.5112
44926,38.6318
44927,39.3072
44928,39.6069
44929,36.2301
44930,40.6182
44931,40.7202
44932,41.0362
44933,41.1017
44934,41.4228
44935,41.9227
44936,43.107
44937,35.9356
44938,38.019
44939,43.4889
44940,39.535
44941,38.6024
44942,37.6908
44943,40.5427
44944,40.708
44945,40.7506
44946,38.8608
44947,41.0753
44948,39.0865
44949,39.1423
44950,40.085
44951,42.4323
44952,36.5271
44953,37.5355
44954,38.3875
44955,38.9208
44956,39.3849
44957,43.5259
44958,38.9755
44959,40.0647
44960,39.7187
44961,37.7965
44962,41.3309
44963,39.3873
44964,36.5269
44965,40.6675
44966,42.9083
44967,41.305
44968,42.4697
44969,37.332
44970,38.7691
44971,36.9832
44972,38.3071
44973,43.3155
44974,37.7437
44975,38.8065
44976,40.1155
44977,37.2516
44978,44.2608
44979,39.2707
44980,37.8328
44981,39.8895
44982,37.9172
44983,37.9667
44984,38.6438
44985,38.1756
44986,38.1959
44987,39.7302
44988,43.8591
44989,42.567
44990,43.1556
44991,37.8813
44992,41.0988
44993,42.2904
44994,43.3426
44995,44.4845
44996,38.9107
44997,39.9451
44998,40.6673
44999,40.785
45000,41.9478
45001,41.3898
45002,42.0315
45003,40.2645
45004,40.6467
45005,40.4768
45006,40.5538
45007,38.8459
45008,41.8838
45009,40.6064
45010,41.6299
45011,41.1865
45012,37.6526
45013,41.7914
45014,39.0699
45015,36.2221
45016,38.774
45017,37.4765
45018,38.0253
45019,41.0469
45020,38.2619
45021,38.2733
45022,37.3598
45023,39.2164
45024,39.2248
45025,41.0903
45026,41.8479
45027,39.8286
45028,37.1091
45029,38.8287
45030,38.8881
45031,41.907
45032,41.9509
45033,39.2609
45034,42.3463
45035,39.4307
45036,33.8177
45037,41.0013
45038,39.4855
45039,37.7513
45040,41.1809
45041,41.2173
45042,41.8392
45043,42.468
45044,42.8762
45045,42.0074
45046,42.2419
45047,38.4444
45048,42.6445
45049,40.3621
45050,41.244
45051,40.5774
45052,41.0447
45053,40.2475
45054,37.2999
45055,38.0284
45056,38.2382
45057,40.2408
45058,38.693
45059,40.0321
45060,36.6501
45061,40.3524
45062,42.2692
45063,41.7257
45064,40.5782
45065,40.6348
45066,42.0637
45067,38.0762
45068,44.5618
45069,40.6781
45070,39.1976
45071,39.236
45072,39.2445
45073,38.5004
45074,40.5767
45075,40.6789
45076,42.6372
45077,41.7106
45078,40.9569
45079,37.0471
45080,39.1211
45081,38.3477
45082,42.6607
45083,39.8877
45084,39.9696
45085,39.1806
45086,41.804
45087,40.8992
45088,41.994
45089,40.4742
45090,40.6608
45091,38.093
45092,41.5962
45093,38.8269
45094,39.2035
45095,40.4451
45096,40.6898
45097,40.9729
45098,41.0604
45099,40.7209
45100,37.7416
45101,36.7603
45102,40.2842
45103,40.7606
45104,42.3997
45105,39.7831
45106,40.8803
45107,38.8961
45108,38.4418
45109,37.5813
45110,39.8452
45111,40.0613
45112,34.7971
45113,41.9038
45114,45.087
45115,40.1437
45116,39.8967
45117,38.35
45118,40.0695
45119,39.1124
45120,40.2357
45121,39.9175
45122,40.2142
45123,37.8788
45124,35.4281
45125,37.6692
45126,38.628
45127,35.7136
45128,41.2131
45129,37.9153
45130,39.4393
45131,40.697
45132,38.5726
45133,41.8667
45134,40.3575
45135,39.6241
45136,40.8238
45137,42.2615
45138,43.6073
45139,38.2202
45140,40.429
45141,41.1425
45142,38.4778
45143,38.1108
45144,40.8971
45145,41.6492
45146,39.6709
45147,35.7902
45148,40.9926
45149,37.568
45150,41.1002
45151,39.7585
45152,41.7925
45153,41.98
45154,42.5614
45155,39.1845
45156,36.8552
45157,41.8866
45158,41.7873
45159,41.911
45160,36.2578
45161,39.416
45162,41.4686
45163,39.0173
45164,38.8457
45165,38.8948
45166,37.9911
45167,38.0193
45168,41.0721
45169,39.3072
45170,42.8893
45171,43.0202
45172,39.0749
45173,41.0331
45174,40.5114
45175,40.6538
45176,41.751
45177,40.4627
45178,43.3328
45179,39.6947
45180,43.2439
45181,39.7
45182,40.8251
45183,38.4138
45184,38.9157
45185,39.9287
45186,40.3936
45187,40.6723
45188,40.6939
45189,40.9205
45190,40.4372
45191,37.7434
45192,41.9261
45193,42.0541
45194,38.354
45195,37.7009
45196,37.2281
45197,36.5771
45198,40.0609
45199,40.6585
45200,41.8102
45201,38.8912
45202,42.034
45203,44.4751
45204,41.876
45205,40.3324
45206,41.7812
45207,39.9382
45208,40.9554
45209,41.0764
45210,42.0299
45211,39.3021
45212,36.3896
45213,40.976
45214,39.2095
45215,39.4012
45216,41.5532
45217,41.683
45218,39.9509
45219,38.7108
45220,41.004
45221,40.162
45222,39.3447
45223,40.386
45224,36.5246
45225,41.8801
45226,39.9571
45227,38.0942
45228,39.8442
45229,39.4955
45230,40.0782
45231,39.1614
45232,42.1719
45233,41.4735
45234,44.6727
45235,40.8538
45236,37.9555
45237,34.2967
45238,41.0236
45239,38.2798
45240,43.0085
45241,44.8095
45242,38.5056
45243,34.3672
45244,38.3482
45245,40.4247
45246,40.8644
45247,42.4049
45248,35.631
45249,39.8263
45250,39.913
45251,39.3826
45252,39.5293
45253,41.1617
45254,39.8125
45255,40.9493
45256,41.8186
45257,41.9843
45258,45.1153
45259,35.7892
45260,37.9689
45261,41.2581
45262,38.3145
45263,38.3965
45264,41.6841
45265,40.0819
45266,41.7136
45267,38.5011
45268,42.0072
45269,42.1327
45270,39.6153
45271,39.8736
45272,39.9858
45273,40.0435
45274,37.2237
45275,41.0016
45276,37.2473
45277,37.3865
45278,38.3949
45279,42.4034
45280,38.529
45281,38.5978
45282,43.3948
45283,37.6042
45284,38.659
45285,38.8242
45286,41.2901
45287,40.5595
45288,41.3653
45289,41.1157
45290,42.1788
45291,39.3011
45292,39.4805
45293,39.7938
45294,37.738
45295,41.7286
45296,41.0602
45297,39.3312
45298,35.5923
45299,40.5396
45300,40.7051
45301,39.4704
45302,39.5968
45303,37.8456
45304,38.0703
45305,41.1549
45306,41.9234
45307,40.9507
45308,40.173
45309,41.2162
45310,39.3301
45311,43.4417
45312,41.6075
45313,39.673
45314,39.6814
45315,41.8617
45316,38.8206
45317,41.9002
45318,42.0128
45319,36.7562
45320,43.3691
45321,41.5328
45322,40.7004
45323,38.5491
45324,41.7411
45325,39.6895
45326,41.1353
45327,43.6305
45328,39.8212
45329,39.4613
45330,38.496
45331,38.549
45332,42.7131
45333,41.2322
45334,35.9384
45335,38.9837
45336,41.1513
45337,39.1955
45338,39.2584
45339,42.4623
45340,40.5974
45341,40.4549
45342,41.1729
45343,41.309
45344,40.6247
45345,41.0074
45346,41.4443
45347,42.1575
45348,42.7093
45349,38.7296
45350,38.8826
45351,40.4468
45352,40.6812
45353,41.5967
45354,41.7039
45355,40.8468
45356,39.9621
45357,37.2533
45358,41.0706
45359,38.2914
45360,43.8073
45361,41.6188
45362,40.0478
45363,37.7098
45364,38.1766
45365,42.6688
45366,38.6772
45367,39.7328
45368,41.7798
45369,39.7711
45370,37.7826
45371,37.8286
45372,37.3854
45373,40.9704
45374,37.2272
45375,39.4883
45376,39.5509
45377,41.5594
45378,36.4198
45379,39.5197
45380,40.5038
45381,39.4239
45382,42.4516
45383,39.8453
45384,43.2833
45385,43.4523
45386,40.7799
45387,41.2397
45388,38.4776
45389,40.5438
45390,41.7289
45391,40.7373
45392,38.6191
45393,42.0122
45394,40.8652
45395,40.1423
45396,35.3677
45397,35.6783
45398,42.7796
45399,38.2103
45400,36.7775
45401,39.8855
45402,35.0736
45403,39.3903
45404,36.5375
45405,38.4631
45406,38.7284
45407,38.5125
45408,38.7881
45409,39.114
45410,38.2648
45411,40.2739
45412,40.5135
45413,40.6947
45414,41.8884
45415,42.1985
45416,37.2215
45417,42.4732
45418,41.6394
45419,40.8685
45420,43.56
45421,43.698
45422,40.4154
45423,40.5769
45424,40.0046
45425,40.2191
45426,43.3701
45427,40.2562
45428,37.4336
45429,43.3333
45430,39.3907
45431,41.4755
45432,40.1545
45433,39.5105
45434,39.6103
45435,39.2331
45436,42.1725
45437,40.3468
45438,40.5424
45439,41.3026
45440,43.5776
45441,40.8342
45442,41.023
45443,39.9235
45444,37.9485
45445,42.4625
45446,39.6172
45447,44.6676
45448,42.2118
45449,42.9166
45450,41.5375
45451,38.7748
45452,44.1383
45453,39.6164
45454,37.8778
45455,43.1498
45456,38.4882
45457,38.9467
45458,38.3908
45459,43.4247
45460,41.5224
45461,41.17
45462,41.3305
45463,38.4145
45464,37.4258
45465,38.6643
45466,42.6941
45467,35.7383
45468,38.0641
45469,39.1575
45470,40.6505
45471,40.2544
45472,37.3983
45473,37.5778
45474,38.0278
45475,38.2989
45476,38.5181
45477,38.8907
45478,38.9799
45479,39.3623
45480,39.4316
45481,39.4826
45482,39.8832
45483,39.9633
45484,43.1576
45485,40.512
45486,40.5204
45487,40.8462
45488,41.1229
45489,41.5629
45490,41.9024
45491,42.1395
45492,41.3759
45493,42.8491
45494,39.9512
45495,43.0868
45496,39.0961
45497,41.0091
45498,40.6362
45499,45.1293
45500,39.3009
45501,36.7316
45502,37.7588
45503,41.8604
45504,36.8979
45505,40.0396
45506,40.4002
45507,42.0256
45508,39.0779
45509,36.4216
45510,37.5691
45511,44.122
45512,42.0388
45513,43.452
45514,40.0689
45515,36.5276
45516,37.6887
45517,41.8394
45518,41.3345
45519,38.1486
45520,43.4675
45521,38.6565
45522,38.7896
45523,38.8447
45524,39.9969
45525,40.1255
45526,44.3485
45527,40.4341
45528,41.2792
45529,41.4194
45530,40.5256
45531,41.7266
45532,41.779
45533,43.2327
45534,36.7181
45535,40.0863
45536,41.8184
45537,37.4176
45538,37.8467
45539,38.2789
45540,38.4566
45541,40.8895
45542,37.7617
45543,37.9212
45544,40.0583
45545,40.077
45546,40.3338
45547,40.621
45548,40.7129
45549,39.0833
45550,41.1331
45551,38.2414
45552,40.2723
45553,39.2786
45554,37.7276
45555,42.7908
45556,40.6072
45557,38.996
45558,39.8571
45559,40.5137
45560,39.675
45561,39.6834
45562,40.3654
45563,38.7438
45564,41.7635
45565,42.8468
45566,39.0033
45567,38.6321
45568,39.7973
45569,42.3185
45570,41.5725
45571,40.7128
45572,36.3415
45573,38.0975
45574,39.2935
45575,40.4458
45576,41.7682
45577,41.9056
45578,40.0225
45579,42.4117
45580,41.6593
45581,39.1174
45582,35.7277
45583,39.2169
45584,38.4835
45585,42.5765
45586,38.2273
45587,45.7493
45588,41.2408
45589,39.4072
45590,41.7515
45591,41.4476
45592,38.8232
45593,41.8596
45594,40.5532
45595,38.4443
45596,40.5786
45597,38.4331
45598,39.9296
45599,42.9385
45600,40.0997
45601,36.181
45602,43.3631
45603,38.2882
45604,41.5778
45605,38.6336
45606,35.9882
45607,38.1737
45608,36.6552
45609,38.7233
45610,38.7333
45611,40.0113
45612,41.5645
45613,40.1961
45614,41.2079
45615,41.6818
45616,42.3462
45617,36.7181
45618,39.7553
45619,40.104
45620,37.2946
45621,44.6196
45622,41.6866
45623,38.193
45624,37.6074
45625,38.6895
45626,40.2862
45627,40.3791
45628,38.2461
45629,38.7258
45630,41.0006
45631,41.9042
45632,41.3959
45633,44.448
45634,41.624
45635,42.1336
45636,37.5742
45637,37.249
45638,38.4297
45639,41.9257
45640,40.0671
45641,37.2351
45642,39.6608
45643,41.1947
45644,40.5195
45645,41.7336
45646,37.788
45647,37.7997
45648,38.2975
45649,41.2114
45650,37.4853
45651,39.3789
45652,40.2112
45653,40.1479
45654,40.1689
45655,41.3593
45656,42.1503
45657,39.6881
45658,42.8613
45659,42.4304
45660,38.4388
45661,39.6886
45662,39.8246
45663,39.5692
45664,40.8541
45665,40.1432
45666,40.1745
45667,43.79
45668,42.8505
45669,38.1326
45670,38.941
45671,39.3253
45672,39.5038
45673,38.7941
45674,38.3661
45675,36.8807
45676,40.1114
45677,39.3418
45678,40.4938
45679,41.0018
45680,39.2014
45681,38.4426
45682,38.9448
45683,39.2631
45684,41.1988
45685,37.4961
45686,40.9363
45687,39.5524
45688,40.5608
45689,37.9715
45690,39.0707
45691,40.5475
45692,39.2564
45693,42.9418
45694,41.3195
45695,38.6609
45696,40.7008
45697,39.1692
45698,40.6507
45699,42.557
45700,39.869
45701,40.0422
45702,40.2017
45703,41.4077
45704,37.5229
45705,40.9411
45706,45.4988
45707,43.6221
45708,43.015
45709,41.9094
45710,40.1354
45711,41.7263
45712,37.4921
45713,43.3182
45714,38.8666
45715,38.2551
45716,44.3075
45717,38.3168
45718,38.8298
45719,41.8771
45720,38.0736
45721,39.157
45722,39.2684
45723,39.414
45724,39.5147
45725,40.6049
45726,40.8304
45727,39.1412
45728,39.5735
45729,39.6756
45730,39.9889
45731,38.1935
45732,40.6523
45733,42.0885
45734,43.2139
45735,42.5783
45736,44.1797
45737,41.3734
45738,38.3819
45739,37.4153
45740,41.5133
45741,43.7428
45742,39.7733
45743,38.4619
45744,38.4704
45745,38.0709
45746,38.2362
45747,39.2897
45748,39.6738
45749,39.489
45750,40.5944
45751,39.7421
45752,40.8194
45753,41.0395
45754,37.5333
45755,41.6955
45756,39.1289
45757,42.0075
45758,39.5698
45759,43.6743
45760,42.8548
45761,39.4392
45762,40.9244
45763,36.9588
45764,39.7934
45765,38.8257
45766,42.9177
45767,37.9534
45768,40.9829
45769,41.2208
45770,41.3662
45771,40.4421
45772,39.7486
45773,39.8667
45774,39.9531
45775,37.7123
45776,36.7975
45777,41.0006
45778,41.1047
45779,44.5533
45780,39.5892
45781,42.5977
45782,37.9048
45783,38.2706
45784,38.8545
45785,42.0626
45786,40.4569
45787,40.7418
45788,41.6235
45789,36.812
45790,38.7676
45791,39.731
45792,37.5564
45793,41.8799
45794,33.354
45795,40.754
45796,42.8448
45797,43.7143
45798,37.9959
45799,39.5186
45800,39.8735
45801,39.1435
45802,37.3469
45803,41.8228
45804,38.7566
45805,40.0803
45806,39.1498
45807,42.569
45808,39.3276
45809,37.5477
45810,41.1648
45811,41.6537
45812,42.7206
45813,41.7308
45814,39.7909
45815,38.8627
45816,39.8921
45817,41.043
45818,42.2888
45819,42.4411
45820,37.5266
45821,36.5445
45822,36.7686
45823,41.0083
45824,39.8368
45825,37.9035
45826,43.1746
45827,40.4213
45828,42.3718
45829,41.3977
45830,42.6648
45831,44.0864
45832,41.2332
45833,40.4233
45834,40.0302
45835,41.5776
45836,39.4148
45837,39.6575
45838,37.7645
45839,38.9576
45840,39.1075
45841,39.1571
45842,39.2216
45843,39.35
45844,39.37
45845,41.3786
45846,45.4118
45847,41.7755
45848,40.588
45849,35.9182
45850,43.1325
45851,41.5176
45852,42.657
45853,38.2674
45854,38.6883
45855,42.3877
45856,39.5697
45857,40.1731
45858,42.4244
45859,37.7237
45860,37.9172
45861,37.9975
45862,39.8455
45863,42.2866
45864,40.4639
45865,39.2642
45866,42.5273
45867,38.7739
45868,41.772
45869,41.7821
45870,43.8394
45871,40.0287
45872,41.0976
45873,37.0269
45874,41.4478
45875,41.3887
45876,39.2009
45877,41.2802
45878,41.4229
45879,38.4847
45880,38.3231
45881,38.2009
45882,39.4431
45883,41.4972
45884,40.2606
45885,41.345
45886,37.5698
45887,41.975
45888,38.5416
45889,38.8479
45890,39.9772
45891,39.146
45892,35.6106
45893,40.44
45894,40.5635
45895,39.6604
45896,36.9016
45897,40.2094
45898,40.813
45899,40.8827
45900,41.0064
45901,38.213
45902,41.2855
45903,43.6582
45904,39.065
45905,35.6124
45906,39.6563
45907,43.7407
45908,37.9463
45909,39.2018
45910,40.0275
45911,40.1805
45912,39.7043
45913,39.8386
45914,40.5949
45915,38.6154
45916,39.2026
45917,38.4646
45918,40.9942
45919,41.2006
45920,37.2696
45921,36.6704
45922,40.8288
45923,40.1295
45924,38.647
45925,40.8261
45926,40.9701
45927,38.2812
45928,38.6557
45929,42.2624
45930,39.3228
45931,41.6373
45932,39.6767
45933,40.1635
45934,39.6743
45935,36.2757
45936,40.4425
45937,36.9148
45938,36.9346
45939,36.4769
45940,38.6248
45941,43.6354
45942,39.1839
45943,38.899
45944,39.9957
45945,40.2891
45946,40.7635
45947,39.9457
45948,40.9827
45949,40.062
45950,40.1884
45951,37.6374
45952,43.0616
45953,38.4455
45954,42.4948
45955,40.9501
45956,38.6476
45957,40.0135
45958,40.3058
45959,36.6645
45960,40.6963
45961,39.9252
45962,39.4415
45963,41.4504
45964,38.4822
45965,39.0409
45966,40.2899
45967,42.1654
45968,44.7136
45969,39.7626
45970,38.7047
45971,40.9262
45972,41.6371
45973,42.9752
45974,41.1899
45975,40.4455
45976,41.915
45977,41.0588
45978,39.2643
45979,40.801
45980,39.7635
45981,37.0453
45982,38.9215
45983,39.1235
45984,39.0286
45985,40.8841
45986,38.2444
45987,41.7013
45988,41.7505
45989,37.9298
45990,40.9801
45991,39.9885
45992,41.1476
45993,41.3209
45994,38.4071
45995,41.5076
45996,41.5161
45997,42.589
45998,42.8419
45999,39.4675
46000,41.5895
46001,40.429
46002,40.6349
46003,41.454
46004,41.507
46005,41.7125
46006,40.2269
46007,40.0953
46008,39.1826
46009,42.3633
46010,39.8038
46011,39.3206
46012,39.4084
46013,41.052
46014,42.3511
46015,40.3729
46016,41.1672
46017,42.3469
46018,36.3674
46019,37.6435
46020,36.2758
46021,40.4882
46022,38.6009
46023,39.792
46024,40.0977
46025,37.7964
46026,41.4451
46027,40.6471
46028,42.1378
46029,40.2643
46030,39.8886
46031,41.9521
46032,40.1464
46033,42.2907
46034,41.1941
46035,43.3354
46036,39.6492
46037,41.6992
46038,39.7767
46039,38.7679
46040,38.1584
46041,40.4594
46042,41.7169
46043,38.9835
46044,40.6556
46045,37.6996
46046,40.059
46047,40.2425
46048,39.3987
46049,41.6333
46050,36.684
46051,40.8298
46052,40.8476
46053,39.2944
46054,39.6358
46055,40.2712
46056,37.7881
46057,42.3241
46058,40.5646
46059,39.8363
46060,42.899
46061,37.0347
46062,37.9382
46063,36.2292
46064,38.7199
46065,41.4232
46066,36.5322
46067,41.6244
46068,39.7216
46069,38.3341
46070,40.9628
46071,43.0418
46072,36.5183
46073,40.9668
46074,42.5725
46075,38.769
46076,39.199
46077,39.7802
46078,41.3401
46079,38.7219
46080,32.4117
46081,39.7743
46082,40.0845
46083,43.3587
46084,36.4826
46085,40.8609
46086,42.0583
46087,39.2244
46088,41.8944
46089,40.0706
46090,40.4383
46091,40.6924
46092,41.3346
46093,38.7784
46094,39.6041
46095,43.7677
46096,37.8122
46097,35.8667
46098,37.9199
46099,35.0752
46100,40.2103
46101,40.6012
46102,42.0786
46103,38.6654
46104,38.8085
46105,39.3523
46106,38.668
46107,38.0419
46108,40.6685
46109,40.0538
46110,41.3613
46111,40.1411
46112,41.2749
46113,40.7224
46114,41.1302
46115,40.9868
46116,42.9616
46117,39.3599
46118,39.7012
46119,37.1513
46120,38.5671
46121,42.1626
46122,38.6222
46123,38.6834
46124,38.7076
46125,38.0935
46126,37.59
46127,41.1584
46128,38.0973
46129,42.9809
46130,41.5239
46131,43.5588
46132,41.3065
46133,38.7803
46134,41.1838
46135,35.6434
46136,40.788
46137,39.2505
46138,40.0815
46139,40.1232
46140,42.4387
46141,36.4699
46142,38.8652
46143,39.1296
46144,37.4219
46145,40.0464
46146,44.0796
46147,41.621
46148,35.0032
46149,40.8344
46150,40.8585
46151,36.2342
46152,38.5508
46153,39.0502
46154,39.9538
46155,38.0588
46156,39.4868
46157,37.0344
46158,37.5836
46159,40.7135
46160,42.3906
46161,41.6184
46162,35.4449
46163,39.8694
46164,40.2226
46165,41.4855
46166,41.362
46167,37.4186
46168,42.7743
46169,39.9583
46170,42.1837
46171,37.4229
46172,35.9673
46173,43.8289
46174,44.0197
46175,39.3651
46176,40.7276
46177,40.8218
46178,41.0841
46179,37.1728
46180,39.2141
46181,39.5279
46182,39.5643
46183,37.7237
46184,41.7991
46185,41.8262
46186,39.1027
46187,39.1887
46188,41.1275
46189,41.2582
46190,41.4566
46191,41.4777
46192,41.3154
46193,38.8841
46194,41.9274
46195,42.5463
46196,35.7745
46197,39.2915
46198,36.7048
46199,39.9807
46200,39.5541
46201,37.9562
46202,41.0229
46203,42.5077
46204,38.6872
46205,40.9414
46206,41.1279
46207,40.6075
46208,42.293
46209,42.3014
46210,39.7189
46211,41.683
46212,38.9279
46213,39.6011
46214,42.0506
46215,40.5577
46216,37.1944
46217,40.3909
46218,38.9054
46219,41.159
46220,37.2783
46221,38.0019
46222,40.3909
46223,42.6827
46224,36.7041
46225,38.9932
46226,41.4158
46227,41.1281
46228,39.1366
46229,38.7963
46230,40.4366
46231,40.5873
46232,41.1045
46233,41.2912
46234,38.2996
46235,41.5446
46236,38.9157
46237,39.1604
46238,40.4626
46239,42.8603
46240,38.8778
46241,39.8925
46242,39.5621
46243,43.8397
46244,42.6522
46245,35.5619
46246,38.3501
46247,37.9344
46248,38.6246
46249,38.9974
46250,40.3564
46251,40.0475
46252,38.1329
46253,38.2574
46254,42.3824
46255,37.5524
46256,40.7716
46257,39.0942
46258,38.4345
46259,37.5658
46260,41.6939
46261,35.0443
46262,40.1361
46263,40.7324
46264,42.004
46265,40.1897
46266,40.1982
46267,42.3561
46268,39.8943
46269,41.1786
46270,38.8817
46271,38.1929
46272,46.5606
46273,41.2412
46274,40.5003
46275,40.7585
46276,38.8756
46277,37.278
46278,37.2937
46279,40.4167
46280,38.806
46281,38.4631
46282,42.5461
46283,43.1213
46284,36.7428
46285,38.7204
46286,41.2633
46287,36.627
46288,37.9221
46289,40.8913
46290,40.0475
46291,36.0295
46292,39.3392
46293,41.3476
46294,40.901
46295,40.3139
46296,41.1822
46297,41.7903
46298,43.8628
46299,40.8601
46300,36.8685
46301,38.6273
46302,37.6993
46303,41.2026
46304,37.481
46305,37.388
46306,40.9835
46307,41.6706
46308,41.0162
46309,38.8231
46310,38.1488
46311,37.1818
46312,41.8714
46313,40.9066
46314,41.915
46315,41.8888
46316,40.428
46317,44.0152
46318,44.0634
46319,38.0757
46320,39.1897
46321,41.3197
46322,39.5063
46323,42.5001
46324,41.8137
46325,38.8057
46326,37.0299
46327,42.6027
46328,37.6218
46329,38.954
46330,41.0884
46331,38.2966
46332,39.6539
46333,41.6968
46334,40.4998
46335,39.3145
46336,40.571
46337,39.4687
46338,38.9571
46339,41.3857
46340,40.7245
46341,42.7791
46342,39.0974
46343,43.4732
46344,37.7113
46345,37.4329
46346,36.5193
46347,41.5878
46348,44.7666
46349,38.3998
46350,38.7394
46351,37.8724
46352,38.9315
46353,38.9455
46354,39.0099
46355,39.5746
46356,43.2382
46357,40.9117
46358,40.9823
46359,37.5665
46360,34.7971
46361,39.0512
46362,39.4956
46363,40.054
46364,42.198
46365,36.6477
46366,39.1954
46367,37.4162
46368,43.6649
46369,39.0886
46370,38.4845
46371,36.8799
46372,36.9118
46373,39.3836
46374,38.7406
46375,43.5883
46376,41.7426
46377,38.3933
46378,41.8077
46379,37.0932
46380,40.3417
46381,39.4735
46382,39.4978
46383,37.6927
46384,35.8857
46385,41.7594
46386,40.8084
46387,37.2726
46388,40.5731
46389,35.6919
46390,37.4903
46391,38.9775
46392,42.384
46393,43.1071
46394,36.2772
46395,40.5199
46396,40.9338
46397,37.9528
46398,38.4199
46399,39.545
46400,39.5202
46401,39.6035
46402,42.6861
46403,38.1561
46404,41.2953
46405,40.9527
46406,39.5629
46407,40.1095
46408,42.1225
46409,39.8488
46410,40.9742
46411,36.429
46412,42.4571
46413,39.5053
46414,36.8423
46415,36.9047
46416,40.9594
46417,40.322
46418,38.4241
46419,37.4325
46420,39.7241
46421,38.6545
46422,43.8995
46423,38.9479
46424,39.4633
46425,40.091
46426,41.2163
46427,39.4137
46428,39.9646
46429,40.6912
46430,43.3098
46431,38.5731
46432,39.2557
46433,40.0974
46434,39.1973
46435,38.2254
46436,43.0819
46437,38.5807
46438,39.3916
46439,36.7641
46440,37.0104
46441,39.1246
46442,42.1028
46443,39.1678
46444,39.2732
46445,37.8285
46446,39.983
46447,38.2954
46448,39.5939
46449,41.6815
46450,40.4065
46451,42.5837
46452,39.6292
46453,40.3058
46454,41.5262
46455,38.7419
46456,41.8747
46457,39.0092
46458,42.1425
46459,38.5118
46460,40.972
46461,37.291
46462,38.8465
46463,38.3432
46464,38.9354
46465,40.201
46466,39.7295
46467,39.9506
46468,40.0247
46469,41.0782
46470,40.1395
46471,39.4169
46472,41.4922
46473,41.9604
46474,42.1491
46475,39.0799
46476,36.9122
46477,40.7678
46478,37.8871
46479,38.183
46480,38.811
46481,37.7644
46482,38.6811
46483,41.7547
46484,38.7736
46485,39.2538
46486,37.7008
46487,37.8172
46488,42.4299
46489,40.8522
46490,43.141
46491,36.328
46492,38.7693
46493,40.8339
46494,40.5151
46495,36.741
46496,43.027
46497,39.6708
46498,44.5068
46499,40.9319
46500,37.8992
46501,41.9685
46502,40.1923
46503,39.4406
46504,40.5187
46505,39.6294
46506,37.6502
46507,40.5261
46508,42.5976
46509,39.6633
46510,43.2108
46511,39.2343
46512,39.1277
46513,39.2976
46514,37.9856
46515,43.4262
46516,36.4469
46517,41.274
46518,38.0703
46519,42.8666
46520,39.0597
46521,37.5003
46522,41.1379
46523,39.1974
46524,43.5546
46525,39.599
46526,38.0065
46527,40.2237
46528,43.3206
46529,37.632
46530,39.6415
46531,40.5787
46532,38.3527
46533,39.9431
46534,39.6365
46535,42.3867
46536,39.5321
46537,42.6594
46538,39.739
46539,39.3354
46540,41.3945
46541,39.9283
46542,40.4452
46543,40.9583
46544,43.1434
46545,41.3704
46546,35.8262
46547,36.182
46548,40.1993
46549,40.8412
46550,43.9712
46551,43.0662
46552,38.7053
46553,40.1872
46554,41.4327
46555,41.3549
46556,38.5102
46557,39.782
46558,40.9106
46559,35.3926
46560,36.9062
46561,40.0644
46562,37.7767
46563,41.8631
46564,42.1789
46565,40.3207
46566,37.7391
46567,38.7476
46568,41.772
46569,43.4304
46570,38.8312
46571,42.1954
46572,39.2575
46573,43.3904
46574,36.4125
46575,41.4705
46576,40.5581
46577,37.5665
46578,40.601
46579,40.6729
46580,39.2148
46581,37.4446
46582,37.659
46583,36.8074
46584,36.8453
46585,37.0632
46586,42.9141
46587,39.0014
46588,35.3777
46589,43.4412
46590,40.6006
46591,47.1188
46592,40.4675
46593,40.0046
46594,40.5668
46595,45.0229
46596,39.3824
46597,39.7372
46598,39.7456
46599,36.8845
46600,39.921
46601,43.9517
46602,40.1216
46603,40.2742
46604,38.2463
46605,40.1646
46606,43.6741
46607,38.4784
46608,44.0304
46609,39.0502
46610,42.3966
46611,42.4561
46612,43.9808
46613,44.0255
46614,36.6464
46615,40.8398
46616,37.5595
46617,38.6201
46618,42.7362
46619,39.0394
46620,39.9421
46621,39.9541
46622,38.3317
46623,40.4753
46624,38.744
46625,39.6142
46626,42.263
46627,41.3983
46628,44.0591
46629,43.8856
46630,37.3362
46631,44.0438
46632,38.5038
46633,39.8053
46634,39.8416
46635,39.2388
46636,42.0374
46637,40.812
46638,38.9531
46639,37.5187
46640,44.8299
46641,41.0737
46642,37.894
46643,38.8049
46644,39.0428
46645,38.1458
46646,39.3062
46647,38.7045
46648,42.5882
46649,40.0517
46650,41.6645
46651,40.2436
46652,37.1306
46653,39.7763
46654,35.2229
46655,39.0606
46656,38.8925
46657,40.2473
46658,41.6651
46659,38.664
46660,40.1208
46661,35.1292
46662,40.6857
46663,42.817
46664,41.2842
46665,36.0958
46666,38.2105
46667,38.4021
46668,39.4583
46669,40.6608
46670,38.7085
46671,37.7275
46672,38.2736
46673,38.4727
46674,38.9376
46675,36.2262
46676,42.3512
46677,35.239
46678,40.8529
46679,37.9331
46680,39.9892
46681,42.1289
46682,39.5685
46683,39.899
46684,44.6002
46685,37.7252
46686,38.2311
46687,41.4585
46688,40.0643
46689,41.7711
46690,41.0816
46691,41.3771
46692,41.7841
46693,39.0087
46694,42.2448
46695,38.7419
46696,41.0247
46697,41.0331
46698,42.0817
46699,37.5374
46700,38.273
46701,32.9316
46702,39.036
46703,41.0535
46704,40.3114
46705,36.4931
46706,40.5922
46707,39.8532
46708,45.068
46709,40.699
46710,41.8242
46711,42.7534
46712,43.8905
46713,42.0926
46714,41.4532
46715,40.0802
46716,42.2502
46717,42.7184
46718,43.0818
46719,36.2746
46720,37.4562
46721,36.7201
46722,42.4992
46723,41.7963
46724,38.5634
46725,38.6762
46726,34.8188
46727,41.8796
46728,40.2038
46729,43.4991
46730,37.6031
46731,38.3432
46732,41.9689
46733,42.6658
46734,43.6343
46735,40.9191
46736,38.8267
46737,34.9055
46738,41.0088
46739,43.8223
46740,38.2241
46741,38.2687
46742,38.8186
46743,38.6625
46744,40.5282
46745,39.7925
46746,40.1685
46747,40.3076
46748,41.8295
46749,40.8846
46750,40.9917
46751,40.642
46752,42.5996
46753,37.1434
46754,36.9816
46755,41.63
46756,40.9891
46757,38.3557
46758,41.2087
46759,42.3271
46760,43.1831
46761,43.9514
46762,36.1891
46763,39.2638
46764,37.9971
46765,39.7086
46766,41.3539
46767,41.0469
46768,38.2308
46769,39.746
46770,39.7638
46771,36.9653
46772,38.2619
46773,39.7861
46774,43.78
46775,41.1627
46776,40.7577
46777,39.8491
46778,40.7352
46779,41.7168
46780,39.8663
46781,38.3763
46782,38.4667
46783,42.252
46784,40.2314
46785,36.3765
46786,42.3892
46787,40.2458
46788,37.8126
46789,37.905
46790,41.1958
46791,38.9667
46792,38.4093
46793,36.6993
46794,40.202
46795,40.2399
46796,39.4331
46797,36.5442
46798,38.5014
46799,38.6948
46800,40.022
46801,40.2636
46802,39.3101
46803,38.6457
46804,41.7811
46805,38.4668
46806,36.4249
46807,37.3239
46808,39.6253
46809,39.6167
46810,41.4271
46811,42.2045
46812,42.4715
46813,42.7089
46814,40.2752
46815,40.9968
46816,41.8935
46817,40.6246
46818,39.8006
46819,39.0137
46820,39.9343
46821,40.6077
46822,42.0685
46823,41.3897
46824,41.457
46825,42.6667
46826,41.2448
46827,38.7807
46828,39.8595
46829,39.6794
46830,38.7231
46831,39.2442
46832,43.3388
46833,40.5882
46834,39.9464
46835,39.8081
46836,41.079
46837,40.3793
46838,40.7288
46839,41.7576
46840,38.9873
46841,40.3272
46842,37.7045
46843,40.8774
46844,41.6827
46845,39.48
46846,37.8623
46847,40.2826
46848,39.4785
46849,35.6886
46850,40.4881
46851,35.5689
46852,37.5925
46853,42.8363
46854,41.1252
46855,40.6544
46856,38.7333
46857,45.7554
46858,42.8727
46859,39.7679
46860,38.9364
46861,35.6483
46862,39.6724
46863,40.2173
46864,40.459
46865,41.5708
46866,40.1139
46867,41.1706
46868,37.1879
46869,43.2684
46870,39.3773
46871,37.46
46872,36.6426
46873,42.667
46874,40.7743
46875,41.0234
46876,42.3949
46877,42.7639
46878,36.8798
46879,39.5082
46880,38.6709
46881,39.9918
46882,43.2661
46883,40.9587
46884,38.5761
46885,37.6006
46886,37.7122
46887,38.9707
46888,38.7096
46889,41.8608
46890,38.9235
46891,39.3953
46892,39.4581
46893,40.7301
46894,40.8461
46895,41.3383
46896,40.6494
46897,39.1732
46898,42.3253
46899,42.3484
46900,38.847
46901,39.0263
46902,38.6627
46903,39.5342
46904,37.5094
46905,41.5593
46906,40.2999
46907,40.5844
46908,38.7313
46909,39.5189
46910,39.6851
46911,41.7929
46912,42.2268
46913,40.2792
46914,36.6966
46915,42.3547
46916,38.6513
46917,40.9619
46918,42.0628
46919,42.5808
46920,38.341
46921,38.3494
46922,39.566
46923,37.5849
46924,39.7208
46925,39.8489
46926,44.3668
46927,39.6236
46928,40.7451
46929,41.9073
46930,43.5939
46931,42.8345
46932,44.1516
46933,43.3966
46934,40.9672
46935,38.7437
46936,39.5747
46937,38.6781
46938,36.251
46939,36.5615
46940,42.2529
46941,42.2613
46942,40.5595
46943,41.0095
46944,40.1455
46945,38.2357
46946,38.8457
46947,38.0769
46948,42.0354
46949,38.9834
46950,39.1064
46951,39.4834
46952,38.0365
46953,41.6893
46954,41.7072
46955,39.6957
46956,41.7803
46957,35.5881
46958,43.2075
46959,41.8727
46960,39.2002
46961,41.8793
46962,39.2563
46963,38.3111
46964,38.896
46965,44.0278
46966,39.6639
46967,40.0554
46968,40.8869
46969,37.9476
46970,36.6458
46971,42.203
46972,42.4766
46973,40.4065
46974,38.9711
46975,45.0883
46976,40.2556
46977,39.4793
46978,42.9449
46979,40.0884
46980,42.5726
46981,37.9828
46982,39.2192
46983,40.9836
46984,44.2105
46985,37.7139
46986,43.7906
46987,40.4157
46988,41.6477
46989,37.1952
46990,37.6961
46991,38.2747
46992,40.0818
46993,39.1339
46994,40.2131
46995,39.4363
46996,39.5293
46997,39.6739
46998,35.6865
46999,39.8795
47000,39.8879
47001,38.0995
47002,40.7447
47003,37.28
47004,34.4351
47005,43.5553
47006,37.0802
47007,40.5408
47008,38.5972
47009,38.2762
47010,38.2994
47011,38.0008
47012,41.2195
47013,41.3508
47014,42.5197
47015,39.6101
47016,38.688
47017,44.9318
47018,39.4539
47019,41.2675
47020,41.5622
47021,40.1051
47022,35.7271
47023,40.9732
47024,40.5225
47025,41.5509
47026,42.8638
47027,35.8892
47028,39.4978
47029,39.3909
47030,38.3248
47031,39.2121
47032,39.7769
47033,39.8474
47034,35.7642
47035,41.7165
47036,37.0049
47037,37.64
47038,37.2366
47039,38.9749
47040,40.7046
47041,41.247
47042,39.1472
47043,45.8935
47044,38.2397
47045,36.5529
47046,37.7504
47047,40.865
47048,39.2919
47049,38.9514
47050,37.9598
47051,39.7303
47052,42.6964
47053,41.0471
47054,41.5815
47055,40.6288
47056,37.094
47057,39.4133
47058,42.726
47059,40.9489
47060,40.469
47061,38.645
47062,42.247
47063,41.0978
47064,43.2243
47065,38.025
47066,39.6692
47067,38.6828
47068,38.8674
47069,37.7197
47070,41.7132
47071,38.7881
47072,39.9062
47073,37.9707
47074,41.2558
47075,44.2782
47076,36.55
47077,41.6836
47078,38.4212
47079,39.5522
47080,41.7951
47081,40.8237
47082,40.9145
47083,38.3242
47084,39.6494
47085,37.7595
47086,41.8067
47087,41.1271
47088,41.4111
47089,44.5431
47090,42.1514
47091,40.2609
47092,39.5473
47093,40.3053
47094,38.3376
47095,41.5078
47096,39.6518
47097,42.9858
47098,41.7801
47099,37.5794
47100,38.6992
47101,43.0678
47102,41.5263
47103,39.5047
47104,40.3695
47105,37.6263
47106,40.7736
47107,40.2321
47108,41.3155
47109,38.3675
47110,40.6341
47111,39.0079
47112,41.0257
47113,39.119
47114,41.129
47115,39.1581
47116,39.2914
47117,43.8503
47118,40.0864
47119,40.4372
47120,43.4487
47121,40.57
47122,40.5812
47123,37.8243
47124,40.8327
47125,40.9018
47126,42.9274
47127,43.2622
47128,39.8667
47129,36.9749
47130,40.4032
47131,37.5563
47132,36.6755
47133,43.7679
47134,40.8938
47135,38.0045
47136,41.1874
47137,43.906
47138,40.0993
47139,40.5188
47140,40.7821
47141,40.4187
47142,41.5723
47143,45.5578
47144,40.7207
47145,42.9118
47146,37.0577
47147,40.3371
47148,36.7049
47149,38.84
47150,39.1746
47151,37.4821
47152,42.7724
47153,40.9914
47154,41.7469
47155,38.6989
47156,36.2438
47157,36.4758
47158,37.9935
47159,37.5564
47160,42.3143
47161,38.4758
47162,40.9787
47163,36.7961
47164,41.259
47165,41.3796
47166,41.8337
47167,40.0415
47168,41.853
47169,44.4416
47170,36.303
47171,36.8167
47172,40.5925
47173,40.9939
47174,41.3165
47175,38.6723
47176,38.7444
47177,40.9313
47178,41.0076
47179,41.641
47180,38.9152
47181,40.7803
47182,35.8502
47183,40.7777
47184,41.9423
47185,37.1826
47186,38.1384
47187,38.5015
47188,38.1803
47189,40.0899
47190,41.8666
47191,35.6421
47192,36.0866
47193,38.1539
47194,40.3466
47195,41.9932
47196,41.4559
47197,41.6254
47198,36.1344
47199,40.2127
47200,39.9676
47201,40.2377
47202,41.3757
47203,39.6436
47204,40.0189
47205,38.1231
47206,40.839
47207,37.3177
47208,39.0377
47209,39.1198
47210,40.6584
47211,40.907
47212,38.9622
47213,40.4659
47214,37.176
47215,38.2631
47216,43.2997
47217,39.6518
47218,40.713
47219,40.229
47220,40.8729
47221,41.58
47222,37.0815
47223,41.2106
47224,40.5078
47225,38.555
47226,43.8058
47227,42.5228
47228,40.649
47229,39.4735
47230,42.4418
47231,42.0649
47232,38.68
47233,41.7617
47234,41.2261
47235,35.3832
47236,40.916
47237,43.3104
47238,39.8262
47239,40.5576
47240,41.0666
47241,38.6434
47242,38.8766
47243,40.1712
47244,41.5842
47245,40.6881
47246,43.707
47247,40.7564
47248,38.1691
47249,39.4935
47250,38.851
47251,39.6596
47252,38.1712
47253,40.3743
47254,40.7601
47255,37.933
47256,40.0367
47257,40.0801
47258,37.6381
47259,41.6812
47260,40.3784
47261,44.5446
47262,41.7462
47263,39.1981
47264,40.6851
47265,40.9146
47266,41.9821
47267,42.1077
47268,38.0967
47269,38.3406
47270,42.5101
47271,37.9569
47272,42.1534
47273,40.8065
47274,36.9625
47275,37.7825
47276,38.2915
47277,40.7114
47278,34.5027
47279,40.1648
47280,44.3464
47281,39.1606
47282,38.998
47283,40.1315
47284,42.2947
47285,37.525
47286,37.6207
47287,39.8373
47288,41.5613
47289,44.8318
47290,42.0632
47291,40.0743
47292,40.7933
47293,44.1132
47294,44.04
47295,37.1773
47296,41.1518
47297,41.7263
47298,39.853
47299,38.5959
47300,40.1811
47301,40.7861
47302,40.9211
47303,41.0762
47304,41.3643
47305,38.563
47306,41.8626
47307,44.1826
47308,41.8175
47309,39.5624
47310,40.7332
47311,41.474
47312,41.4958
47313,44.7741
47314,38.9976
47315,40.0061
47316,38.0352
47317,41.6581
47318,41.1354
47319,39.6364
47320,38.6724
47321,39.8919
47322,39.2783
47323,38.5626
47324,41.806
47325,36.9131
47326,36.0084
47327,42.247
47328,38.1548
47329,39.7882
47330,39.1371
47331,36.1298
47332,38.8802
47333,43.9141
47334,39.198
47335,39.2672
47336,40.3344
47337,39.3794
47338,39.4011
47339,41.6947
47340,41.5637
47341,42.6443
47342,40.9592
47343,41.0093
47344,41.3869
47345,43.4247
47346,41.4466
47347,36.234
47348,41.7184
47349,37.0949
47350,39.7868
47351,38.5639
47352,39.5868
47353,42.0662
47354,32.9163
47355,42.8868
47356,37.9361
47357,41.6577
47358,38.8408
47359,39.2612
47360,39.326
47361,37.4421
47362,39.1233
47363,41.2497
47364,37.6414
47365,39.713
47366,39.7726
47367,37.8303
47368,42.5163
47369,38.5513
47370,39.9836
47371,43.0175
47372,37.4577
47373,38.0742
47374,42.4832
47375,35.5539
47376,44.9676
47377,38.339
47378,38.5503
47379,39.7919
47380,38.0678
47381,40.9416
47382,39.9699
47383,40.1763
47384,42.3984
47385,39.0434
47386,40.7357
47387,38.7831
47388,39.1573
47389,39.5513
47390,38.6874
47391,39.1283
47392,38.5374
47393,39.8212
47394,42.235
47395,40.2453
47396,41.1669
47397,39.7724
47398,40.1272
47399,40.5013
47400,40.7362
47401,40.8422
47402,41.2744
47403,37.399
47404,44.4644
47405,40.042
47406,40.1184
47407,40.2459
47408,39.28
47409,35.2939
47410,41.7387
47411,42.215
47412,39.5954
47413,43.1924
47414,43.4124
47415,37.7749
47416,40.9124
47417,44.2606
47418,39.451
47419,40.1236
47420,38.2798
47421,36.523
47422,37.6323
47423,39.207
47424,40.9681
47425,41.0477
47426,41.2071
47427,40.5005
47428,39.797
47429,36.5883
47430,33.6366
47431,37.1759
47432,39.5616
47433,36.6505
47434,39.976
47435,40.0847
47436,38.0139
47437,39.1656
47438,38.4648
47439,39.9108
47440,39.9913
47441,40.0631
47442,40.4193
47443,41.6079
47444,38.9737
47445,39.1185
47446,44.2088
47447,39.393
47448,40.5178
47449,39.5507
47450,40.632
47451,34.6404
47452,40.6706
47453,38.7808
47454,39.6756
47455,41.0952
47456,44.5736
47457,43.9359
47458,39.842
47459,40.0455
47460,40.0594
47461,40.2799
47462,40.7208
47463,40.8223
47464,40.8307
47465,41.2381
47466,41.7782
47467,43.6771
47468,38.8391
47469,39.2443
47470,40.3898
47471,39.5288
47472,36.7418
47473,37.5935
47474,41.7145
47475,39.9386
47476,40.8664
47477,37.8047
47478,38.9846
47479,39.1591
47480,36.5713
47481,37.722
47482,37.7306
47483,38.4789
47484,38.5416
47485,40.3678
47486,40.4484
47487,39.4568
47488,39.6022
47489,41.5876
47490,39.184
47491,38.1924
47492,40.2774
47493,41.3094
47494,41.7237
47495,40.8729
47496,42.8371
47497,37.3756
47498,40.7799
47499,38.6359
47500,42.813
47501,39.9989
47502,40.2112
47503,39.4019
47504,40.0316
47505,40.2595
47506,39.4263
47507,36.6072
47508,41.9445
47509,40.2895
47510,40.9577
47511,40.6318
47512,41.6554
47513,40.6657
47514,41.7042
47515,40.0632
47516,42.3219
47517,39.9852
47518,41.0361
47519,40.4522
47520,41.6294
47521,41.6404
47522,37.6914
47523,39.8742
47524,42.061
47525,41.2271
47526,42.4593
47527,40.9076
47528,39.186
47529,37.408
47530,42.7103
47531,43.4337
47532,42.0827
47533,36.3649
47534,42.7924
47535,41.0073
47536,42.9735
47537,38.8568
47538,36.9009
47539,42.1717
47540,43.1641
47541,37.8111
47542,38.9103
47543,38.7591
47544,38.9861
47545,38.3364
47546,40.4479
47547,40.5135
47548,38.6283
47549,38.7633
47550,40.9775
47551,41.1131
47552,42.1954
47553,36.3059
47554,39.4505
47555,38.491
47556,37.9086
47557,39.123
47558,40.7252
47559,37.8785
47560,40.9683
47561,41.9767
47562,38.3003
47563,41.4451
47564,42.0195
47565,42.1066
47566,41.3453
47567,41.7003
47568,40.7124
47569,39.7608
47570,40.035
47571,41.2407
47572,40.4467
47573,39.3315
47574,37.6915
47575,40.5617
47576,39.3754
47577,43.9666
47578,36.2864
47579,41.9152
47580,38.5137
47581,40.2968
47582,40.3694
47583,38.1401
47584,39.4139
47585,38.7109
47586,42.4232
47587,42.7766
47588,40.7353
47589,40.7249
47590,42.0389
47591,42.4888
47592,38.62
47593,36.664
47594,41.8634
47595,42.2155
47596,40.5024
47597,41.8272
47598,43.6234
47599,40.7151
47600,42.4711
47601,41.8986
47602,39.9729
47603,38.7243
47604,37.4851
47605,41.7162
47606,37.302
47607,37.6826
47608,38.8453
47609,41.9175
47610,42.6469
47611,38.8332
47612,39.9138
47613,42.3659
47614,42.0019
47615,36.8406
47616,38.427
47617,38.8444
47618,40.1114
47619,39.3249
47620,37.227
47621,40.8289
47622,42.016
47623,41.4973
47624,38.5057
47625,38.7789
47626,36.8864
47627,39.1762
47628,40.234
47629,43.4562
47630,39.607
47631,39.7571
47632,41.9906
47633,38.6728
47634,36.1086
47635,41.2326
47636,41.4488
47637,41.4909
47638,39.9749
47639,37.9004
47640,43.0267
47641,39.4999
47642,39.6385
47643,42.7636
47644,39.1487
47645,39.4154
47646,39.6418
47647,40.7411
47648,36.7873
47649,38.4871
47650,38.0559
47651,39.174
47652,38.7569
47653,39.87
47654,36.6644
47655,41.2994
47656,41.4105
47657,41.432
47658,42.0408
47659,37.1278
47660,42.3293
47661,42.3773
47662,42.3857
47663,42.4747
47664,39.6236
47665,37.9281
47666,39.6657
47667,37.8637
47668,41.0794
47669,44.0924
47670,39.8356
47671,37.103
47672,40.2633
47673,40.2314
47674,41.3419
47675,41.4986
47676,41.5076
47677,38.3403
47678,37.2119
47679,40.3922
47680,41.2506
47681,39.261
47682,40.1154
47683,42.2016
47684,40.2246
47685,38.767
47686,41.366
47687,37.4998
47688,42.7046
47689,40.9707
47690,41.4654
47691,39.2099
47692,36.505
47693,40.8345
47694,40.4533
47695,41.6508
47696,39.8673
47697,38.4562
47698,39.1199
47699,39.3552
47700,39.8621
47701,41.438
47702,42.0555
47703,41.2995
47704,43.0709
47705,41.2904
47706,39.7992
47707,40.0131
47708,41.3932
47709,40.8886
47710,42.295
47711,38.42
47712,42.4615
47713,38.4845
47714,43.157
47715,38.0497
47716,39.6606
47717,39.8225
47718,40.671
47719,39.8031
47720,44.3112
47721,38.4612
47722,42.7627
47723,37.774
47724,38.4351
47725,38.5937
47726,39.3021
47727,38.4503
47728,39.974
47729,40.042
47730,39.4095
47731,37.5444
47732,43.5923
47733,38.6523
47734,43.6869
47735,38.9688
47736,39.2888
47737,35.3345
47738,39.39
47739,43.5314
47740,39.7011
47741,42.1286
47742,36.2316
47743,40.7075
47744,43.7808
47745,37.2353
47746,37.2898
47747,38.3648
47748,45.5623
47749,40.1197
47750,42.8056
47751,38.9149
47752,39.4076
47753,41.965
47754,39.3369
47755,40.887
47756,35.0529
47757,41.3686
47758,41.3423
47759,42.5532
47760,37.8449
47761,35.8715
47762,40.7025
47763,39.4256
47764,37.5228
47765,38.6865
47766,41.829
47767,40.5562
47768,37.5849
47769,42.6647
47770,38.4815
47771,40.9553
47772,40.9865
47773,39.3154
47774,37.3759
47775,40.4488
47776,38.2006
47777,38.2148
47778,41.1635
47779,39.2596
47780,40.3383
47781,42.2765
47782,37.827
47783,37.8955
47784,42.6062
47785,39.8573
47786,39.9336
47787,39.0335
47788,39.9062
47789,39.0365
47790,38.0861
47791,41.5063
47792,40.9801
47793,42.2953
47794,37.9713
47795,38.5741
47796,35.9925
47797,35.6213
47798,41.1133
47799,39.1959
47800,41.2551
47801,40.2776
47802,39.4622
47803,40.9837
47804,42.1251
47805,38.1516
47806,37.397
47807,41.4671
47808,40.7727
47809,40.9368
47810,38.488
47811,38.5055
47812,40.612
47813,40.721
47814,40.2763
47815,41.5806
47816,36.6549
47817,40.0832
47818,36.1656
47819,39.3064
47820,39.3149
47821,38.6051
47822,38.6139
47823,39.9177
47824,36.6494
47825,42.1216
47826,35.0851
47827,36.145
47828,41.7122
47829,38.7963
47830,39.6744
47831,39.2858
47832,40.3138
47833,36.8352
47834,36.9155
47835,36.38
47836,36.4524
47837,39.4809
47838,40.9933
47839,38.2939
47840,39.5436
47841,40.7713
47842,38.2851
47843,41.4225
47844,40.595
47845,36.8758
47846,40.9188
47847,38.5479
47848,36.6027
47849,41.6509
47850,41.9463
47851,43.1395
47852,38.148
47853,38.3805
47854,39.6244
47855,42.9046
47856,41.1693
47857,40.3495
47858,40.5573
47859,41.0743
47860,40.212
47861,40.243
47862,39.3295
47863,37.4052
47864,39.8034
47865,37.9015
47866,39.7678
47867,40.1008
47868,36.4395
47869,41.63
47870,38.6893
47871,40.9621
47872,43.3609
47873,41.0516
47874,44.0653
47875,39.1454
47876,39.9488
47877,41.3006
47878,41.3674
47879,36.9467
47880,37.2633
47881,42.9017
47882,38.1662
47883,37.2946
47884,40.1122
47885,43.2521
47886,40.0594
47887,40.5856
47888,38.1632
47889,38.3107
47890,42.6965
47891,39.1034
47892,38.2569
47893,39.7034
47894,38.9258
47895,39.4464
47896,40.699
47897,41.149
47898,41.1581
47899,40.879
47900,39.2244
47901,41.4559
47902,42.783
47903,42.3459
47904,40.6819
47905,43.4912
47906,40.6667
47907,44.0851
47908,38.1998
47909,42.3418
47910,42.4788
47911,40.5166
47912,37.2984
47913,39.5355
47914,41.9462
47915,39.0737
47916,39.4606
47917,41.9646
47918,41.973
47919,40.4132
47920,41.0546
47921,36.9319
47922,40.3981
47923,42.0531
47924,41.722
47925,39.932
47926,42.1552
47927,37.615
47928,41.6887
47929,41.4509
47930,41.8247
47931,42.0803
47932,40.6744
47933,36.6832
47934,39.9303
47935,38.1714
47936,36.2379
47937,38.6551
47938,39.18
47939,39.0764
47940,40.925
47941,38.4558
47942,39.2728
47943,39.5194
47944,39.6884
47945,40.3826
47946,37.4133
47947,40.803
47948,43.1902
47949,44.5378
47950,41.7976
47951,41.8256
47952,38.4609
47953,38.8206
47954,40.9776
47955,39.0343
47956,40.377
47957,40.4755
47958,37.998
47959,40.8235
47960,38.4866
47961,39.3832
47962,40.5832
47963,41.6099
47964,38.8847
47965,40.187
47966,42.6264
47967,39.4547
47968,41.8888
47969,41.3517
47970,38.0935
47971,38.7508
47972,42.5766
47973,39.732
47974,40.277
47975,41.1677
47976,44.4644
47977,39.4337
47978,46.773
47979,37.3762
47980,37.7418
47981,40.7502
47982,36.474
47983,40.6918
47984,36.0251
47985,37.0007
47986,38.6305
47987,37.8049
47988,40.0322
47989,40.0608
47990,38.9235
47991,44.9615
47992,41.298
47993,41.1984
47994,38.2584
47995,33.5741
47996,37.7628
47997,35.6277
47998,37.4835
47999,38.1136
48000,41.5477
48001,39.335
48002,40.3206
48003,39.4491
48004,42.7667
48005,38.4821
48006,39.1163
48007,40.3714
48008,38.8728
48009,40.2148
48010,40.6175
48011,36.4505
48012,41.7838
48013,35.5048
48014,40.0485
48015,42.3872
48016,39.4801
48017,38.6431
48018,42.7315
48019,37.8469
48020,42.9277
48021,37.9604
48022,37.0455
48023,39.4317
48024,40.7532
48025,39.8698
48026,39.8782
48027,41.586
48028,41.0071
48029,41.243
48030,41.6802
48031,37.8357
48032,41.9174
48033,40.0277
48034,42.2412
48035,39.2468
48036,37.3947
48037,41.5262
48038,40.7207
48039,40.1703
48040,41.2965
48041,41.9267
48042,42.8799
48043,43.4798
48044,39.0264
48045,39.9784
48046,35.4115
48047,40.9222
48048,41.489
48049,40.7642
48050,41.9997
48051,38.085
48052,38.3112
48053,38.0956
48054,38.9721
48055,40.3689
48056,42.6059
48057,39.8016
48058,40.8635
48059,41.3318
48060,40.6789
48061,37.9087
48062,38.6771
48063,40.4033
48064,36.4575
48065,37.9513
48066,41.448
48067,37.6628
48068,42.8506
48069,39.0663
48070,42.1675
48071,42.8287
48072,38.2792
48073,40.4083
48074,40.4404
48075,40.5416
48076,38.8076
48077,36.0774
48078,40.2738
48079,40.4551
48080,40.5125
48081,36.7451
48082,40.2044
48083,37.579
48084,38.5351
48085,38.6038
48086,41.0578
48087,40.3201
48088,40.3398
48089,39.4351
48090,40.8837
48091,41.5845
48092,41.7969
48093,41.9259
48094,37.0199
48095,43.9312
48096,38.9735
48097,38.3166
48098,41.2844
48099,39.1199
48100,40.7659
48101,41.9557
48102,39.1176
48103,42.194
48104,42.2044
48105,41.6181
48106,40.6513
48107,41.1444
48108,38.8428
48109,40.0478
48110,36.7391
48111,41.7718
48112,36.8114
48113,40.083
48114,38.6869
48115,40.4651
48116,34.7447
48117,43.1619
48118,36.8175
48119,41.6772
48120,35.6932
48121,42.7876
48122,39.0574
48123,39.5091
48124,37.399
48125,40.9495
48126,38.0607
48127,38.4936
48128,41.5845
48129,40.1888
48130,37.3988
48131,41.6519
48132,38.2483
48133,40.4577
48134,33.6185
48135,42.8519
48136,40.2915
48137,41.3429
48138,36.8129
48139,44.1152
48140,40.3385
48141,40.6162
48142,38.9846
48143,41.2479
48144,40.5384
48145,40.9501
48146,44.7075
48147,41.3353
48148,40.618
48149,41.2038
48150,41.4752
48151,42.2358
48152,38.9267
48153,38.1947
48154,40.2911
48155,40.4501
48156,41.0563
48157,40.0454
48158,38.584
48159,38.919
48160,42.2731
48161,39.1026
48162,43.3733
48163,40.2482
48164,37.4611
48165,38.6538
48166,40.668
48167,38.3026
48168,38.3111
48169,41.3476
48170,38.3629
48171,38.2518
48172,39.6532
48173,38.0135
48174,36.2743
48175,41.3966
48176,38.6315
48177,41.9115
48178,41.2041
48179,37.4902
48180,42.6588
48181,42.9567
48182,42.2903
48183,42.3554
48184,38.8709
48185,38.9014
48186,38.9334
48187,43.0306
48188,40.0869
48189,43.2105
48190,39.4957
48191,40.7513
48192,39.8589
48193,40.1097
48194,39.1603
48195,40.1829
48196,39.6897
48197,40.9381
48198,40.9902
48199,40.262
48200,42.4363
48201,41.9639
48202,42.4831
48203,43.6837
48204,43.8135
48205,40.6172
48206,44.7419
48207,39.8315
48208,40.0943
48209,40.2429
48210,36.2786
48211,40.9981
48212,41.2971
48213,44.6247
48214,40.623
48215,36.7065
48216,39.4721
48217,37.5944
48218,38.2164
48219,39.3617
48220,38.444
48221,39.652
48222,38.6604
48223,39.2751
48224,38.31
48225,38.3444
48226,39.7405
48227,40.0221
48228,41.7355
48229,38.0996
48230,38.1276
48231,39.5646
48232,41.8615
48233,40.3011
48234,39.5128
48235,43.7435
48236,43.9571
48237,41.7864
48238,38.3751
48239,39.6862
48240,39.7146
48241,40.336
48242,38.6972
48243,40.442
48244,34.9256
48245,40.1995
48246,37.7623
48247,44.8559
48248,42.0222
48249,39.2045
48250,43.9545
48251,37.1469
48252,37.2608
48253,39.4762
48254,40.7237
48255,41.9922
48256,43.6956
48257,38.7831
48258,38.5186
48259,39.868
48260,39.476
48261,39.5867
48262,40.6767
48263,40.427
48264,42.062
48265,37.9098
48266,40.2719
48267,37.419
48268,40.6649
48269,38.8372
48270,39.5239
48271,45.0215
48272,37.7591
48273,38.1915
48274,37.2602
48275,38.4721
48276,40.4805
48277,38.8434
48278,42.7179
48279,38.8698
48280,40.0924
48281,39.1399
48282,39.8511
48283,41.0079
48284,40.5955
48285,37.7178
48286,40.7698
48287,41.6684
48288,37.8737
48289,42.3244
48290,43.7905
48291,43.3174
48292,38.5853
48293,41.7114
48294,40.9021
48295,43.2102
48296,40.8795
48297,43.5409
48298,35.94
48299,37.1895
48300,37.704
48301,34.4176
48302,37.7038
48303,40.5836
48304,38.6993
48305,37.8324
48306,41.3621
48307,41.6179
48308,38.9114
48309,40.9327
48310,42.7364
48311,37.0428
48312,40.1339
48313,38.1277
48314,41.3761
48315,41.0138
48316,38.9198
48317,38.6166
48318,39.0588
48319,42.552
48320,39.9733
48321,40.2248
48322,37.9455
48323,37.6313
48324,42.1006
48325,39.5579
48326,40.846
48327,41.1995
48328,41.2365
48329,41.9067
48330,42.1952
48331,39.2111
48332,39.8052
48333,36.9901
48334,43.3921
48335,38.367
48336,40.228
48337,38.4657
48338,41.6651
48339,39.8262
48340,41.4998
48341,44.6614
48342,38.9692
48343,41.695
48344,38.7455
48345,38.8894
48346,40.9137
48347,40.9314
48348,40.9399
48349,39.1655
48350,46.6361
48351,39.7543
48352,34.9641
48353,34.1418
48354,40.1711
48355,40.6398
48356,41.183
48357,36.0774
48358,40.3622
48359,40.5113
48360,37.6333
48361,38.7251
48362,43.2729
48363,41.3469
48364,39.6002
48365,38.3982
48366,38.6186
48367,39.1076
48368,42.2858
48369,39.425
48370,39.8845
48371,40.0203
48372,40.3122
48373,43.7438
48374,42.7811
48375,40.8064
48376,39.0368
48377,41.6331
48378,42.2667
48379,42.4081
48380,43.6052
48381,42.7066
48382,35.9001
48383,38.951
48384,43.0469
48385,39.4713
48386,45.0195
48387,37.6588
48388,35.3014
48389,35.7953
48390,44.1047
48391,41.4001
48392,41.4328
48393,41.866
48394,40.5267
48395,39.1879
48396,41.6883
48397,40.3317
48398,41.9783
48399,40.1943
48400,43.4299
48401,37.6436
48402,40.1322
48403,40.2309
48404,38.9968
48405,39.6646
48406,39.2575
48407,40.4068
48408,43.557
48409,42.6663
48410,42.084
48411,41.7069
48412,37.403
48413,38.496
48414,44.3487
48415,40.4243
48416,40.6868
48417,39.1902
48418,40.2814
48419,41.4124
48420,41.4242
48421,36.8582
48422,38.6237
48423,40.7836
48424,41.0021
48425,42.942
48426,39.1012
48427,39.8072
48428,40.2676
48429,39.2464
48430,39.5521
48431,38.9133
48432,39.2014
48433,38.3024
48434,42.5258
48435,41.8594
48436,36.2488
48437,39.4727
48438,36.378
48439,37.8972
48440,41.0892
48441,38.116
48442,41.1729
48443,37.9303
48444,38.0737
48445,38.562
48446,38.9112
48447,43.9531
48448,39.128
48449,39.5977
48450,40.9558
48451,40.2373
48452,44.3864
48453,40.9918
48454,41.6886
48455,40.9652
48456,40.3909
48457,41.8941
48458,38.9594
48459,39.6613
48460,36.7995
48461,43.1474
48462,37.7831
48463,43.3159
48464,41.4814
48465,39.9458
48466,42.3501
48467,40.8301
48468,40.4772
48469,36.4426
48470,36.823
48471,41.1796
48472,41.3902
48473,45.7527
48474,42.3743
48475,39.8383
48476,38.9126
48477,38.9626
48478,39.0739
48479,43.4871
48480,38.8331
48481,39.1942
48482,40.2905
48483,37.3112
48484,42.3574
48485,40.6977
48486,41.7325
48487,41.3205
48488,42.6415
48489,35.3972
48490,38.5015
48491,35.5695
48492,39.4234
48493,40.3419
48494,40.8483
48495,38.2664
48496,38.3698
48497,42.5569
48498,41.6608
48499,42.8588
48500,42.0464
48501,40.407
48502,42.5005
48503,40.0494
48504,40.5349
48505,39.9296
48506,36.9374
48507,43.385
48508,40.4203
48509,37.6872
48510,39.7642
48511,40.2424
48512,41.3541
48513,41.4975
48514,41.7003
48515,42.7698
48516,39.2228
48517,39.4963
48518,40.6417
48519,39.6747
48520,43.5719
48521,38.6214
48522,43.4138
48523,40.664
48524,38.1256
48525,38.0244
48526,41.0489
48527,37.6545
48528,41.1691
48529,42.2114
48530,39.4018
48531,39.8753
48532,42.3951
48533,39.6078
48534,39.8613
48535,40.4517
48536,41.7035
48537,37.0879
48538,43.0615
48539,39.0699
48540,40.4129
48541,38.9823
48542,40.9106
48543,36.5143
48544,39.6249
48545,32.2145
48546,42.3784
48547,44.0062
48548,40.5074
48549,40.5364
48550,41.0918
48551,40.823
48552,42.6773
48553,36.9052
48554,41.1083
48555,36.4238
48556,39.9475
48557,40.7651
48558,40.1103
48559,36.7982
48560,38.3295
48561,38.6309
48562,43.4555
48563,43.5452
48564,36.0077
48565,38.975
48566,35.5814
48567,40.8651
48568,42.1623
48569,40.5297
48570,41.5992
48571,40.7602
48572,39.9323
48573,37.0184
48574,37.6115
48575,41.8984
48576,43.1456
48577,38.5059
48578,37.5487
48579,39.0311
48580,43.0664
48581,43.3421
48582,34.4295
48583,40.1897
48584,40.5476
48585,39.9037
48586,38.1285
48587,39.4897
48588,43.2663
48589,40.7874
48590,42.8286
48591,38.1077
48592,39.3215
48593,39.1755
48594,39.2692
48595,40.823
48596,40.2175
48597,40.5718
48598,42.1132
48599,39.4323
48600,41.8944
48601,41.9694
48602,40.1523
48603,42.7491
48604,40.4041
48605,39.4508
48606,41.5533
48607,40.8222
48608,40.0455
48609,41.201
48610,42.2911
48611,42.4063
48612,42.1821
48613,41.6427
48614,41.0488
48615,39.6484
48616,41.4039
48617,41.2237
48618,39.529
48619,37.8413
48620,41.5405
48621,37.9479
48622,40.1308
48623,41.1393
48624,44.2346
48625,38.4306
48626,40.3482
48627,40.0255
48628,40.2103
48629,42.3037
48630,41.4246
48631,37.1525
48632,40.2998
48633,37.558
48634,36.746
48635,38.175
48636,39.7231
48637,42.9985
48638,39.5944
48639,39.7056
48640,41.3807
48641,41.4017
48642,40.5465
48643,41.6752
48644,40.7937
48645,39.743
48646,37.1343
48647,40.7991
48648,39.1351
48649,40.2177
48650,38.3116
48651,41.0477
48652,43.1136
48653,37.9018
48654,40.5905
48655,41.1707
48656,40.6859
48657,39.0919
48658,40.7777
48659,43.1029
48660,43.1483
48661,38.4231
48662,37.714
48663,38.7802
48664,39.7886
48665,37.3626
48666,39.5657
48667,35.6828
48668,34.9636
48669,40.2089
48670,34.7312
48671,37.3128
48672,40.1647
48673,40.4786
48674,38.6114
48675,40.6687
48676,42.9522
48677,40.1916
48678,38.5373
48679,38.6518
48680,40.2682
48681,41.4271
48682,38.4524
48683,38.4619
48684,41.4854
48685,39.5678
48686,38.7616
48687,39.7929
48688,38.8334
48689,37.8419
48690,37.9536
48691,41.1397
48692,38.5249
48693,37.924
48694,41.7564
48695,36.8913
48696,40.7651
48697,41.043
48698,40.5853
48699,41.5953
48700,39.0585
48701,43.0446
48702,45.353
48703,45.4848
48704,41.0762
48705,40.9684
48706,40.1505
48707,42.6462
48708,38.8497
48709,36.7078
48710,38.8637
48711,40.1732
48712,40.8647
48713,40.8966
48714,41.2131
48715,40.0364
48716,45.8976
48717,36.9071
48718,39.0582
48719,37.6127
48720,38.0904
48721,37.0988
48722,36.4405
48723,39.5321
48724,40.0479
48725,40.2887
48726,40.3298
48727,39.3932
48728,37.6717
48729,37.6968
48730,40.7249
48731,41.7703
48732,40.9929
48733,38.1083
48734,41.1587
48735,38.4068
48736,39.2506
48737,35.6446
48738,39.8736
48739,39.9207
48740,40.7098
48741,40.8899
48742,41.2174
48743,40.2477
48744,41.5325
48745,42.541
48746,43.0201
48747,40.3475
48748,45.4305
48749,41.033
48750,44.1142
48751,38.1226
48752,40.9055
48753,36.1429
48754,43.243
48755,37.3301
48756,41.4651
48757,38.9951
48758,39.1519
48759,39.3757
48760,39.4195
48761,43.7979
48762,39.9787
48763,39.1976
48764,40.0124
48765,42.1207
48766,36.1641
48767,42.473
48768,38.5355
48769,38.6853
48770,39.8684
48771,39.3296
48772,39.3565
48773,36.5453
48774,41.5826
48775,40.3977
48776,39.1027
48777,43.4819
48778,34.8854
48779,38.8677
48780,39.1165
48781,36.6616
48782,37.0423
48783,38.5122
48784,37.5542
48785,40.8305
48786,39.9583
48787,38.0405
48788,41.2307
48789,41.4356
48790,39.2075
48791,43.721
48792,38.3834
48793,44.3955
48794,38.7784
48795,38.312
48796,38.358
48797,41.5597
48798,39.6353
48799,40.2001
48800,36.5407
48801,38.524
48802,40.6779
48803,40.9679
48804,39.9135
48805,42.9736
48806,38.8028
48807,39.9369
48808,43.9577
48809,39.7348
48810,36.0161
48811,40.7453
48812,40.767
48813,41.6455
48814,37.6243
48815,39.0665
48816,39.4799
48817,37.9333
48818,39.1807
48819,42.599
48820,40.0065
48821,42.4242
48822,40.7462
48823,40.0706
48824,43.3289
48825,39.3373
48826,41.9708
48827,40.8465
48828,41.1491
48829,39.3684
48830,39.2584
48831,42.4651
48832,36.5812
48833,39.7989
48834,39.1592
48835,40.313
48836,39.4073
48837,40.4757
48838,39.6461
48839,40.9187
48840,39.0559
48841,40.3457
48842,39.8006
48843,40.8388
48844,41.1494
48845,39.1925
48846,39.3357
48847,37.4173
48848,38.6097
48849,44.7038
48850,40.7823
48851,38.9364
48852,42.4302
48853,39.0325
48854,40.4265
48855,39.0661
48856,42.3193
48857,39.3351
48858,39.5759
48859,39.7484
48860,38.7625
48861,39.912
48862,40.2327
48863,39.5371
48864,39.668
48865,38.1152
48866,41.1881
48867,42.1445
48868,42.3211
48869,41.9523
48870,43.0475
48871,38.4073
48872,43.6051
48873,43.5066
48874,38.2367
48875,42.373
48876,39.586
48877,40.1581
48878,35.3729
48879,37.1894
48880,37.8333
48881,42.4006
48882,38.9339
48883,39.2662
48884,39.7649
48885,39.0767
48886,40.8323
48887,36.7212
48888,36.2601
48889,38.3515
48890,38.5142
48891,38.658
48892,36.4065
48893,37.4316
48894,37.9548
48895,44.0373
48896,41.486
48897,40.0069
48898,37.1332
48899,40.1563
48900,43.1448
48901,41.1533
48902,41.1793
48903,41.3304
48904,41.4952
48905,42.5497
48906,40.6494
48907,37.4174
48908,38.8581
48909,39.8384
48910,41.3249
48911,40.6999
48912,37.7164
48913,40.8767
48914,41.4385
48915,40.8094
48916,41.0787
48917,39.3642
48918,42.8713
48919,43.715
48920,39.0751
48921,36.6785
48922,36.3428
48923,39.5002
48924,41.8225
48925,34.9921
48926,39.4413
48927,38.8653
48928,38.9582
48929,35.3794
48930,41.7003
48931,42.7185
48932,38.7671
48933,36.3889
48934,40.7992
48935,39.4647
48936,40.8429
48937,38.9656
48938,39.8654
48939,40.6474
48940,38.8318
48941,39.1678
48942,44.5121
48943,39.7063
48944,40.0377
48945,42.0844
48946,37.2862
48947,37.0295
48948,38.9206
48949,43.6025
48950,39.9564
48951,41.4285
48952,38.5799
48953,39.6073
48954,40.387
48955,39.748
48956,38.8046
48957,40.2152
48958,40.5491
48959,41.0013
48960,37.1015
48961,41.4712
48962,41.7212
48963,42.6484
48964,36.504
48965,43.5221
48966,37.6635
48967,39.8893
48968,38.5588
48969,38.1155
48970,38.3836
48971,39.0775
48972,39.9998
48973,40.0596
48974,40.5385
48975,42.0004
48976,41.8801
48977,41.9889
48978,42.5306
48979,41.539
48980,38.9138
48981,37.2329
48982,36.7288
48983,39.3934
48984,39.889
48985,40.3642
48986,40.6951
48987,40.9917
48988,41.0936
48989,38.9247
48990,42.107
48991,41.2326
48992,41.8407
48993,38.7258
48994,44.043
48995,36.8014
48996,39.2477
48997,36.6556
48998,40.8634
48999,36.2192
49000,40.2477
49001,37.5559
49002,36.5072
49003,40.0511
49004,43.1101
49005,40.1982
49006,39.7956
49007,41.2778
49008,41.3508
49009,41.5458
49010,38.5969
49011,43.7197
49012,39.7854
49013,39.9133
49014,42.0753
49015,42.1795
49016,40.94
49017,36.8391
49018,37.8591
49019,42.3703
49020,44.3996
49021,35.8322
49022,38.9137
49023,37.9556
49024,43.4453
49025,39.3683
49026,39.6661
49027,40.6746
49028,39.9344
49029,40.1154
49030,40.4654
49031,38.5494
49032,40.846
49033,40.4448
49034,39.5977
49035,41.6638
49036,39.7519
49037,40.0838
49038,40.4977
49039,41.0932
49040,38.8432
49041,36.3941
49042,43.4286
49043,42.4752
49044,38.6948
49045,37.198
49046,39.7652
49047,39.8057
49048,37.2246
49049,40.3723
49050,40.4024
49051,37.4684
49052,39.5178
49053,40.7337
49054,36.5834
49055,42.8593
49056,40.0307
49057,40.16
49058,36.8607
49059,37.3947
49060,42.9618
49061,39.9985
49062,39.2182
49063,38.9371
49064,40.7361
49065,39.8333
49066,37.9444
49067,38.7184
49068,41.8801
49069,43.1787
49070,40.7506
49071,36.7899
49072,39.9618
49073,39.9853
49074,40.2402
49075,37.2964
49076,40.8813
49077,44.1828
49078,41.5146
49079,38.5091
49080,38.6265
49081,39.7104
49082,41.5609
49083,37.7181
49084,37.8841
49085,39.0617
49086,40.3294
49087,38.9296
49088,39.3608
49089,39.9584
49090,39.9885
49091,40.5197
49092,40.5301
49093,42.4127
49094,36.9024
49095,40.9517
49096,43.4296
49097,38.438
49098,41.6487
49099,41.7333
49100,40.8905
49101,40.1482
49102,39.0568
49103,40.0867
49104,40.7476
49105,39.3962
49106,34.929
49107,37.7284
49108,44.2021
49109,42.2185
49110,41.4458
49111,39.6253
49112,39.8384
49113,36.9819
49114,34.2346
49115,37.4225
49116,39.7957
49117,41.1821
49118,38.3513
49119,40.7508
49120,39.7862
49121,39.8276
49122,42.0465
49123,42.5051
49124,43.5642
49125,38.929
49126,41.7026
49127,42.8663
49128,41.187
49129,42.2085
49130,39.431
49131,40.7537
49132,38.1618
49133,41.4307
49134,40.4424
49135,41.7666
49136,42.1791
49137,40.2133
49138,38.3893
49139,39.7862
49140,40.8218
49141,40.8822
49142,41.4691
49143,40.4893
49144,40.8613
49145,41.4384
49146,36.8687
49147,39.9643
49148,42.4915
49149,38.9538
49150,41.6309
49151,40.7928
49152,38.4114
49153,40.1874
49154,42.0551
49155,38.899
49156,41.7162
49157,40.0508
49158,40.5528
49159,41.1204
49160,41.4662
49161,38.7879
49162,42.2209
49163,42.6098
49164,38.7452
49165,43.1876
49166,39.372
49167,39.465
49168,39.232
49169,41.2423
49170,41.4926
49171,41.6361
49172,37.8384
49173,42.7252
49174,37.9425
49175,39.7661
49176,43.166
49177,40.1824
49178,40.395
49179,41.3696
49180,39.4865
49181,40.3118
49182,40.3325
49183,41.2025
49184,40.5359
49185,38.4474
49186,38.875
49187,40.3884
49188,36.6104
49189,38.6062
49190,40.6231
49191,36.8226
49192,35.8942
49193,38.9246
49194,40.5326
49195,36.8195
49196,36.9765
49197,36.0433
49198,40.2273
49199,39.5806
49200,42.6831
49201,40.1537
49202,39.1621
49203,37.6783
49204,41.1098
49205,41.4966
49206,41.8328
49207,38.3044
49208,38.6201
49209,39.685
49210,40.7953
49211,42.5474
49212,35.5905
49213,44.7112
49214,41.6748
49215,41.7772
49216,45.2488
49217,44.4596
49218,42.5747
49219,41.5879
49220,45.7222
49221,41.8927
49222,40.1465
49223,41.6449
49224,41.0739
49225,37.6464
49226,43.9114
49227,40.0857
49228,38.1581
49229,37.3924
49230,41.4009
49231,39.2523
49232,41.5998
49233,40.0847
49234,40.2331
49235,34.7281
49236,42.0308
49237,42.2426
49238,37.0734
49239,38.3291
49240,43.5545
49241,38.7713
49242,42.1613
49243,36.1758
49244,38.4017
49245,41.4922
49246,41.8627
49247,42.3852
49248,41.008
49249,38.0164
49250,38.2027
49251,43.2535
49252,39.3719
49253,36.0081
49254,41.0788
49255,36.7898
49256,39.2046
49257,35.1428
49258,39.4383
49259,41.3932
49260,40.8499
49261,36.1129
49262,40.1544
49263,41.4638
49264,44.0142
49265,38.3716
49266,38.5944
49267,41.552
49268,41.1117
49269,40.2501
49270,40.3638
49271,38.4055
49272,40.7967
49273,41.4958
49274,41.772
49275,40.9755
49276,43.1523
49277,42.2278
49278,42.2991
49279,40.7402
49280,35.9611
49281,42.4094
49282,40.3278
49283,38.1487
49284,38.9436
49285,39.0874
49286,39.7438
49287,39.9331
49288,40.3374
49289,36.0678
49290,41.2044
49291,39.4793
49292,39.3701
49293,38.2188
49294,38.5544
49295,38.6053
49296,38.7271
49297,40.1111
49298,40.3116
49299,41.2337
49300,41.4432
49301,41.9731
49302,41.1254
49303,41.4051
49304,43.3823
49305,41.8094
49306,40.2131
49307,39.2358
49308,39.1677
49309,41.9312
49310,40.0612
49311,39.4529
49312,41.0189
49313,41.8287
49314,41.9018
49315,38.3995
49316,44.3174
49317,35.5732
49318,40.5965
49319,40.1422
49320,39.0699
49321,37.115
49322,39.467
49323,38.5772
49324,40.8762
49325,37.4841
49326,39.6178
49327,37.7292
49328,40.3012
49329,40.3322
49330,42.5136
49331,40.7691
49332,39.148
49333,39.8402
49334,42.1636
49335,40.7813
49336,40.883
49337,41.0589
49338,40.665
49339,40.7669
49340,40.9087
49341,42.0457
49342,38.1499
49343,39.5071
49344,40.3003
49345,43.5141
49346,39.36
49347,40.0761
49348,40.1171
49349,41.5437
49350,41.5523
49351,41.7288
49352,43.233
49353,41.5224
49354,39.8657
49355,40.0187
49356,38.041
49357,41.41
49358,42.5563
49359,39.0447
49360,42.4334
49361,38.6727
49362,41.9383
49363,38.8841
49364,39.9339
49365,41.2514
49366,40.9406
49367,36.1545
49368,43.3235
49369,38.3319
49370,43.0319
49371,38.1308
49372,36.7734
49373,40.623
49374,36.5458
49375,35.676
49376,41.4415
49377,39.4994
49378,39.5403
49379,38.1109
49380,40.2325
49381,41.2661
49382,42.3675
49383,40.0659
49384,39.2693
49385,40.3158
49386,41.394
49387,35.7547
49388,41.3178
49389,42.367
49390,41.7915
49391,42.0727
49392,38.6014
49393,43.8645
49394,42.9049
49395,40.5294
49396,37.7289
49397,41.4339
49398,38.5102
49399,35.9887
49400,38.8683
49401,43.4648
49402,38.6256
49403,38.81
49404,38.0578
49405,35.6709
49406,41.0396
49407,42.6049
49408,41.96
49409,41.2478
49410,38.1331
49411,37.4988
49412,37.6699
49413,40.3477
49414,45.8869
49415,39.9398
49416,41.007
49417,40.3922
49418,41.115
49419,39.3052
49420,40.3213
49421,39.0779
49422,39.6575
49423,37.9302
49424,40.0809
49425,40.3043
49426,38.9112
49427,40.9996
49428,42.5087
49429,35.6732
49430,39.9567
49431,40.5425
49432,36.551
49433,42.6459
49434,37.6437
49435,37.7332
49436,37.8933
49437,42.3729
49438,38.5034
49439,38.6028
49440,38.872
49441,39.0081
49442,37.1368
49443,40.0125
49444,40.9106
49445,41.2199
49446,42.5571
49447,37.9242
49448,39.9393
49449,39.2442
49450,36.5815
49451,36.9005
49452,39.1645
49453,38.6194
49454,39.476
49455,39.6991
49456,39.7736
49457,37.8981
49458,41.422
49459,40.4504
49460,38.2273
49461,41.6831
49462,42.0567
49463,41.1245
49464,42.3719
49465,41.0685
49466,35.2296
49467,35.264
49468,40.5927
49469,40.9757
49470,41.178
49471,37.7447
49472,37.9033
49473,40.0579
49474,39.1252
49475,40.2448
49476,36.869
49477,37.049
49478,40.8422
49479,40.0314
49480,38.2125
49481,39.5199
49482,42.9556
49483,41.3578
49484,41.7712
49485,38.2803
49486,44.6764
49487,39.0128
49488,40.0908
49489,39.1537
49490,39.9065
49491,40.6796
49492,41.3681
49493,40.6122
49494,37.0486
49495,38.9444
49496,42.4901
49497,38.276
49498,45.316
49499,39.0064
49500,40.7971
49501,39.8148
49502,40.8232
49503,42.9705
49504,40.0653
49505,41.6494
49506,37.8357
49507,37.8493
49508,41.9271
49509,43.023
49510,40.1682
49511,42.5196
49512,37.112
49513,43.3929
49514,39.4071
49515,39.0254
49516,36.3033
49517,42.4199
49518,38.4999
49519,42.6985
49520,43.4557
49521,39.4749
49522,38.9773
49523,42.511
49524,40.7203
49525,41.0288
49526,40.0372
49527,41.0952
49528,41.1985
49529,38.6871
49530,39.9237
49531,40.074
49532,40.1226
49533,41.24
49534,43.4898
49535,38.1636
49536,40.3642
49537,40.7698
49538,40.6143
49539,40.7004
49540,41.918
49541,40.9265
49542,37.9452
49543,35.78
49544,38.8332
49545,39.0792
49546,43.4476
49547,41.6165
49548,39.1427
49549,36.7672
49550,37.8898
49551,41.9498
49552,41.3486
49553,41.495
49554,39.3221
49555,39.425
49556,39.4766
49557,36.734
49558,39.7964
49559,39.1886
49560,41.2872
49561,39.5583
49562,41.6007
49563,42.0072
49564,40.2185
49565,38.5147
49566,39.7368
49567,40.8835
49568,40.0884
49569,41.1705
49570,36.4252
49571,42.0341
49572,40.3727
49573,37.0834
49574,43.5187
49575,37.9239
49576,38.2516
49577,36.3191
49578,41.3785
49579,39.7035
49580,40.4569
49581,39.0328
49582,40.0732
49583,39.4785
49584,40.1288
49585,41.1718
49586,40.5863
49587,43.6221
49588,40.45
49589,38.9284
49590,39.3963
49591,37.7409
49592,38.9818
49593,42.0421
49594,44.3407
49595,44.8182
49596,38.9696
49597,40.5084
49598,41.6358
49599,41.8642
49600,36.569
49601,39.3064
49602,37.3702
49603,38.5363
49604,38.9209
49605,46.005
49606,41.2212
49607,40.3517
49608,40.7185
49609,39.8889
49610,38.5314
49611,40.5553
49612,38.9818
49613,39.0685
49614,41.5724
49615,36.1304
49616,38.4402
49617,41.9928
49618,39.0889
49619,40.605
49620,38.0792
49621,40.3347
49622,38.649
49623,40.7189
49624,41.3695
49625,36.6867
49626,39.9757
49627,42.0713
49628,40.3498
49629,39.6812
49630,37.2142
49631,41.2599
49632,37.6768
49633,41.2597
49634,36.4884
49635,40.1138
49636,37.3112
49637,44.3196
49638,41.9691
49639,37.9636
49640,38.3449
49641,41.8231
49642,42.8429
49643,37.7932
49644,43.0645
49645,40.3368
49646,38.7089
49647,40.7419
49648,37.4129
49649,41.5401
49650,41.0277
49651,41.6747
49652,40.1625
49653,40.4248
49654,40.5063
49655,39.5191
49656,41.0899
49657,40.8268
49658,43.9213
49659,36.0465
49660,40.3178
49661,40.6878
49662,39.3959
49663,39.9501
49664,37.709
49665,40.7549
49666,37.4268
49667,38.0267
49668,38.1906
49669,38.6141
49670,38.714
49671,38.7328
49672,38.4183
49673,43.6122
49674,41.657
49675,39.7833
49676,38.7129
49677,35.8681
49678,39.8867
49679,36.9579
49680,40.1588
49681,40.2578
49682,37.6166
49683,41.3059
49684,41.329
49685,39.6235
49686,39.9097
49687,41.5762
49688,42.935
49689,37.2448
49690,41.2966
49691,38.2477
49692,39.7452
49693,41.4884
49694,41.825
49695,41.8334
49696,35.7886
49697,37.1591
49698,39.3451
49699,39.4742
49700,34.6814
49701,42.9202
49702,38.3372
49703,42.4717
49704,42.5741
49705,39.015
49706,42.2109
49707,41.415
49708,39.2817
49709,40.4576
49710,37.6018
49711,40.78
49712,38.1252
49713,40.1808
49714,40.2773
49715,40.2857
49716,41.3484
49717,40.5641
49718,39.649
49719,38.7377
49720,39.7532
49721,40.8624
49722,39.9889
49723,39.9973
49724,39.1937
49725,40.2021
49726,42.4594
49727,38.4076
49728,43.5414
49729,40.5498
49730,41.6108
49731,42.7218
49732,38.7302
49733,41.1849
49734,42.3936
49735,37.0323
49736,43.1383
49737,37.685
49738,39.2632
49739,40.6177
49740,39.7512
49741,42.767
49742,40.4113
49743,43.2022
49744,43.513
49745,36.1591
49746,36.4245
49747,38.1382
49748,38.7533
49749,40.0503
49750,38.0978
49751,37.493
49752,36.0427
49753,40.1115
49754,36.7026
49755,42.4141
49756,39.6381
49757,39.6779
49758,40.7884
49759,36.8655
49760,37.1873
49761,40.9486
49762,42.2107
49763,41.5281
49764,42.599
49765,39.6766
49766,38.799
49767,40.3165
49768,42.1855
49769,41.5579
49770,42.2907
49771,38.3203
49772,44.6496
49773,44.6892
49774,38.4427
49775,40.5019
49776,39.8538
49777,41.7691
49778,42.1127
49779,37.3986
49780,38.4943
49781,40.0916
49782,41.7467
49783,39.9989
49784,43.0309
49785,40.3473
49786,43.5991
49787,42.5442
49788,41.0091
49789,41.0855
49790,40.0959
49791,37.4458
49792,42.5093
49793,39.6668
49794,38.9308
49795,42.0779
49796,39.2371
49797,39.3302
49798,40.5637
49799,39.7082
49800,39.9051
49801,41.1967
49802,41.3013
49803,37.485
49804,38.536
49805,38.9509
49806,37.0365
49807,39.023
49808,43.1939
49809,41.5119
49810,41.7744
49811,41.9472
49812,32.5119
49813,39.6839
49814,40.6978
49815,41.1764
49816,40.0496
49817,36.0201
49818,36.3304
49819,36.7772
49820,37.0757
49821,39.1131
49822,36.65
49823,37.6731
49824,40.1366
49825,39.3811
49826,39.7944
49827,41.4179
49828,40.4403
49829,40.5698
49830,40.7266
49831,41.2761
49832,41.4069
49833,41.4154
49834,37.2193
49835,42.7756
49836,39.4704
49837,40.1471
49838,39.3062
49839,40.5796
49840,37.0324
49841,41.2208
49842,41.7925
49843,40.8494
49844,36.5026
49845,36.1857
49846,42.2645
49847,39.9434
49848,42.3623
49849,40.8634
49850,41.351
49851,41.9045
49852,40.9891
49853,41.0194
49854,41.1995
49855,39.507
49856,42.86
49857,43.5129
49858,35.9603
49859,36.4601
49860,42.2106
49861,37.3625
49862,38.7695
49863,37.4912
49864,39.7164
49865,39.957
49866,40.3487
49867,37.7131
49868,40.8737
49869,40.0365
49870,41.225
49871,41.2982
49872,41.4389
49873,39.1881
49874,41.5765
49875,37.6093
49876,39.6216
49877,39.8743
49878,37.9067
49879,36.9999
49880,41.0163
49881,39.0842
49882,38.5354
49883,37.592
49884,39.8777
49885,41.9989
49886,42.4864
49887,37.7022
49888,42.9824
49889,46.2592
49890,41.8739
49891,40.1691
49892,40.3671
49893,39.9218
49894,41.4829
49895,40.809
49896,41.225
49897,41.3295
49898,43.2815
49899,41.7247
49900,40.7377
49901,40.7544
49902,43.9451
49903,35.0107
49904,41.5045
49905,38.2986
49906,39.3924
49907,38.2702
49908,44.716
49909,40.6164
49910,41.0028
49911,36.3026
49912,40.5796
49913,41.4168
49914,37.5072
49915,37.7485
49916,40.9018
49917,37.8815
49918,39.0189
49919,44.0593
49920,38.4192
49921,40.6621
49922,39.7098
49923,41.1266
49924,41.2502
49925,40.3005
49926,39.7924
49927,37.9305
49928,40.4105
49929,38.4233
49930,41.4834
49931,38.6356
49932,46.0701
49933,40.6327
49934,41.1209
49935,41.1467
49936,41.3936
49937,37.6369
49938,42.7378
49939,40.4561
49940,40.742
49941,39.533
49942,39.5506
49943,36.6374
49944,38.4273
49945,40.9856
49946,42.234
49947,37.4918
49948,42.311
49949,42.4837
49950,38.1248
49951,39.3961
49952,35.4405
49953,37.5947
49954,39.6038
49955,39.8393
49956,38.0682
49957,38.2501
49958,41.4259
49959,38.6549
49960,38.7923
49961,39.6591
49962,40.8765
49963,39.9512
49964,39.9614
49965,41.1198
49966,41.2709
49967,42.1234
49968,42.6069
49969,43.7019
49970,37.2524
49971,41.782
49972,39.2448
49973,37.5171
49974,40.0083
49975,40.279
49976,37.3721
49977,39.9678
49978,35.649
49979,37.8626
49980,41.9841
49981,37.7809
49982,38.4266
49983,39.5479
49984,39.2521
49985,38.5569
49986,40.5402
49987,43.1097
49988,40.428
49989,38.9146
49990,39.5474
49991,36.617
49992,39.6714
49993,36.9131
49994,39.8681
49995,41.1581
49996,38.4804
49997,38.511
49998,39.5002
49999,41.7877
50000,39.9632
50001,42.4488
50002,40.7529
50003,38.6638
50004,39.5055
50005,40.89
50006,37.9683
50007,35.4223
50008,41.5675
50009,35.6921
50010,39.0406
50011,38.1443
50012,40.7673
50013,37.8118
50014,37.9333
50015,40.3039
50016,37.6244
50017,38.1301
50018,38.2713
50019,39.1174
50020,41.3015
50021,39.5488
50022,39.6658
50023,39.7621
50024,40.0156
50025,38.0567
50026,40.411
50027,38.9975
50028,41.0907
50029,41.0991
50030,38.741
50031,39.1156
50032,41.8053
50033,42.0672
50034,36.48
50035,36.5499
50036,39.2583
50037,36.2683
50038,36.7552
50039,40.2112
50040,37.4313
50041,37.7395
50042,37.7838
50043,40.8216
50044,38.1917
50045,37.3705
50046,37.6024
50047,41.8479
50048,40.4479
50049,41.9476
50050,42.5325
50051,38.8717
50052,41.9043
50053,41.9972
50054,39.4438
50055,42.4701
50056,39.8512
50057,34.5538
50058,38.9732
50059,39.8819
50060,40.1301
50061,38.1937
50062,41.2085
50063,38.2169
50064,38.0865
50065,39.5034
50066,41.5445
50067,40.3916
50068,40.4245
50069,40.5703
50070,40.9305
50071,40.7799
50072,42.2964
50073,38.733
50074,36.675
50075,40.0049
50076,39.3697
50077,40.4544
50078,39.7497
50079,38.9332
50080,41.0783
50081,41.3705
50082,39.18
50083,37.9962
50084,40.1292
50085,38.8415
50086,41.9736
50087,41.0266
50088,42.2246
50089,38.7202
50090,40.5131
50091,42.5549
50092,36.9697
50093,40.2518
50094,39.7863
50095,37.6845
50096,41.9959
50097,42.9969
50098,44.1833
50099,37.6718
50100,44.6891
50101,42.2136
50102,36.3957
50103,40.3741
50104,40.8913
50105,38.788
50106,41.5888
50107,45.6347
50108,42.6513
50109,38.739
50110,40.2416
50111,40.8766
50112,40.407
50113,35.8843
50114,38.8908
50115,39.6016
50116,38.992
50117,40.7872
50118,40.0311
50119,40.1177
50120,39.5306
50121,38.5588
50122,40.2236
50123,41.9201
50124,38.9826
50125,41.431
50126,42.5641
50127,37.1291
50128,38.7961
50129,39.2075
50130,39.9569
50131,40.845
50132,37.9818
50133,39.3413
50134,39.4722
50135,36.8094
50136,39.6785
50137,40.7489
50138,41.012
50139,40.1281
50140,42.1657
50141,39.1888
50142,39.7288
50143,42.3508
50144,42.4275
50145,39.5187
50146,41.4036
50147,39.7298
50148,37.9909
50149,43.6163
50150,37.6546
50151,38.6813
50152,35.9201
50153,39.5866
50154,39.6889
50155,39.8161
50156,37.9136
50157,37.144
50158,38.4506
50159,36.5072
50160,40.7188
50161,41.2304
50162,38.6761
50163,39.874
50164,41.032
50165,38.0792
50166,39.2218
50167,38.6503
50168,42.7185
50169,41.1147
50170,39.4064
50171,41.5182
50172,39.6143
50173,39.7212
50174,40.1111
50175,42.4477
50176,41.6909
50177,38.9613
50178,44.1098
50179,39.1427
50180,44.7382
50181,40.2606
50182,42.4084
50183,42.9912
50184,41.7714
50185,39.0039
50186,38.2742
50187,38.5767
50188,40.5851
50189,41.061
50190,41.2067
50191,45.3187
50192,41.7737
50193,38.0549
50194,38.5363
50195,43.2329
50196,41.3573
50197,40.6562
50198,41.8799
50199,41.7761
50200,45.1915
50201,38.0077
50202,39.2373
50203,40.5804
50204,40.1286
50205,39.9827
50206,39.0184
50207,40.7173
50208,40.6637
50209,39.1219
50210,41.9728
50211,43.5553
50212,41.3833
50213,41.9368
50214,40.1909
50215,39.0616
50216,40.3349
50217,38.7448
50218,37.8642
50219,41.8243
50220,38.9374
50221,39.035
50222,42.1526
50223,41.4155
50224,40.028
50225,40.4908
50226,41.3005
50227,41.447
50228,33.7202
50229,41.9232
50230,41.4196
50231,40.5665
50232,37.6135
50233,35.8699
50234,38.7095
50235,39.1234
50236,39.2029
50237,37.3103
50238,37.5061
50239,39.7283
50240,38.3733
50241,37.4691
50242,38.0469
50243,38.1391
50244,38.177
50245,39.507
50246,39.6266
50247,39.7857
50248,40.5193
50249,40.5309
50250,42.6264
50251,39.7763
50252,38.7053
50253,41.2738
50254,38.9539
50255,37.6151
50256,39.0709
50257,39.1714
50258,39.4281
50259,36.7022
50260,41.2295
50261,40.5566
50262,41.6603
50263,42.4164
50264,43.2975
50265,37.4669
50266,35.5341
50267,42.0662
50268,43.197
50269,41.4166
50270,41.4873
50271,42.5613
50272,41.0858
50273,37.3105
50274,46.6235
50275,39.4049
50276,38.4332
50277,36.3732
50278,40.9399
50279,37.273
50280,37.0506
50281,41.1716
50282,38.3423
50283,39.2606
50284,40.9682
50285,43.6878
50286,40.956
50287,38.6102
50288,38.277
50289,36.8128
50290,39.1649
50291,39.8933
50292,39.4098
50293,41.5553
50294,35.4408
50295,35.6038
50296,36.1279
50297,42.4801
50298,39.1373
50299,43.6616
50300,40.4898
50301,38.0598
50302,35.125
50303,39.9578
50304,40.0002
50305,42.4908
50306,42.8342
50307,41.0104
50308,40.2882
50309,43.7449
50310,41.9249
50311,40.0677
50312,39.7823
50313,39.2316
50314,42.326
50315,38.741
50316,40.6519
50317,41.7545
50318,39.1657
50319,39.5417
50320,39.9168
50321,43.1856
50322,42.5939
50323,38.7343
50324,36.9467
50325,37.3495
50326,37.8356
50327,37.1179
50328,41.5812
50329,38.898
50330,39.0976
50331,39.4831
50332,39.74
50333,40.1193
50334,42.1367
50335,41.0242
50336,41.2482
50337,41.6794
50338,40.9788
50339,37.057
50340,42.4933
50341,39.9126
50342,39.3055
50343,41.3621
50344,45.7917
50345,41.0335
50346,41.1575
50347,41.7884
50348,42.048
50349,37.2077
50350,42.2868
50351,40.8746
50352,37.9241
50353,40.0268
50354,43.4257
50355,41.6857
50356,40.7424
50357,38.9643
50358,38.0479
50359,41.1343
50360,38.4344
50361,42.7938
50362,41.9025
50363,39.0835
50364,42.1467
50365,36.8653
50366,41.5404
50367,39.6152
50368,36.9364
50369,40.5001
50370,40.873
50371,40.9839
50372,44.2792
50373,39.3872
50374,37.7573
50375,40.6872
50376,40.0763
50377,41.3019
50378,41.4672
50379,38.8148
50380,44.3737
50381,38.1895
50382,38.8936
50383,36.2335
50384,37.3436
50385,42.491
50386,37.6474
50387,37.1293
50388,43.6086
50389,40.0443
50390,37.546
50391,42.1568
50392,37.612
50393,37.908
50394,38.6697
50395,39.4205
50396,40.2123
50397,38.2357
50398,41.5117
50399,40.8352
50400,42.0096
50401,42.371
50402,41.4143
50403,42.5195
50404,37.4191
50405,38.8291
50406,39.5231
50407,43.8938
50408,37.9767
50409,38.2119
50410,40.441
50411,41.5227
50412,41.7546
50413,39.0764
50414,42.0855
50415,41.5481
50416,43.5929
50417,42.1564
50418,44.4537
50419,37.752
50420,36.5719
50421,37.7647
50422,40.9959
50423,38.022
50424,38.4818
50425,38.5014
50426,43.6363
50427,39.2219
50428,40.7227
50429,40.7926
50430,43.0663
50431,41.3597
50432,40.8771
50433,40.1107
50434,36.2671
50435,39.484
50436,42.5217
50437,38.0013
50438,39.44
50439,36.2349
50440,39.809
50441,38.6039
50442,36.6464
50443,40.4973
50444,38.0089
50445,40.0547
50446,38.4202
50447,39.4987
50448,40.5354
50449,40.6038
50450,42.447
50451,41.7395
50452,43.7827
50453,42.0525
50454,39.6193
50455,40.758
50456,41.5086
50457,42.019
50458,38.1655
50459,39.1851
50460,39.3924
50461,40.6065
50462,39.1448
50463,41.1581
50464,41.4185
50465,39.228
50466,37.5169
50467,39.8174
50468,41.6429
50469,37.9254
50470,40.1657
50471,40.6878
50472,36.3437
50473,40.5143
50474,36.2727
50475,39.6102
50476,40.1466
50477,39.5495
50478,39.7576
50479,39.8987
50480,37.9126
50481,39.3081
50482,38.434
50483,40.9069
50484,40.7019
50485,41.0062
50486,41.199
50487,43.2832
50488,41.7325
50489,39.3024
50490,39.3267
50491,41.0484
50492,44.6599
50493,45.0605
50494,42.8335
50495,36.0457
50496,43.4673
50497,43.5012
50498,42.1583
50499,41.6246
50500,38.7171
50501,42.0546
50502,44.3617
50503,41.642
50504,36.3162
50505,42.7896
50506,40.0793
50507,35.4136
50508,36.72
50509,38.1042
50510,39.1287
50511,39.6782
50512,39.9783
50513,43.5342
50514,40.4318
50515,41.4704
50516,38.5285
50517,38.11
50518,40.5886
50519,38.9694
50520,39.0673
50521,40.3847
50522,37.2041
50523,39.5828
50524,38.8387
50525,33.9179
50526,40.9825
50527,35.6094
50528,38.342
50529,39.4183
50530,39.6869
50531,38.0377
50532,41.5366
50533,42.8046
50534,40.0159
50535,39.1664
50536,40.3543
50537,40.4735
50538,40.6024
50539,41.8272
50540,38.2324
50541,40.1124
50542,38.1516
50543,41.1545
50544,39.3801
50545,43.0905
50546,38.3858
50547,42.3775
50548,37.4895
50549,41.1651
50550,41.2936
50551,38.6091
50552,37.9623
50553,38.4343
50554,38.6028
50555,42.9151
50556,39.2272
50557,39.8084
50558,41.1537
50559,41.2865
50560,42.3109
50561,40.3193
50562,40.5031
50563,41.6576
50564,40.8329
50565,39.1484
50566,41.5349
50567,39.7635
50568,40.4247
50569,38.1977
50570,42.2412
50571,39.5202
50572,43.061
50573,41.6446
50574,42.4959
50575,39.5122
50576,40.6469
50577,37.2321
50578,39.4921
50579,42.8256
50580,34.9521
50581,39.0212
50582,39.5587
50583,38.8281
50584,39.4708
50585,39.8389
50586,40.012
50587,40.22
50588,40.4723
50589,40.8682
50590,41.1253
50591,43.1933
50592,43.2261
50593,39.0008
50594,44.1536
50595,39.6479
50596,40.1224
50597,39.1836
50598,39.469
50599,41.5223
50600,41.1272
50601,41.5172
50602,41.9951
50603,41.5816
50604,41.6265
50605,41.7265
50606,43.0908
50607,37.5874
50608,38.1397
50609,40.3974
50610,38.6544
50611,37.5079
50612,37.8142
50613,43.2437
50614,41.0044
50615,42.3022
50616,40.8011
50617,42.8948
50618,37.1892
50619,41.7669
50620,44.8114
50621,39.935
50622,38.0061
50623,43.1398
50624,40.6606
50625,39.8916
50626,36.9337
50627,41.0653
50628,37.0737
50629,37.6366
50630,41.7927
50631,39.9006
50632,40.4805
50633,37.699
50634,42.1872
50635,39.8377
50636,37.8902
50637,40.3471
50638,40.5478
50639,40.9208
50640,40.2678
50641,39.6621
50642,40.7636
50643,36.842
50644,41.373
50645,37.3284
50646,38.7706
50647,37.8716
50648,40.469
50649,40.6235
50650,38.186
50651,37.8277
50652,38.8658
50653,39.9552
50654,40.3044
50655,38.4738
50656,38.5776
50657,38.7112
50658,40.8747
50659,41.116
50660,42.0639
50661,40.3853
50662,37.7975
50663,38.2178
50664,36.5352
50665,37.7028
50666,38.927
50667,42.2928
50668,35.8093
50669,38.4125
50670,42.4978
50671,42.203
50672,41.3832
50673,40.7338
50674,42.9115
50675,41.7845
50676,39.2381
50677,41.1029
50678,39.17
50679,39.1798
50680,39.7245
50681,41.5622
50682,38.7876
50683,41.8822
50684,39.1502
50685,40.6482
50686,42.0827
50687,41.0239
50688,41.53
50689,40.138
50690,40.1828
50691,36.0145
50692,40.7144
50693,40.2325
50694,40.4277
50695,36.4875
50696,43.0083
50697,37.0551
50698,40.496
50699,39.0025
50700,38.5397
50701,40.6234
50702,40.7802
50703,37.9212
50704,38.8844
50705,42.2103
50706,41.058
50707,38.588
50708,39.1812
50709,38.2704
50710,40.4231
50711,38.0879
50712,39.1152
50713,39.6477
50714,36.4458
50715,38.0374
50716,40.1234
50717,40.2434
50718,40.9069
50719,44.1252
50720,40.2388
50721,42.0141
50722,42.6564
50723,36.1903
50724,40.1056
50725,43.2351
50726,41.2561
50727,40.2654
50728,41.7244
50729,41.9846
50730,41.6739
50731,40.0604
50732,40.1161
50733,40.9609
50734,39.3954
50735,39.7662
50736,40.1785
50737,38.4346
50738,37.5656
50739,37.6669
50740,39.8534
50741,40.6664
50742,35.7222
50743,44.6821
50744,40.0133
50745,39.0308
50746,37.0905
50747,37.3597
50748,36.1672
50749,41.1808
50750,41.2687
50751,44.5439
50752,41.5052
50753,31.7492
50754,41.43
50755,38.1906
50756,38.5405
50757,37.0023
50758,41.044
50759,39.1607
50760,36.1691
50761,39.333
50762,41.1402
50763,40.2659
50764,40.6929
50765,38.7347
50766,38.3038
50767,41.504
50768,41.9922
50769,41.4654
50770,38.6164
50771,39.5103
50772,40.0522
50773,40.8128
50774,41.0871
50775,39.5747
50776,41.6369
50777,42.4663
50778,42.6583
50779,38.5695
50780,38.1207
50781,39.2316
50782,41.0083
50783,39.5874
50784,40.0279
50785,39.2113
50786,40.5048
50787,39.2111
50788,39.9013
50789,40.9492
50790,41.0893
50791,41.5361
50792,41.7879
50793,38.9819
50794,40.6993
50795,38.772
50796,40.9132
50797,41.1769
50798,42.233
50799,38.752
50800,38.9272
50801,40.9574
50802,38.1947
50803,39.5652
50804,40.6121
50805,38.751
50806,40.849
50807,38.2569
50808,38.4055
50809,36.4267
50810,40.0001
50811,40.1055
50812,39.114
50813,38.5334
50814,38.551
50815,37.8998
50816,38.5527
50817,39.1655
50818,39.5679
50819,42.6705
50820,41.3687
50821,41.7611
50822,38.2199
50823,36.6949
50824,40.26
50825,40.5231
50826,41.0481
50827,33.4051
50828,41.0634
50829,38.0719
50830,42.2439
50831,40.769
50832,40.4105
50833,42.4686
50834,38.6207
50835,37.1547
50836,40.3355
50837,42.0817
50838,38.3179
50839,37.3578
50840,39.4025
50841,39.5658
50842,41.9423
50843,37.0544
50844,38.0675
50845,36.6224
50846,41.2923
50847,39.6082
50848,40.6174
50849,39.6899
50850,40.7776
50851,39.4734
50852,37.1565
50853,41.1231
50854,39.9121
50855,42.0158
50856,40.2021
50857,40.2323
50858,38.5086
50859,39.3143
50860,41.4101
50861,35.2875
50862,39.6846
50863,41.7998
50864,35.985
50865,40.2455
50866,43.9104
50867,40.8126
50868,42.3083
50869,34.4582
50870,42.7038
50871,42.6339
50872,37.7735
50873,41.0687
50874,38.1367
50875,39.3211
50876,39.3324
50877,40.7436
50878,41.0078
50879,43.0541
50880,40.3803
50881,41.723
50882,42.6867
50883,39.3746
50884,41.5468
50885,41.8111
50886,42.235
50887,42.5394
50888,44.0337
50889,40.148
50890,38.881
50891,40.1217
50892,38.2301
50893,37.6827
50894,37.01
50895,39.2045
50896,40.4524
50897,40.5466
50898,39.65
50899,39.9019
50900,37.2836
50901,39.9848
50902,40.1666
50903,40.2749
50904,39.2526
50905,42.3113
50906,42.6007
50907,42.6401
50908,37.0739
50909,36.6311
50910,38.3255
50911,41.3683
50912,44.4197
50913,39.1181
50914,43.4079
50915,37.8243
50916,41.045
50917,41.9235
50918,41.0601
50919,38.1081
50920,40.1928
50921,39.2119
50922,38.4092
50923,37.6103
50924,40.8552
50925,40.4277
50926,40.9473
50927,39.15
50928,40.3209
50929,43.0778
50930,39.1001
50931,38.366
50932,35.8855
50933,39.2566
50934,39.8432
50935,39.8701
50936,41.1843
50937,38.322
50938,40.7552
50939,37.0375
50940,41.9788
50941,36.3658
50942,40.7678
50943,38.1277
50944,38.6462
50945,37.9315
50946,40.4673
50947,40.5117
50948,39.8559
50949,41.1872
50950,38.2393
50951,40.3506
50952,38.3965
50953,39.9107
50954,38.9194
50955,35.0651
50956,37.0735
50957,42.5008
50958,41.571
50959,41.6171
50960,38.6419
50961,38.7754
50962,40.7838
50963,39.8707
50964,39.9211
50965,43.0835
50966,40.7458
50967,39.4501
50968,39.0275
50969,42.0757
50970,39.2271
50971,39.2355
50972,40.0797
50973,43.2089
50974,40.6393
50975,41.02
50976,38.0843
50977,39.0998
50978,39.5979
50979,41.2279
50980,35.3478
50981,39.6966
50982,44.3846
50983,40.4232
50984,39.1208
50985,41.4451
50986,42.5787
50987,37.8454
50988,36.147
50989,38.3324
50990,37.4392
50991,38.6909
50992,41.7316
50993,38.9505
50994,38.1566
50995,39.396
50996,39.4232
50997,38.5612
50998,38.7748
50999,38.7899
51000,39.0327
51001,39.1215
51002,39.2998
51003,41.3621
51004,40.2687
51005,40.381
51006,39.8616
51007,41.8819
51008,44.2409
51009,41.7039
51010,42.196
51011,43.4432
51012,42.6703
51013,40.7228
51014,40.9987
51015,41.8577
51016,42.5131
51017,38.5083
51018,35.8641
51019,37.4855
51020,41.7044
51021,38.3308
51022,43.7111
51023,39.9693
51024,40.0092
51025,40.4147
51026,42.0705
51027,36.5305
51028,38.5502
51029,41.5587
51030,38.8971
51031,38.417
51032,42.2148
51033,38.4287
51034,36.4461
51035,41.4926
51036,44.6716
51037,40.7897
51038,40.818
51039,36.3271
51040,43.5721
51041,40.7595
51042,42.0239
51043,40.9908
51044,38.2146
51045,43.2883
51046,38.684
51047,40.0043
51048,35.8085
51049,37.5078
51050,41.6088
51051,42.2126
51052,37.2337
51053,38.937
51054,42.3108
51055,40.4304
51056,41.6519
51057,41.7172
51058,39.4014
51059,38.182
51060,42.3764
51061,40.6806
51062,37.1068
51063,41.0238
51064,41.2886
51065,37.33
51066,35.6405
51067,35.4582
51068,36.6106
51069,39.7153
51070,40.8783
51071,41.8228
51072,39.1351
51073,39.1885
51074,40.1252
51075,42.1496
51076,40.4666
51077,38.8494
51078,38.3517
51079,40.5592
51080,40.8253
51081,40.3987
51082,40.5803
51083,34.6759
51084,41.5202
51085,39.1809
51086,38.987
51087,40.7206
51088,43.5171
51089,40.6813
51090,41.5785
51091,38.2545
51092,39.4303
51093,41.2536
51094,35.4211
51095,35.0273
51096,38.0035
51097,40.3627
51098,38.4577
51099,40.7571
51100,40.9768
51101,39.6708
51102,42.1311
51103,40.3595
51104,40.4528
51105,42.0747
51106,40.1092
51107,40.3233
51108,39.298
51109,38.585
51110,44.7369
51111,38.3912
51112,37.6601
51113,38.1085
51114,38.5944
51115,38.685
51116,39.8178
51117,40.2922
51118,36.1778
51119,42.3744
51120,43.8252
51121,36.4584
51122,42.4745
51123,35.1767
51124,37.6124
51125,37.7157
51126,38.3133
51127,38.3515
51128,40.0902
51129,40.228
51130,40.3555
51131,40.6192
51132,40.7757
51133,38.7907
51134,40.966
51135,41.3595
51136,37.965
51137,40.1346
51138,40.2644
51139,40.488
51140,40.6228
51141,41.4514
51142,42.046
51143,39.9346
51144,40.2004
51145,39.5208
51146,41.9371
51147,40.4413
51148,40.6472
51149,41.2378
51150,41.3446
51151,38.8492
51152,40.1568
51153,40.1929
51154,41.3616
51155,39.5038
51156,42.0887
51157,39.244
51158,41.5008
51159,41.5331
51160,42.8091
51161,42.825
51162,38.4791
51163,42.1502
51164,39.0653
51165,41.6528
51166,39.5856
51167,37.852
51168,39.6415
51169,40.6878
51170,36.2214
51171,36.3112
51172,40.8819
51173,36.8903
51174,37.0227
51175,39.6049
51176,38.2186
51177,39.297
51178,39.3648
51179,37.3732
51180,39.5416
51181,40.2538
51182,41.2686
51183,40.483
51184,37.5374
51185,40.664
51186,38.1167
51187,40.2271
51188,41.6236
51189,40.6609
51190,41.9579
51191,39.0456
51192,39.3138
51193,38.4214
51194,40.3403
51195,39.4801
51196,42.56
51197,44.9524
51198,38.3652
51199,39.0738
51200,39.0839
51201,40.7655
51202,40.7211
51203,37.8067
51204,39.781
51205,39.5369
51206,43.6914
51207,42.8056
51208,40.1414
51209,37.505
51210,40.1207
51211,37.1987
51212,37.24
51213,38.7473
51214,37.1158
51215,38.0591
51216,38.2945
51217,38.3778
51218,36.1306
51219,41.5737
51220,36.7022
51221,39.9015
51222,39.8436
51223,38.9146
51224,40.1743
51225,38.4304
51226,38.9518
51227,42.2192
51228,39.3348
51229,40.4529
51230,40.4613
51231,40.8184
51232,40.6418
51233,42.0585
51234,37.3261
51235,42.8838
51236,38.3956
51237,38.4973
51238,36.6432
51239,40.127
51240,39.6496
51241,41.4336
51242,41.442
51243,39.2048
51244,44.3088
51245,38.9212
51246,44.9297
51247,36.7475
51248,37.1565
51249,43.2521
51250,37.328
51251,39.7009
51252,39.9293
51253,41.0133
51254,38.111
51255,39.106
51256,41.5132
51257,42.0002
51258,36.1599
51259,40.4613
51260,42.8313
51261,38.0509
51262,41.5375
51263,38.7971
51264,42.3961
51265,41.5789
51266,43.7779
51267,39.5255
51268,39.5499
51269,40.1763
51270,43.437
51271,38.6035
51272,43.9324
51273,44.5136
51274,42.776
51275,40.8007
51276,40.1876
51277,39.6632
51278,42.703
51279,37.7823
51280,38.1824
51281,40.1908
51282,39.2662
51283,40.1177
51284,38.654
51285,38.704
51286,39.472
51287,41.9422
51288,42.9188
51289,41.7878
51290,40.5141
51291,35.9506
51292,44.6894
51293,35.8242
51294,39.2945
51295,38.3441
51296,38.9924
51297,39.0775
51298,38.2461
51299,40.9254
51300,41.9838
51301,38.5056
51302,40.3082
51303,35.4699
51304,38.3491
51305,41.5598
51306,37.1498
51307,41.3416
51308,43.2768
51309,41.6222
51310,36.656
51311,39.116
51312,39.1639
51313,40.2304
51314,40.6296
51315,42.6902
51316,41.0221
51317,41.4238
51318,41.8803
51319,42.2991
51320,38.7871
51321,38.3014
51322,38.3235
51323,38.6107
51324,40.9396
51325,40.5695
51326,38.69
51327,41.9112
51328,41.9696
51329,45.2466
51330,40.4817
51331,39.5734
51332,40.9652
51333,41.2785
51334,39.6674
51335,40.7681
51336,41.4853
51337,37.543
51338,39.7465
51339,43.0251
51340,38.4381
51341,41.4617
51342,41.7406
51343,38.9357
51344,40.0529
51345,40.6423
51346,40.7441
51347,39.7605
51348,35.9395
51349,38.2824
51350,42.3661
51351,42.5783
51352,39.9677
51353,39.251
51354,34.7325
51355,38.2781
51356,38.9491
51357,39.0798
51358,42.2464
51359,39.4531
51360,39.7417
51361,37.3927
51362,40.4316
51363,37.3229
51364,38.7617
51365,34.6018
51366,39.7699
51367,41.0592
51368,41.3178
51369,36.5887
51370,42.0545
51371,42.0841
51372,42.1813
51373,41.0898
51374,39.9977
51375,42.0834
51376,39.354
51377,39.5878
51378,40.6537
51379,37.9946
51380,39.3686
51381,40.5876
51382,40.296
51383,41.0369
51384,38.738
51385,42.0311
51386,37.1496
51387,41.3153
51388,42.0167
51389,42.8335
51390,39.1186
51391,40.216
51392,41.2394
51393,40.2866
51394,40.3166
51395,42.8554
51396,37.9376
51397,40.946
51398,40.3364
51399,41.3519
51400,38.8463
51401,40.0637
51402,42.0739
51403,37.3992
51404,38.7091
51405,37.7887
51406,41.2498
51407,41.2735
51408,35.8017
51409,40.2775
51410,39.4345
51411,40.7707
51412,38.7791
51413,40.8035
51414,39.9309
51415,40.4248
51416,41.449
51417,39.9543
51418,40.21
51419,40.9633
51420,38.9097
51421,38.175
51422,38.2532
51423,38.2923
51424,38.3477
51425,38.7055
51426,37.8508
51427,38.9539
51428,37.9753
51429,39.0386
51430,38.4643
51431,39.8721
51432,37.9901
51433,39.094
51434,39.1849
51435,39.5787
51436,42.2398
51437,41.3935
51438,39.564
51439,39.6528
51440,40.8892
51441,41.9854
51442,42.9134
51443,42.2764
51444,37.1286
51445,41.137
51446,41.8286
51447,42.145
51448,37.5679
51449,37.9334
51450,41.0183
51451,40.0267
51452,40.6
51453,42.4723
51454,41.2089
51455,40.0897
51456,38.1546
51457,40.5963
51458,42.0063
51459,42.3279
51460,39.2227
51461,41.1313
51462,39.8042
51463,39.1928
51464,38.2932
51465,39.3952
51466,40.377
51467,40.2367
51468,39.3056
51469,41.6296
51470,40.867
51471,38.3793
51472,41.4525
51473,36.7288
51474,41.8962
51475,43.3009
51476,39.3193
51477,39.5635
51478,39.697
51479,39.9495
51480,43.2159
51481,40.4568
51482,40.759
51483,39.1621
51484,38.5145
51485,38.0525
51486,35.9386
51487,39.7743
51488,39.3745
51489,39.4767
51490,42.5183
51491,41.0532
51492,40.2447
51493,41.2437
51494,42.2461
51495,42.3733
51496,40.2358
51497,36.9022
51498,39.8146
51499,43.9283
51500,41.566
51501,41.5778
51502,40.6593
51503,44.4868
51504,36.9899
51505,39.287
51506,43.3929
51507,40.4346
51508,39.0376
51509,39.4655
51510,39.8019
51511,40.2587
51512,39.5499
51513,40.6787
51514,42.3995
51515,38.1275
51516,43.4403
51517,43.6332
51518,43.3254
51519,41.1019
51520,41.1324
51521,36.9503
51522,40.5185
51523,46.9842
51524,40.6107
51525,41.5655
51526,38.7152
51527,38.7907
51528,39.0712
51529,40.7754
51530,40.7852
51531,40.3194
51532,41.168
51533,43.2949
51534,40.4302
51535,39.1145
51536,43.5519
51537,36.2038
51538,42.3625
51539,40.9224
51540,38.1506
51541,40.3104
51542,39.5825
51543,39.8561
51544,40.0224
51545,39.0439
51546,38.2619
51547,39.4001
51548,41.141
51549,39.3718
51550,40.4655
51551,40.0872
51552,41.099
51553,42.2457
51554,40.8261
51555,43.0754
51556,41.1288
51557,39.1868
51558,40.8578
51559,36.2838
51560,37.554
51561,38.1212
51562,38.8654
51563,40.0361
51564,38.5744
51565,37.2499
51566,42.7176
51567,37.7618
51568,41.215
51569,40.119
51570,45.2828
51571,39.0657
51572,35.806
51573,38.3453
51574,40.4983
51575,37.8178
51576,38.8306
51577,40.3811
51578,40.3987
51579,40.759
51580,38.7674
51581,39.969
51582,40.2913
51583,39.5115
51584,42.178
51585,37.2819
51586,40.624
51587,40.8462
51588,40.9608
51589,42.5436
51590,44.0575
51591,39.3491
51592,39.3698
51593,39.9365
51594,39.3255
51595,37.3853
51596,37.5184
51597,42.4686
51598,39.6654
51599,42.0141
51600,36.9604
51601,41.8273
51602,40.5378
51603,40.8555
51604,41.0614
51605,40.3861
51606,36.5523
51607,38.9412
51608,38.0372
51609,41.4043
51610,43.1329
51611,42.9605
51612,36.533
51613,38.8318
51614,36.547
51615,37.7416
51616,38.0952
51617,38.1319
51618,39.6428
51619,40.1757
51620,37.7433
51621,43.0078
51622,42.4146
51623,38.9657
51624,40.8172
51625,37.4951
51626,37.6131
51627,38.9492
51628,39.2097
51629,37.3446
51630,39.3884
51631,40.1821
51632,40.2944
51633,39.8425
51634,41.1469
51635,41.2464
51636,38.3054
51637,42.9084
51638,36.0143
51639,42.0973
51640,42.3742
51641,38.2263
51642,37.6462
51643,38.411
51644,39.7137
51645,41.4016
51646,40.7941
51647,41.4068
51648,39.7349
51649,38.0504
51650,38.3566
51651,38.3847
51652,38.4887
51653,47.4167
51654,38.6584
51655,39.9041
51656,41.3098
51657,40.7101
51658,39.4392
51659,38.5568
51660,38.9649
51661,40.8182
51662,41.3786
51663,41.6226
51664,40.6641
51665,38.2906
51666,41.71
51667,40.9093
51668,41.9564
51669,37.7328
51670,39.5548
51671,39.5418
51672,40.0783
51673,42.078
51674,36.7315
51675,35.3683
51676,41.0658
51677,40.5427
51678,41.5228
51679,37.6195
51680,40.0256
51681,36.0857
51682,36.4135
51683,41.9535
51684,39.0268
51685,36.0798
51686,41.3957
51687,40.3291
51688,38.1954
51689,41.3018
51690,38.8822
51691,40.1149
51692,40.3164
51693,37.9184
51694,38.6688
51695,41.9927
51696,39.1827
51697,40.5218
51698,36.8077
51699,37.0452
51700,41.3983
51701,37.5383
51702,41.7701
51703,39.132
51704,39.1594
51705,38.409
51706,38.6201
51707,38.9332
51708,39.6476
51709,40.5241
51710,38.6409
51711,37.7127
51712,35.1668
51713,39.2721
51714,43.3676
51715,43.4422
51716,36.8404
51717,39.8701
51718,40.0543
51719,40.7264
51720,41.1608
51721,38.7189
51722,42.7559
51723,37.1679
51724,40.0332
51725,43.7936
51726,37.4169
51727,42.6497
51728,38.9462
51729,40.0243
51730,38.6855
51731,40.764
51732,41.9905
51733,42.0386
51734,41.1936
51735,37.4267
51736,36.7246
51737,37.6194
51738,38.6353
51739,38.2994
51740,41.6991
51741,38.7823
51742,38.2809
51743,40.2931
51744,38.452
51745,42.5083
51746,40.9103
51747,39.0055
51748,39.4334
51749,40.1332
51750,40.3224
51751,37.3533
51752,40.5483
51753,40.5567
51754,42.803
51755,40.8446
51756,43.2055
51757,40.3492
51758,41.4814
51759,41.3884
51760,42.6083
51761,39.8032
51762,39.9023
51763,36.2409
51764,37.4685
51765,42.7406
51766,43.1792
51767,37.3294
51768,41.0304
51769,38.3976
51770,41.7026
51771,40.8979
51772,40.1477
51773,39.2796
51774,41.1773
51775,38.2258
51776,38.7449
51777,42.3919
51778,40.5677
51779,42.6301
51780,41.6268
51781,37.8003
51782,35.1013
51783,41.2615
51784,41.3734
51785,39.9386
51786,42.1785
51787,38.15
51788,38.4175
51789,40.4799
51790,39.8526
51791,39.8979
51792,42.6738
51793,40.5927
51794,43.6712
51795,39.1014
51796,37.7175
51797,41.4032
51798,38.5279
51799,38.7674
51800,39.1548
51801,41.2902
51802,43.1768
51803,35.831
51804,40.8413
51805,40.1924
51806,37.3482
51807,39.6857
51808,40.8171
51809,38.2328
51810,39.9583
51811,39.8763
51812,40.3712
51813,37.9147
51814,38.9689
51815,39.0978
51816,40.2786
51817,41.0469
51818,41.8294
51819,37.2114
51820,38.2783
51821,41.5203
51822,42.59
51823,39.4022
51824,39.4158
51825,37.5351
51826,39.8411
51827,39.8728
51828,40.2923
51829,41.3111
51830,41.9366
51831,39.0122
51832,40.1233
51833,40.308
51834,39.8676
51835,42.1123
51836,37.1349
51837,34.6305
51838,38.0825
51839,39.7226
51840,42.1624
51841,41.9095
51842,36.933
51843,39.3977
51844,39.0753
51845,42.1522
51846,40.528
51847,39.5938
51848,39.807
51849,39.4905
51850,41.5374
51851,40.1874
51852,39.1564
51853,38.4457
51854,39.573
51855,38.0319
51856,39.6561
51857,41.0833
51858,38.2379
51859,36.2975
51860,36.3784
51861,36.394
51862,40.8674
51863,40.9719
51864,38.0321
51865,36.3208
51866,38.3447
51867,37.4433
51868,41.7887
51869,39.3112
51870,39.8593
51871,44.3109
51872,40.216
51873,40.119
51874,41.9052
51875,36.9169
51876,41.0699
51877,36.2591
51878,36.4775
51879,34.4859
51880,37.6917
51881,36.8161
51882,38.3184
51883,44.1038
51884,38.3547
51885,38.8505
51886,40.0664
51887,40.1473
51888,40.1557
51889,40.4471
51890,41.5787
51891,41.9658
51892,39.9743
51893,41.9827
51894,41.9947
51895,36.0901
51896,41.2046
51897,42.3842
51898,41.5647
51899,41.7603
51900,40.8713
51901,39.2342
51902,39.3163
51903,39.4008
51904,37.4655
51905,41.7146
51906,40.0078
51907,44.6454
51908,40.8868
51909,43.1675
51910,37.0664
51911,39.1644
51912,38.4408
51913,38.6209
51914,39.5958
51915,38.9876
51916,40.902
51917,41.1014
51918,36.4309
51919,38.7562
51920,38.3387
51921,38.3471
51922,39.7551
51923,39.0199
51924,39.0702
51925,39.4745
51926,40.9925
51927,40.0254
51928,41.8741
51929,39.9176
51930,43.0953
51931,42.763
51932,41.5273
51933,40.6801
51934,41.209
51935,40.135
51936,39.7141
51937,42.8363
51938,38.3383
51939,38.4217
51940,35.7263
51941,42.5815
51942,40.6663
51943,35.861
51944,38.7186
51945,36.9632
51946,39.2992
51947,37.9252
51948,39.088
51949,44.0815
51950,39.8187
51951,41.5101
51952,39.5826
51953,37.748
51954,40.1583
51955,40.2024
51956,42.3162
51957,39.5871
51958,39.5541
51959,40.6895
51960,44.8027
51961,43.1933
51962,41.9122
51963,41.2101
51964,41.7836
51965,42.1225
51966,42.2684
51967,43.4749
51968,37.6891
51969,39.6905
51970,39.0492
51971,39.4893
51972,38.3724
51973,41.6855
51974,37.9992
51975,40.2076
51976,40.8214
51977,38.6898
51978,39.5698
51979,40.729
51980,39.7478
51981,36.8396
51982,40.6271
51983,40.7689
51984,40.9142
51985,40.9482
51986,41.0905
51987,40.2105
51988,39.4722
51989,42.4806
51990,39.8854
51991,40.9398
51992,41.0953
51993,40.0567
51994,43.6328
51995,42.961
51996,43.1297
51997,43.2066
51998,39.2234
51999,40.3306
52000,39.8862
52001,38.3699
52002,39.6826
52003,39.036
52004,40.7639
52005,38.199
52006,38.9401
52007,39.4994
52008,39.9461
52009,40.8322
52010,40.7761
52011,40.3115
52012,40.7266
52013,41.8978
52014,35.8634
52015,37.9925
52016,39.2825
52017,42.0182
52018,41.0905
52019,43.3346
52020,42.813
52021,38.7739
52022,39.4267
52023,38.4468
52024,40.7139
52025,39.1725
52026,39.3147
52027,40.9349
52028,38.9776
52029,40.5995
52030,38.4917
52031,41.3111
52032,39.7215
52033,40.4381
52034,37.0802
52035,42.0559
52036,40.0834
52037,40.3843
52038,41.3666
52039,39.8083
52040,37.9008
52041,39.7609
52042,40.6393
52043,41.3711
52044,44.7474
52045,35.1981
52046,40.5312
52047,39.5734
52048,36.8737
52049,37.4993
52050,36.8335
52051,38.0059
52052,37.2699
52053,38.7032
52054,39.927
52055,38.9919
52056,38.0412
52057,38.0549
52058,38.1098
52059,42.4387
52060,40.0253
52061,40.0843
52062,40.1148
52063,36.1333
52064,41.459
52065,40.9365
52066,42.6303
52067,38.8213
52068,41.9564
52069,41.6024
52070,39.6647
52071,40.3523
52072,40.3608
52073,40.7722
52074,36.4565
52075,40.6421
52076,39.6278
52077,39.1196
52078,42.6946
52079,39.6933
52080,39.7502
52081,41.2232
52082,38.3237
52083,39.8946
52084,39.2425
52085,39.3053
52086,41.8815
52087,37.8344
52088,38.1389
52089,43.5175
52090,38.7049
52091,37.8353
52092,39.4015
52093,39.4099
52094,39.4238
52095,38.5393
52096,39.8893
52097,42.0018
52098,39.0562
52099,42.0647
52100,41.1929
52101,41.2451
52102,40.3525
52103,43.5172
52104,43.5428
52105,37.6562
52106,37.6674
52107,38.4012
52108,40.1138
52109,41.1223
52110,38.6464
52111,39.9712
52112,39.9908
52113,40.3518
52114,41.1524
52115,40.6375
52116,38.6678
52117,42.7689
52118,41.8484
52119,41.9111
52120,43.1398
52121,42.0005
52122,38.1155
52123,40.2206
52124,34.229
52125,39.282
52126,43.562
52127,37.6732
52128,42.9819
52129,38.2237
52130,41.4345
52131,41.8325
52132,42.3189
52133,38.9777
52134,43.1448
52135,38.0433
52136,38.565
52137,40.1238
52138,38.4583
52139,39.038
52140,38.7904
52141,41.8239
52142,39.2246
52143,42.5345
52144,40.083
52145,41.137
52146,42.5543
52147,34.7116
52148,42.4956
52149,37.596
52150,39.7169
52151,44.4183
52152,39.7124
52153,39.0703
52154,42.17
52155,37.2897
52156,38.0909
52157,41.149
52158,38.7372
52159,42.0219
52160,39.4468
52161,37.0296
52162,39.2153
52163,38.487
52164,41.1463
52165,38.5411
52166,39.0238
52167,34.8033
52168,37.594
52169,40.8018
52170,37.5315
52171,37.9147
52172,37.9371
52173,38.9455
52174,42.2574
52175,40.7127
52176,39.3412
52177,39.493
52178,41.3399
52179,41.0961
52180,40.6161
52181,41.1155
52182,38.5774
52183,37.9401
52184,39.2092
52185,39.356
52186,36.9227
52187,39.2549
52188,39.6868
52189,39.6952
52190,39.8605
52191,40.0308
52192,40.1076
52193,39.3607
52194,41.37
52195,38.7067
52196,42.1589
52197,41.6276
52198,39.9505
52199,39.6256
52200,39.835
52201,40.9584
52202,41.0969
52203,40.1566
52204,41.6823
52205,40.8923
52206,41.8459
52207,43.7624
52208,38.3728
52209,41.6658
52210,39.1091
52211,39.7552
52212,40.8132
52213,41.0824
52214,37.0739
52215,39.3202
52216,42.7709
52217,41.3716
52218,38.1874
52219,39.1074
52220,39.2254
52221,38.5178
52222,37.9933
52223,41.0394
52224,38.9322
52225,39.7298
52226,41.0231
52227,41.1004
52228,42.4025
52229,38.7398
52230,38.7529
52231,38.5708
52232,41.7792
52233,40.3066
52234,37.5363
52235,41.2666
52236,41.3311
52237,41.4081
52238,39.7894
52239,39.923
52240,36.9228
52241,38.777
52242,38.17
52243,39.261
52244,42.9927
52245,39.1236
52246,39.6599
52247,39.8626
52248,40.2454
52249,35.2934
52250,40.3055
52251,39.691
52252,42.175
52253,40.5237
52254,40.8009
52255,42.8094
52256,41.3117
52257,42.0013
52258,41.2883
52259,40.6157
52260,44.0833
52261,37.5473
52262,43.6738
52263,37.8335
52264,40.5949
52265,36.9583
52266,40.2246
52267,40.4814
52268,40.0317
52269,41.3377
52270,40.8533
52271,39.9684
52272,40.4266
52273,37.7328
52274,42.492
52275,40.4866
52276,39.5842
52277,41.0286
52278,38.1998
52279,36.8959
52280,39.637
52281,41.3171
52282,42.2118
52283,39.3737
52284,38.0526
52285,40.4834
52286,37.1185
52287,41.0737
52288,37.2225
52289,38.0445
52290,38.2388
52291,39.0197
52292,39.2951
52293,40.7987
52294,36.5687
52295,41.7253
52296,42.0128
52297,37.8435
52298,39.0945
52299,38.9823
52300,39.4075
52301,41.8211
52302,39.9828
52303,39.2349
52304,42.2937
52305,41.3691
52306,41.5292
52307,41.069
52308,40.2257
52309,35.8377
52310,39.8461
52311,43.1793
52312,38.4184
52313,39.6898
52314,37.8809
52315,40.2149
52316,38.2835
52317,42.2919
52318,42.3578
52319,38.516
52320,38.0835
52321,39.1152
52322,39.4191
52323,39.535
52324,41.7175
52325,42.0339
52326,41.6279
52327,37.7018
52328,41.0159
52329,42.6965
52330,42.2791
52331,41.8131
52332,38.8789
52333,40.3282
52334,44.2215
52335,40.4597
52336,41.063
52337,35.8723
52338,38.3955
52339,39.4202
52340,37.5727
52341,41.6466
52342,40.3102
52343,41.2547
52344,37.4795
52345,40.7429
52346,39.1301
52347,39.4564
52348,41.4648
52349,41.9264
52350,41.0272
52351,43.0568
52352,36.59
52353,37.7834
52354,40.8197
52355,41.0367
52356,38.8557
52357,38.6222
52358,43.1708
52359,41.2769
52360,41.9559
52361,39.2383
52362,37.3731
52363,39.5397
52364,38.6199
52365,42.2929
52366,40.5366
52367,40.7574
52368,40.6207
52369,39.6206
52370,39.6765
52371,39.6493
52372,36.8953
52373,39.3344
52374,37.6221
52375,39.64
52376,40.0064
52377,42.2044
52378,43.3237
52379,40.6679
52380,39.789
52381,39.1827
52382,39.3162
52383,38.5819
52384,39.7812
52385,36.8303
52386,39.7965
52387,36.673
52388,42.3029
52389,39.3683
52390,44.4136
52391,40.4648
52392,38.5702
52393,39.4073
52394,38.7101
52395,38.9029
52396,40.0407
52397,42.358
52398,40.5355
52399,38.9625
52400,39.2471
52401,36.4832
52402,41.2263
52403,40.3558
52404,40.3942
52405,41.6944
52406,38.7652
52407,38.082
52408,35.8526
52409,37.5563
52410,37.3896
52411,44.5114
52412,39.3726
52413,38.6856
52414,40.2039
52415,44.3257
52416,39.3997
52417,35.731
52418,40.0208
52419,40.3391
52420,38.4381
52421,41.1813
52422,40.1921
52423,39.7954
52424,38.8128
52425,41.1324
52426,40.647
52427,40.9657
52428,41.0673
52429,43.078
52430,37.0864
52431,43.5997
52432,41.8106
52433,39.9381
52434,40.9938
52435,35.3283
52436,40.3508
52437,42.2587
52438,40.7084
52439,36.7275
52440,38.4134
52441,39.7172
52442,38.7602
52443,40.2289
52444,37.2349
52445,37.2479
52446,42.569
52447,37.3255
52448,37.4594
52449,38.5433
52450,37.9472
52451,41.7802
52452,40.1232
52453,41.2243
52454,39.5409
52455,41.8567
52456,42.3593
52457,35.1936
52458,36.4646
52459,37.6703
52460,40.5921
52461,38.6178
52462,38.7021
52463,38.9965
52464,36.5007
52465,37.6043
52466,40.2055
52467,38.808
52468,38.2656
52469,41.6358
52470,41.9769
52471,39.0042
52472,39.2571
52473,38.6159
52474,42.0972
52475,42.5336
52476,39.8857
52477,43.2858
52478,40.6615
52479,37.932
52480,36.4372
52481,36.7377
52482,36.9205
52483,42.1809
52484,42.3327
52485,38.0709
52486,40.3847
52487,39.5072
52488,40.6586
52489,38.7549
52490,39.917
52491,39.0047
52492,41.0285
52493,44.1672
52494,43.3827
52495,40.5109
52496,39.8859
52497,40.8944
52498,36.9495
52499,37.4705
52500,39.0371
52501,42.0455
52502,38.1606
52503,39.4507
52504,41.7571
52505,39.9433
52506,38.5034
52507,39.7265
52508,42.7879
52509,41.8616
52510,43.3834
52511,39.8217
52512,40.3852
52513,38.1611
52514,38.822
52515,42.241
52516,39.7002
52517,40.4861
52518,40.7104
52519,38.4281
52520,39.065
52521,42.3845
52522,39.8911
52523,40.3201
52524,36.9623
52525,36.5968
52526,42.215
52527,40.6842
52528,40.7205
52529,38.8723
52530,41.4692
52531,40.4959
52532,40.3676
52533,39.8489
52534,40.0401
52535,42.2926
52536,43.9853
52537,36.2275
52538,39.1288
52539,39.1357
52540,41.4216
52541,38.3236
52542,38.8058
52543,42.8295
52544,40.6168
52545,39.8564
52546,39.9543
52547,41.3298
52548,42.4008
52549,39.7379
52550,40.1879
52551,41.1858
52552,40.8319
52553,39.0228
52554,38.513
52555,40.7183
52556,38.9232
52557,41.4497
52558,41.6411
52559,37.677
52560,37.2157
52561,38.2241
52562,43.6058
52563,37.0168
52564,41.8823
52565,36.0026
52566,35.4716
52567,41.2098
52568,40.4592
52569,39.7638
52570,39.9429
52571,40.9901
52572,38.0252
52573,41.2946
52574,37.0835
52575,42.3061
52576,39.5771
52577,39.8983
52578,40.4181
52579,43.5933
52580,38.7262
52581,40.7399
52582,40.027
52583,39.4895
52584,38.0119
52585,39.1037
52586,39.2363
52587,39.716
52588,40.7787
52589,40.9241
52590,41.9728
52591,38.0241
52592,41.2173
52593,39.2744
52594,41.81
52595,39.9091
52596,38.3648
52597,40.9806
52598,34.454
52599,42.5937
52600,40.8576
52601,39.4383
52602,41.6636
52603,36.1679
52604,38.7458
52605,41.1065
52606,43.7884
52607,37.9943
52608,38.0674
52609,37.0827
52610,41.1791
52611,41.2506
52612,39.5935
52613,38.8437
52614,38.9142
52615,36.8239
52616,44.9577
52617,39.0341
52618,35.1263
52619,40.1372
52620,41.3037
52621,39.3712
52622,35.8981
52623,36.2995
52624,42.7321
52625,42.7406
52626,38.3795
52627,37.5637
52628,40.6922
52629,37.2062
52630,41.6437
52631,41.902
52632,39.9288
52633,41.969
52634,39.3228
52635,43.0534
52636,40.4174
52637,40.483
52638,42.0029
52639,39.3805
52640,41.6129
52641,41.9806
52642,42.7369
52643,38.9764
52644,41.0326
52645,41.6748
52646,39.7965
52647,41.2017
52648,43.8236
52649,44.7385
52650,40.8215
52651,40.8696
52652,40.878
52653,37.1033
52654,40.2848
52655,38.8397
52656,39.8582
52657,40.8088
52658,35.976
52659,36.0189
52660,37.332
52661,36.3433
52662,39.537
52663,44.7719
52664,44.8607
52665,38.1991
52666,40.6302
52667,38.0849
52668,33.0237
52669,39.0322
52670,39.0866
52671,38.3043
52672,39.7079
52673,37.7635
52674,42.8335
52675,36.8776
52676,37.3849
52677,40.6119
52678,38.6838
52679,38.8411
52680,40.3266
52681,39.4471
52682,40.8865
52683,39.8387
52684,38.9708
52685,40.3346
52686,40.3647
52687,40.8778
52688,37.2476
52689,44.3158
52690,41.8027
52691,42.8356
52692,41.9993
52693,37.7328
52694,37.5487
52695,36.7419
52696,38.5104
52697,39.8407
52698,39.0813
52699,40.3826
52700,41.3165
52701,41.9388
52702,41.0811
52703,43.4679
52704,39.6719
52705,37.4608
52706,42.3565
52707,35.8037
52708,41.2077
52709,40.5111
52710,41.7936
52711,37.2856
52712,41.0694
52713,43.0838
52714,38.9437
52715,40.1217
52716,42.7204
52717,39.9529
52718,41.2049
52719,41.5037
52720,38.5999
52721,37.9404
52722,40.2735
52723,42.9261
52724,40.0046
52725,37.3126
52726,39.2761
52727,39.3366
52728,40.583
52729,39.0987
52730,38.6956
52731,41.8289
52732,39.2344
52733,39.0611
52734,40.102
52735,41.4819
52736,40.4992
52737,41.6882
52738,35.7644
52739,39.592
52740,41.5536
52741,41.0391
52742,40.7747
52743,39.931
52744,40.3585
52745,38.498
52746,40.5086
52747,41.5368
52748,36.5956
52749,40.6909
52750,40.9598
52751,40.9881
52752,41.2094
52753,42.4693
52754,38.4801
52755,37.7457
52756,35.3547
52757,38.4283
52758,44.1239
52759,39.2668
52760,38.6428
52761,40.0194
52762,40.083
52763,37.102
52764,41.1899
52765,40.2173
52766,36.3089
52767,37.9351
52768,41.8322
52769,42.1352
52770,40.167
52771,38.6125
52772,38.9614
52773,42.132
52774,40.3835
52775,41.7887
52776,42.3312
52777,39.5036
52778,43.635
52779,42.7753
52780,39.4202
52781,41.8179
52782,38.3471
52783,41.0403
52784,42.0499
52785,40.5591
52786,40.9496
52787,43.7746
52788,40.9922
52789,41.6291
52790,40.545
52791,43.8344
52792,41.0048
52793,38.0932
52794,36.5196
52795,41.7332
52796,43.0242
52797,42.2428
52798,38.2471
52799,37.5676
52800,37.6162
52801,38.2428
52802,39.49
52803,39.674
52804,39.6349
52805,39.7815
52806,39.8229
52807,36.917
52808,39.9395
52809,41.9501
52810,39.0045
52811,38.2409
52812,40.3747
52813,41.6776
52814,42.7451
52815,40.0102
52816,41.0584
52817,41.8262
52818,40.9821
52819,38.077
52820,42.3165
52821,37.6335
52822,37.8989
52823,40.6826
52824,39.1397
52825,40.1754
52826,39.8309
52827,37.0561
52828,39.2947
52829,40.7417
52830,36.827
52831,39.9163
52832,39.3854
52833,44.2817
52834,39.8083
52835,40.887
52836,39.2555
52837,39.5845
52838,41.5209
52839,39.7025
52840,37.3449
52841,37.9385
52842,38.0793
52843,38.2443
52844,36.5912
52845,38.7295
52846,39.1421
52847,39.1505
52848,41.6082
52849,42.2388
52850,41.3639
52851,38.7172
52852,39.8642
52853,38.2124
52854,39.4419
52855,41.4799
52856,36.6678
52857,40.7452
52858,42.9488
52859,38.6566
52860,39.0804
52861,38.2075
52862,41.2915
52863,42.4497
52864,40.4804
52865,38.1013
52866,39.2733
52867,40.5762
52868,40.2172
52869,40.2442
52870,40.7909
52871,41.3907
52872,42.6686
52873,37.1079
52874,40.1738
52875,42.3777
52876,43.5421
52877,44.2689
52878,41.4924
52879,38.8673
52880,42.6018
52881,40.5885
52882,42.6879
52883,38.7587
52884,41.9067
52885,39.2
52886,37.9898
52887,38.3818
52888,40.7994
52889,41.0411
52890,39.178
52891,37.3982
52892,37.7299
52893,39.7546
52894,41.8877
52895,42.5815
52896,40.7404
52897,44.3177
52898,37.7697
52899,41.365
52900,40.7882
52901,40.3666
52902,37.5248
52903,38.8488
52904,37.7112
52905,37.5633
52906,40.6839
52907,43.1836
52908,45.3905
52909,43.856
52910,39.5777
52911,37.3427
52912,42.7362
52913,38.1492
52914,39.4624
52915,40.8478
52916,40.5072
52917,36.6813
52918,40.8275
52919,40.5089
52920,41.4733
52921,41.7457
52922,41.816
52923,35.9983
52924,38.5147
52925,39.5729
52926,41.4371
52927,38.4865
52928,42.0631
52929,38.4244
52930,40.7164
52931,40.6251
52932,44.061
52933,39.5735
52934,37.7872
52935,36.8982
52936,38.1919
52937,38.2415
52938,45.2573
52939,40.7932
52940,41.2464
52941,42.2809
52942,37.9836
52943,42.6427
52944,42.985
52945,39.1394
52946,36.1173
52947,38.8101
52948,43.1255
52949,43.1988
52950,40.2374
52951,39.5254
52952,39.5422
52953,41.1739
52954,39.7437
52955,40.0574
52956,40.1205
52957,40.3871
52958,40.4524
52959,39.1754
52960,37.7903
52961,38.9379
52962,38.087
52963,39.5493
52964,40.2446
52965,42.3768
52966,39.4985
52967,39.1836
52968,41.5789
52969,39.9587
52970,39.0353
52971,41.9124
52972,35.9536
52973,36.9772
52974,41.4636
52975,38.4329
52976,39.6538
52977,42.7284
52978,40.0328
52979,39.0589
52980,39.2651
52981,40.1081
52982,40.4602
52983,40.6817
52984,41.0931
52985,41.91
52986,38.0243
52987,35.1552
52988,38.9198
52989,41.958
52990,37.9261
52991,38.9483
52992,39.1558
52993,39.4144
52994,38.8448
52995,42.1239
52996,39.2036
52997,40.2457
52998,39.5184
52999,39.9361
53000,39.3923
53001,40.4423
53002,41.6879
53003,40.8011
53004,41.8959
53005,37.0728
53006,38.8825
53007,35.5664
53008,40.7204
53009,41.1211
53010,36.3909
53011,39.1687
53012,38.1946
53013,42.4472
53014,42.6086
53015,42.9115
53016,40.0231
53017,38.2532
53018,40.5219
53019,44.2764
53020,41.3188
53021,40.1438
53022,42.287
53023,37.6746
53024,39.6926
53025,43.109
53026,40.2238
53027,42.0188
53028,40.5056
53029,41.684
53030,35.955
53031,38.4246
53032,37.5547
53033,38.4311
53034,37.5648
53035,38.7636
53036,39.1172
53037,38.9448
53038,41.5727
53039,37.6691
53040,40.7748
53041,38.634
53042,40.5806
53043,36.67
53044,40.7946
53045,44.0441
53046,41.4158
53047,39.4499
53048,41.2899
53049,46.6729
53050,42.9386
53051,39.0362
53052,39.133
53053,39.1717
53054,40.2566
53055,40.3617
53056,40.7586
53057,40.7556
53058,41.2535
53059,39.5564
53060,39.8
53061,38.0665
53062,38.1919
53063,40.6312
53064,41.7134
53065,41.8369
53066,41.8577
53067,42.2157
53068,38.4327
53069,40.7424
53070,40.051
53071,41.1621
53072,38.2263
53073,37.2492
53074,41.648
53075,37.8059
53076,38.0315
53077,46.6879
53078,40.1018
53079,35.7536
53080,39.9048
53081,38.0733
53082,41.0978
53083,41.2575
53084,39.3253
53085,41.561
53086,41.8285
53087,40.3161
53088,37.3893
53089,42.501
53090,37.6918
53091,41.0093
53092,41.1348
53093,36.7916
53094,40.8529
53095,41.9157
53096,37.4574
53097,37.5319
53098,37.7621
53099,42.8859
53100,40.0062
53101,40.4566
53102,38.6482
53103,37.7755
53104,38.784
53105,38.8276
53106,39.0139
53107,42.3322
53108,39.4539
53109,39.534
53110,39.69
53111,39.7882
53112,39.802
53113,39.9134
53114,40.1365
53115,40.2884
53116,40.3444
53117,42.6593
53118,40.9012
53119,41.0509
53120,41.2479
53121,41.7097
53122,39.1205
53123,39.2846
53124,38.3004
53125,38.0167
53126,42.4083
53127,43.4764
53128,38.6343
53129,43.4243
53130,36.7813
53131,37.9794
53132,40.4673
53133,38.2708
53134,41.8186
53135,40.9344
53136,38.9147
53137,37.9915
53138,38.7052
53139,36.8161
53140,38.9132
53141,40.0271
53142,40.4197
53143,39.4219
53144,38.4748
53145,36.5725
53146,42.824
53147,38.142
53148,38.2168
53149,36.29
53150,40.3405
53151,38.3819
53152,40.545
53153,39.8252
53154,40.0166
53155,43.7543
53156,40.9739
53157,41.1611
53158,43.3573
53159,42.2494
53160,38.7892
53161,38.1608
53162,40.1934
53163,40.0554
53164,42.0845
53165,40.1688
53166,39.4919
53167,43.7809
53168,39.9485
53169,41.0678
53170,40.4997
53171,40.5082
53172,41.7545
53173,37.9944
53174,41.4976
53175,46.497
53176,40.0928
53177,40.2784
53178,37.737
53179,37.0767
53180,41.1597
53181,42.4108
53182,36.7541
53183,39.3625
53184,40.3597
53185,39.071
53186,37.5899
53187,39.7625
53188,39.8001
53189,40.1415
53190,40.2319
53191,37.4237
53192,40.9932
53193,39.0016
53194,40.0248
53195,39.137
53196,41.614
53197,36.6933
53198,40.7582
53199,40.776
53200,36.0248
53201,37.9906
53202,38.06
53203,38.2695
53204,40.7056
53205,39.1754
53206,44.5256
53207,39.7101
53208,40.0289
53209,43.0783
53210,40.4647
53211,41.5561
53212,42.4332
53213,42.2544
53214,38.705
53215,37.8152
53216,36.9495
53217,39.0647
53218,44.3049
53219,40.8879
53220,39.7629
53221,39.8597
53222,40.4408
53223,40.7681
53224,40.142
53225,42.3662
53226,40.4516
53227,38.7527
53228,40.8639
53229,38.3774
53230,38.8925
53231,39.716
53232,42.2269
53233,39.5954
53234,38.176
53235,42.263
53236,38.4335
53237,42.1137
53238,40.634
53239,41.7829
53240,40.0939
53241,40.3572
53242,36.4945
53243,42.5144
53244,34.5917
53245,39.9816
53246,41.0028
53247,38.7216
53248,37.943
53249,41.9809
53250,38.4107
53251,39.4331
53252,42.1896
53253,41.1107
53254,41.2381
53255,41.5135
53256,41.7254
53257,42.1988
53258,39.2724
53259,39.3022
53260,42.344
53261,39.759
53262,40.0076
53263,40.5136
53264,40.7244
53265,42.4672
53266,43.3226
53267,39.3926
53268,38.3316
53269,38.3961
53270,38.1622
53271,40.8412
53272,41.0079
53273,39.8854
53274,42.2593
53275,40.2822
53276,40.9986
53277,38.6452
53278,38.6793
53279,38.7134
53280,37.7567
53281,40.2787
53282,43.3065
53283,39.5501
53284,39.623
53285,39.7212
53286,38.9918
53287,39.1575
53288,37.253
53289,37.3009
53290,37.3618
53291,38.5641
53292,39.0791
53293,41.1644
53294,39.3577
53295,40.1964
53296,39.37
53297,41.6713
53298,41.7181
53299,42.0381
53300,43.8617
53301,38.8704
53302,38.4738
53303,40.9647
53304,43.1503
53305,40.2142
53306,40.6305
53307,37.3303
53308,36.0598
53309,38.0595
53310,37.289
53311,38.9126
53312,38.0832
53313,40.3102
53314,40.352
53315,38.9299
53316,42.3268
53317,39.8007
53318,39.9345
53319,38.2568
53320,41.6189
53321,39.919
53322,41.0666
53323,42.3153
53324,39.9194
53325,40.1625
53326,40.6421
53327,41.6725
53328,42.4458
53329,42.4764
53330,41.9707
53331,42.0054
53332,44.2956
53333,45.5699
53334,42.3816
53335,38.2308
53336,39.5475
53337,38.8545
53338,37.9505
53339,40.4103
53340,40.9685
53341,34.0316
53342,41.7592
53343,37.8369
53344,36.3425
53345,42.3608
53346,37.2479
53347,40.4829
53348,35.6125
53349,37.3492
53350,39.6833
53351,40.0767
53352,35.5097
53353,39.8437
53354,40.1706
53355,38.696
53356,40.0673
53357,37.7905
53358,42.8148
53359,42.9071
53360,39.1387
53361,41.3245
53362,39.7539
53363,39.7039
53364,43.6876
53365,36.1668
53366,42.925
53367,41.5433
53368,38.2094
53369,38.7649
53370,45.9898
53371,40.8227
53372,39.4565
53373,39.6785
53374,37.3196
53375,41.8421
53376,44.049
53377,37.5469
53378,37.2846
53379,41.2319
53380,41.2982
53381,43.5125
53382,38.351
53383,38.0725
53384,41.8306
53385,42.0769
53386,40.5579
53387,39.1527
53388,38.2543
53389,41.3142
53390,38.3497
53391,37.6687
53392,39.7508
53393,39.4403
53394,36.6681
53395,36.8419
53396,40.192
53397,38.1705
53398,38.4452
53399,38.5766
53400,38.906
53401,38.9306
53402,39.3428
53403,39.9549
53404,39.443
53405,43.6105
53406,40.7123
53407,35.3339
53408,38.7058
53409,42.2317
53410,41.1473
53411,43.4425
53412,41.5241
53413,40.7975
53414,37.8253
53415,37.4936
53416,39.5499
53417,37.9239
53418,43.5604
53419,37.6864
53420,38.889
53421,38.3455
53422,38.4011
53423,41.1677
53424,40.6178
53425,43.7094
53426,39.7313
53427,37.324
53428,42.7093
53429,41.1177
53430,39.4603
53431,41.5527
53432,38.8101
53433,39.9009
53434,38.2956
53435,41.3072
53436,38.3692
53437,43.4032
53438,36.5788
53439,42.7786
53440,41.8327
53441,36.879
53442,43.0359
53443,42.6856
53444,38.2235
53445,38.7877
53446,38.8252
53447,38.8336
53448,42.3256
53449,39.3503
53450,39.4982
53451,40.276
53452,36.9169
53453,40.1476
53454,41.3771
53455,43.3118
53456,43.38
53457,36.7476
53458,43.3815
53459,41.2157
53460,41.4863
53461,39.0276
53462,38.3675
53463,43.2447
53464,39.2969
53465,37.4811
53466,40.2651
53467,36.3565
53468,38.519
53469,39.5398
53470,36.5934
53471,36.64
53472,38.7996
53473,38.3393
53474,39.5198
53475,39.7876
53476,43.2272
53477,39.3543
53478,41.7593
53479,40.9402
53480,41.1889
53481,41.2971
53482,41.7817
53483,38.2654
53484,37.8301
53485,38.9579
53486,41.3067
53487,39.5966
53488,40.3001
53489,39.3786
53490,40.1098
53491,41.0827
53492,40.7759
53493,39.342
53494,38.5151
53495,37.5622
53496,38.0711
53497,40.1848
53498,40.3368
53499,40.3644
53500,38.7924
53501,39.942
53502,40.1581
53503,40.9613
53504,37.0807
53505,38.1442
53506,39.2469
53507,37.2883
53508,37.5383
53509,39.6765
53510,38.4065
53511,36.4865
53512,40.3478
53513,38.4103
53514,38.7628
53515,38.3149
53516,41.3928
53517,40.2239
53518,42.3005
53519,39.5376
53520,40.7349
53521,39.8924
53522,40.0161
53523,41.3328
53524,37.8211
53525,39.1136
53526,41.6771
53527,41.7207
53528,42.7981
53529,38.3613
53530,38.5591
53531,39.7925
53532,40.0076
53533,40.5248
53534,44.615
53535,37.5581
53536,35.647
53537,39.2501
53538,39.5993
53539,39.711
53540,40.5582
53541,38.7212
53542,38.8361
53543,38.8871
53544,37.3079
53545,40.8778
53546,42.3353
53547,39.3437
53548,38.3796
53549,37.6732
53550,38.8915
53551,37.941
53552,39.9119
53553,40.4722
53554,39.7757
53555,37.3675
53556,41.8961
53557,43.3833
53558,39.5869
53559,40.6535
53560,40.7221
53561,39.8549
53562,40.4544
53563,40.5317
53564,38.7887
53565,40.2188
53566,41.1208
53567,45.3445
53568,41.8961
53569,38.2589
53570,39.5394
53571,40.2547
53572,37.3099
53573,41.5124
53574,36.6256
53575,42.9448
53576,38.407
53577,41.5284
53578,38.2562
53579,42.8576
53580,37.2389
53581,38.9201
53582,37.262
53583,39.6438
53584,41.5988
53585,41.6265
53586,38.27
53587,40.3843
53588,36.6105
53589,35.1747
53590,40.3153
53591,35.8403
53592,41.5647
53593,40.7197
53594,38.5955
53595,41.7998
53596,41.8888
53597,38.1762
53598,37.3823
53599,39.3907
53600,37.4868
53601,36.5953
53602,35.6233
53603,39.7926
53604,42.9651
53605,40.5875
53606,41.9989
53607,42.0556
53608,38.156
53609,37.4214
53610,37.6711
53611,38.2718
53612,36.5873
53613,44.7745
53614,36.9153
53615,39.9238
53616,37.1067
53617,37.2467
53618,37.271
53619,37.4499
53620,41.1313
53621,38.3216
53622,38.353
53623,41.4762
53624,38.575
53625,38.9298
53626,39.0101
53627,40.0443
53628,38.2818
53629,38.8169
53630,37.4605
53631,37.5364
53632,44.552
53633,41.0515
53634,41.1524
53635,40.3238
53636,38.5598
53637,38.0232
53638,41.5978
53639,41.6347
53640,38.3845
53641,42.6988
53642,39.1745
53643,43.9249
53644,38.1381
53645,40.1444
53646,36.4605
53647,41.5766
53648,38.6791
53649,41.8118
53650,39.996
53651,37.1101
53652,39.871
53653,37.3853
53654,39.4876
53655,36.8909
53656,37.3688
53657,40.9844
53658,43.1564
53659,41.3952
53660,42.0871
53661,37.3926
53662,39.4905
53663,41.559
53664,38.1249
53665,41.1613
53666,39.2031
53667,37.3333
53668,41.727
53669,40.0654
53670,39.3231
53671,41.6814
53672,40.1392
53673,38.1101
53674,39.487
53675,39.5284
53676,36.8832
53677,39.9026
53678,40.9176
53679,39.9629
53680,40.372
53681,40.8513
53682,39.8752
53683,39.1784
53684,41.9335
53685,40.0756
53686,42.1484
53687,38.1585
53688,38.3493
53689,36.6234
53690,38.6981
53691,38.2228
53692,40.3291
53693,37.791
53694,38.8497
53695,40.5078
53696,39.9483
53697,40.2393
53698,42.436
53699,41.7831
53700,35.8959
53701,35.9224
53702,36.0272
53703,42.4878
53704,36.5708
53705,36.6851
53706,39.3877
53707,41.0097
53708,38.084
53709,38.388
53710,40.6644
53711,39.7978
53712,39.931
53713,40.1173
53714,38.3187
53715,38.8273
53716,39.0813
53717,41.5563
53718,39.5689
53719,40.6603
53720,38.4709
53721,40.7624
53722,38.488
53723,40.0715
53724,44.1336
53725,43.5023
53726,39.0786
53727,37.2278
53728,41.7076
53729,42.8349
53730,36.8132
53731,38.0712
53732,40.3316
53733,37.8178
53734,40.2621
53735,40.3913
53736,39.5943
53737,39.3764
53738,35.6621
53739,40.8717
53740,41.2656
53741,41.681
53742,42.741
53743,40.0819
53744,41.876
53745,38.9587
53746,37.9382
53747,39.2168
53748,41.8597
53749,42.2125
53750,39.3161
53751,41.3183
53752,35.9118
53753,41.1587
53754,39.1946
53755,43.2408
53756,45.4359
53757,39.4261
53758,41.7036
53759,38.8131
53760,41.8559
53761,42.1878
53762,42.4014
53763,43.5319
53764,40.3096
53765,37.1957
53766,38.8917
53767,39.1289
53768,38.4824
53769,39.7996
53770,42.0299
53771,40.5488
53772,40.616
53773,39.1592
53774,41.7693
53775,44.061
53776,41.1373
53777,42.2556
53778,42.264
53779,41.8203
53780,38.7981
53781,44.3571
53782,39.4777
53783,37.7856
53784,38.029
53785,40.601
53786,39.0111
53787,41.2735
53788,40.9664
53789,41.1425
53790,41.716
53791,41.9263
53792,42.1241
53793,43.0771
53794,43.3024
53795,38.5015
53796,39.5718
53797,45.2797
53798,36.5769
53799,42.8975
53800,36.8256
53801,42.4395
53802,42.7718
53803,39.7888
53804,36.5593
53805,37.4447
53806,39.6128
53807,39.6212
53808,40.7933
53809,41.2287
53810,37.5391
53811,41.655
53812,39.8157
53813,40.8546
53814,40.3711
53815,43.1169
53816,39.6032
53817,41.7448
53818,38.6821
53819,39.6806
53820,39.7064
53821,40.5246
53822,40.6509
53823,41.1187
53824,37.2189
53825,40.852
53826,43.1518
53827,36.8421
53828,40.9094
53829,40.2194
53830,38.0043
53831,38.4847
53832,38.5408
53833,39.4831
53834,40.6528
53835,40.8546
53836,40.9028
53837,41.0322
53838,40.8374
53839,40.9094
53840,39.5636
53841,35.7918
53842,39.7294
53843,38.3338
53844,38.1362
53845,36.2404
53846,39.4698
53847,38.0179
53848,39.3214
53849,40.5176
53850,40.671
53851,38.752
53852,38.2448
53853,38.5827
53854,40.4369
53855,42.6225
53856,40.6836
53857,43.4485
53858,36.639
53859,34.1663
53860,40.0494
53861,47.2039
53862,40.5599
53863,41.6528
53864,36.8759
53865,42.0471
53866,43.7513
53867,39.0157
53868,40.4142
53869,39.5789
53870,38.6152
53871,39.904
53872,41.9124
53873,41.2474
53874,42.1849
53875,44.5477
53876,41.3676
53877,41.7254
53878,40.845
53879,41.8644
53880,39.899
53881,39.6841
53882,38.9243
53883,41.9313
53884,38.8867
53885,37.4808
53886,37.6097
53887,40.2763
53888,41.2723
53889,38.9912
53890,39.1979
53891,41.3901
53892,42.5481
53893,39.6992
53894,38.9942
53895,40.6517
53896,36.6319
53897,41.7854
53898,39.8672
53899,42.8797
53900,39.8907
53901,36.3756
53902,43.0178
53903,41.5384
53904,37.6723
53905,40.9811
53906,38.8282
53907,38.2673
53908,42.6662
53909,43.3284
53910,39.553
53911,36.8786
53912,37.8931
53913,39.202
53914,38.6652
53915,34.7912
53916,38.6421
53917,38.8009
53918,40.1267
53919,41.2783
53920,39.7476
53921,40.987
53922,37.0776
53923,38.7097
53924,40.7394
53925,42.8509
53926,42.3456
53927,39.5162
53928,39.5534
53929,39.7726
53930,39.8156
53931,42.3519
53932,40.5317
53933,44.4518
53934,39.5305
53935,41.5707
53936,42.2874
53937,42.8393
53938,42.8593
53939,41.1869
53940,43.3095
53941,40.4087
53942,40.8128
53943,41.9603
53944,41.4672
53945,41.1074
53946,39.5792
53947,39.6571
53948,38.029
53949,39.2299
53950,39.3388
53951,39.4266
53952,41.4541
53953,41.5643
53954,37.3052
53955,43.3158
53956,42.8397
53957,39.1535
53958,39.3002
53959,38.3211
53960,43.3789
53961,39.7003
53962,36.7478
53963,40.0137
53964,37.0902
53965,42.321
53966,41.5927
53967,40.7461
53968,37.9303
53969,40.2717
53970,40.5605
53971,42.6222
53972,41.9085
53973,39.9258
53974,40.0938
53975,40.8267
53976,41.4532
53977,39.5527
53978,41.7205
53979,45.1941
53980,36.7028
53981,43.112
53982,42.2929
53983,39.5243
53984,43.6878
53985,40.9866
53986,41.2906
53987,41.4364
53988,40.026
53989,40.6252
53990,40.8612
53991,35.9159
53992,41.3523
53993,41.9018
53994,36.6736
53995,37.3261
53996,38.8896
53997,40.9518
53998,39.3445
53999,35.4932
54000,41.8702
54001,42.6955
54002,37.7607
54003,41.771
54004,41.8737
54005,38.6336
54006,44.2321
54007,37.2136
54008,36.2724
54009,43.0948
54010,37.6225
54011,42.1872
54012,37.6934
54013,38.127
54014,40.3085
54015,40.4089
54016,41.2728
54017,41.2861
54018,42.8954
54019,33.4578
54020,40.1408
54021,42.245
54022,37.4932
54023,38.6722
54024,42.6654
54025,40.7239
54026,36.9943
54027,39.3454
54028,39.2153
54029,43.3331
54030,41.628
54031,36.4747
54032,37.8552
54033,38.2355
54034,36.4565
54035,40.5395
54036,40.7675
54037,38.4392
54038,42.5279
54039,37.8653
54040,36.3693
54041,43.5277
54042,43.5377
54043,38.6825
54044,39.0338
54045,42.3721
54046,39.7664
54047,41.0086
54048,40.3458
54049,40.3991
54050,40.7645
54051,41.8935
54052,43.7159
54053,36.6309
54054,43.6511
54055,42.5975
54056,39.1004
54057,39.171
54058,41.4646
54059,35.4795
54060,36.9937
54061,40.1566
54062,40.3624
54063,38.2752
54064,39.6629
54065,40.1655
54066,39.2715
54067,35.9908
54068,41.4521
54069,38.8389
54070,41.0389
54071,40.1438
54072,38.2516
54073,38.6775
54074,42.238
54075,42.2699
54076,39.6059
54077,43.41
54078,40.7279
54079,36.758
54080,39.9143
54081,41.082
54082,39.1841
54083,40.2995
54084,35.6311
54085,40.743
54086,35.3359
54087,35.5448
54088,39.3664
54089,40.1056
54090,38.5299
54091,42.2396
54092,39.39
54093,39.5774
54094,39.5903
54095,39.7001
54096,39.8482
54097,39.907
54098,40.2726
54099,37.8746
54100,41.4796
54101,42.4293
54102,42.4432
54103,39.5476
54104,42.5997
54105,40.1463
54106,41.6514
54107,44.5666
54108,42.4967
54109,37.7354
54110,39.0621
54111,41.3138
54112,39.8167
54113,38.8251
54114,41.8989
54115,38.9721
54116,37.2507
54117,38.2727
54118,40.3226
54119,40.0025
54120,43.0109
54121,38.1694
54122,40.6632
54123,39.6726
54124,38.9446
54125,35.4629
54126,45.016
54127,38.6446
54128,39.0397
54129,38.1078
54130,37.4294
54131,40.4099
54132,38.4624
54133,38.7417
54134,40.7929
54135,42.6614
54136,41.8989
54137,38.1016
54138,43.1595
54139,42.7192
54140,39.7629
54141,44.0275
54142,40.0975
54143,40.5493
54144,35.5749
54145,37.8787
54146,41.6602
54147,41.0349
54148,40.5575
54149,40.0054
54150,37.8089
54151,37.8379
54152,39.8852
54153,40.7259
54154,39.7825
54155,41.8225
54156,36.9277
54157,39.3777
54158,38.385
54159,39.116
54160,39.5418
54161,42.6464
54162,40.2275
54163,42.5083
54164,42.7154
54165,40.1769
54166,43.0797
54167,37.5659
54168,37.1831
54169,37.8032
54170,38.192
54171,37.3194
54172,38.7789
54173,39.9994
54174,40.0707
54175,39.0791
54176,40.616
54177,40.265
54178,40.4765
54179,37.1524
54180,37.3489
54181,43.4425
54182,43.6553
54183,44.2568
54184,40.3661
54185,37.5075
54186,38.6233
54187,39.8924
54188,40.0654
54189,39.7095
54190,42.8783
54191,35.9866
54192,40.2651
54193,38.7107
54194,41.7705
54195,42.5424
54196,43.1147
54197,43.2597
54198,41.4423
54199,38.6426
54200,43.7618
54201,39.3023
54202,39.4893
54203,38.9014
54204,40.9327
54205,39.1038
54206,42.3327
54207,41.6176
54208,37.7837
54209,40.7772
54210,41.0281
54211,41.2008
54212,37.5912
54213,38.9501
54214,39.0146
54215,34.7655
54216,38.8132
54217,40.2375
54218,40.7003
54219,38.7232
54220,40.0739
54221,42.1589
54222,38.9229
54223,37.987
54224,39.1188
54225,39.1747
54226,39.1946
54227,39.3916
54228,39.6301
54229,39.6385
54230,39.794
54231,38.8719
54232,39.8876
54233,40.1106
54234,40.1828
54235,40.3317
54236,38.3481
54237,40.4599
54238,37.5036
54239,40.6668
54240,42.8421
54241,38.894
54242,39.9683
54243,40.3175
54244,37.7008
54245,37.7604
54246,41.9085
54247,37.2124
54248,39.3346
54249,42.5739
54250,40.8921
54251,38.2562
54252,42.3057
54253,42.9978
54254,42.0841
54255,40.1718
54256,40.1348
54257,40.8043
54258,42.1138
54259,38.1222
54260,37.3503
54261,41.7463
54262,38.9943
54263,36.5531
54264,38.6126
54265,42.6278
54266,37.0455
54267,39.1043
54268,39.3831
54269,37.5161
54270,39.5983
54271,40.8335
54272,41.187
54273,40.8077
54274,41.8285
54275,41.5031
54276,42.3591
54277,40.5166
54278,36.7899
54279,40.4043
54280,40.819
54281,41.4906
54282,41.5173
54283,39.6334
54284,40.8099
54285,40.3903
54286,37.6658
54287,40.1944
54288,38.978
54289,43.7864
54290,38.9479
54291,43.5736
54292,41.4043
54293,42.3056
54294,38.738
54295,39.9261
54296,37.9345
54297,38.63
54298,39.7012
54299,40.9317
54300,37.584
54301,36.8741
54302,42.7372
54303,38.8482
54304,36.1294
54305,39.2408
54306,39.4388
54307,39.5606
54308,40.3839
54309,40.5325
54310,40.7726
54311,41.0785
54312,38.088
54313,38.1903
54314,41.2173
54315,42.4443
54316,41.5837
54317,38.7129
54318,40.0015
54319,37.0449
54320,37.4817
54321,40.4433
54322,40.5242
54323,40.6401
54324,42.3959
54325,41.6496
54326,36.8966
54327,42.0435
54328,40.5197
54329,36.7612
54330,37.4146
54331,42.5227
54332,40.9475
54333,42.2792
54334,39.3507
54335,41.5074
54336,39.3779
54337,37.4983
54338,41.5341
54339,41.5686
54340,41.9036
54341,38.0369
54342,37.3415
54343,39.5337
54344,38.372
54345,43.3682
54346,39.7817
54347,38.9676
54348,38.6689
54349,38.7631
54350,40.2812
54351,40.6057
54352,38.6325
54353,36.1243
54354,39.2319
54355,40.1487
54356,40.351
54357,40.6493
54358,40.6914
54359,41.1328
54360,39.3691
54361,40.7843
54362,41.0605
54363,41.6162
54364,37.9984
54365,40.0724
54366,40.1586
54367,43.5279
54368,42.5743
54369,42.9722
54370,40.6391
54371,40.9866
54372,39.4433
54373,36.8169
54374,37.0102
54375,37.845
54376,38.7696
54377,39.1727
54378,40.5008
54379,40.6546
54380,39.8686
54381,40.5113
54382,40.911
54383,40.9519
54384,41.1773
54385,42.3663
54386,40.0734
54387,40.084
54388,40.8409
54389,42.8576
54390,40.5667
54391,37.4575
54392,42.0116
54393,37.8579
54394,40.2442
54395,40.2622
54396,43.2865
54397,40.8158
54398,41.0243
54399,41.5355
54400,39.8168
54401,40.3977
54402,40.7147
54403,36.5715
54404,34.9468
54405,40.0222
54406,40.2009
54407,41.2942
54408,37.6426
54409,37.6912
54410,43.29
54411,40.5734
54412,39.8327
54413,39.8536
54414,38.8621
54415,39.0774
54416,41.2227
54417,41.7029
54418,38.7147
54419,35.6911
54420,42.1639
54421,42.0871
54422,42.427
54423,40.743
54424,41.7924
54425,39.2425
54426,39.0926
54427,38.29
54428,39.7518
54429,36.8782
54430,43.9087
54431,41.4173
54432,35.6863
54433,35.7772
54434,38.4314
54435,39.5887
54436,37.8989
54437,38.9244
54438,35.9764
54439,40.0367
54440,38.7002
54441,42.945
54442,40.076
54443,37.1239
54444,40.2054
54445,40.5451
54446,43.0362
54447,38.0446
54448,39.4234
54449,38.7927
54450,41.8066
54451,39.8228
54452,42.3847
54453,42.6863
54454,43.3358
54455,38.3901
54456,41.6763
54457,41.8551
54458,40.9164
54459,41.2436
54460,38.2854
54461,39.1607
54462,40.0769
54463,40.3306
54464,37.5838
54465,38.6396
54466,41.5509
54467,37.5991
54468,38.9581
54469,43.1769
54470,41.2525
54471,38.7489
54472,41.0971
54473,39.3417
54474,40.2278
54475,41.0769
54476,38.5638
54477,40.5783
54478,40.931
54479,36.8446
54480,43.0191
54481,39.3796
54482,40.6005
54483,37.8662
54484,39.0186
54485,39.2731
54486,38.3423
54487,38.7652
54488,41.2652
54489,40.2736
54490,43.1802
54491,42.4868
54492,35.5765
54493,40.9752
54494,37.5733
54495,37.7569
54496,38.3207
54497,39.8
54498,43.0492
54499,38.8756
54500,42.1965
54501,40.2868
54502,41.8262
54503,40.6323
54504,40.933
54505,35.3593
54506,40.7152
54507,38.7891
54508,39.7175
54509,41.0242
54510,38.3831
54511,41.4224
54512,34.8069
54513,39.9168
54514,40.6239
54515,38.6959
54516,36.4418
54517,36.4573
54518,35.4031
54519,39.1765
54520,39.313
54521,38.0578
54522,41.0151
54523,38.6601
54524,41.0174
54525,44.127
54526,39.3274
54527,41.538
54528,42.7912
54529,38.1413
54530,41.3798
54531,36.862
54532,39.3067
54533,34.5127
54534,37.0721
54535,36.9589
54536,40.92
54537,38.1991
54538,41.974
54539,39.7888
54540,41.9535
54541,37.7563
54542,38.0716
54543,43.3861
54544,42.6819
54545,41.9499
54546,41.5585
54547,40.0087
54548,38.585
54549,40.2905
54550,39.5804
54551,40.237
54552,36.3364
54553,41.8976
54554,36.118
54555,45.1708
54556,42.5767
54557,43.1299
54558,35.0466
54559,46.2531
54560,38.3505
54561,41.8406
54562,43.7348
54563,38.8986
54564,39.1358
54565,43.2369
54566,39.4941
54567,39.5178
54568,39.1872
54569,39.3315
54570,39.6647
54571,40.7397
54572,37.8985
54573,41.6628
54574,41.7453
54575,38.8064
54576,39.0992
54577,42.3494
54578,42.4815
54579,40.7718
54580,40.9788
54581,41.3872
54582,43.19
54583,38.2219
54584,41.0106
54585,42.2594
54586,40.2678
54587,38.3125
54588,37.6183
54589,37.7157
54590,41.0575
54591,39.7578
54592,41.7663
54593,40.4316
54594,36.9825
54595,41.5722
54596,37.9342
54597,41.8312
54598,41.9916
54599,39.0359
54600,42.0587
54601,41.567
54602,39.6679
54603,37.5107
54604,40.7844
54605,38.3591
54606,39.4501
54607,37.9674
54608,37.364
54609,41.4083
54610,43.563
54611,37.9638
54612,42.1045
54613,43.3225
54614,39.6022
54615,40.6775
54616,42.4687
54617,41.4789
54618,39.7997
54619,38.599
54620,42.6302
54621,40.762
54622,43.9788
54623,41.3033
54624,39.4631
54625,37.7077
54626,40.0546
54627,40.1971
54628,39.2896
54629,40.3949
54630,39.0009
54631,41.2632
54632,41.9185
54633,41.0614
54634,38.2473
54635,41.5761
54636,42.3612
54637,42.8326
54638,37.5639
54639,39.2176
54640,39.737
54641,36.9766
54642,38.3381
54643,38.5539
54644,39.6619
54645,39.8322
54646,39.6395
54647,37.7503
54648,38.3118
54649,39.5886
54650,38.7281
54651,41.034
54652,39.0536
54653,40.113
54654,39.3451
54655,40.45
54656,39.9406
54657,40.3627
54658,40.4401
54659,40.7292
54660,37.8303
54661,42.4499
54662,41.4643
54663,40.6852
54664,35.8921
54665,43.0691
54666,42.3706
54667,42.0091
54668,36.0499
54669,37.2824
54670,38.0177
54671,38.5726
54672,39.6457
54673,39.7622
54674,39.4218
54675,39.0128
54676,39.8451
54677,40.8491
54678,40.7517
54679,39.8338
54680,39.9372
54681,40.0836
54682,38.4797
54683,39.1298
54684,39.1964
54685,42.3334
54686,39.5072
54687,41.5865
54688,42.7766
54689,43.3292
54690,39.0395
54691,38.173
54692,39.3184
54693,40.3184
54694,40.1371
54695,40.2514
54696,40.4548
54697,41.1921
54698,41.2932
54699,41.3016
54700,37.5456
54701,42.0152
54702,39.1869
54703,40.4938
54704,41.2808
54705,39.2933
54706,41.653
54707,42.0308
54708,39.8398
54709,37.4072
54710,42.5679
54711,38.8017
54712,37.4131
54713,41.5135
54714,37.9945
54715,39.0054
54716,41.6579
54717,41.7635
54718,41.0253
54719,38.0708
54720,36.2221
54721,38.4658
54722,39.7403
54723,40.356
54724,39.8141
54725,40.9505
54726,40.0309
54727,39.2808
54728,41.3285
54729,39.6925
54730,44.0385
54731,41.2105
54732,41.6401
54733,36.1143
54734,36.8547
54735,39.426
54736,38.7336
54737,39.0272
54738,40.8779
54739,40.1249
54740,38.3239
54741,39.5102
54742,37.5751
54743,42.5835
54744,39.9067
54745,36.201
54746,41.4609
54747,39.8815
54748,36.0256
54749,39.1109
54750,42.4557
54751,37.7165
54752,40.7893
54753,38.861
54754,38.8905
54755,39.3705
54756,38.5676
54757,39.9435
54758,39.4306
54759,40.5494
54760,43.8832
54761,40.9369
54762,40.0389
54763,43.2724
54764,41.3291
54765,41.7667
54766,39.3295
54767,39.5143
54768,40.0668
54769,42.5131
54770,44.2848
54771,40.7059
54772,38.4124
54773,39.7448
54774,44.1309
54775,40.9645
54776,42.0782
54777,42.5978
54778,35.6463
54779,38.4229
54780,36.7396
54781,38.9031
54782,40.9797
54783,41.0396
54784,41.2473
54785,41.3265
54786,41.9603
54787,40.5588
54788,37.3842
54789,37.351
54790,40.7589
54791,38.9708
54792,41.1415
54793,39.2745
54794,39.5273
54795,39.7932
54796,39.2291
54797,40.7178
54798,41.1485
54799,41.3511
54800,41.9252
54801,42.5237
54802,43.4347
54803,37.8392
54804,38.0339
54805,39.0057
54806,39.4801
54807,40.2229
54808,40.5287
54809,41.3723
54810,41.4586
54811,41.7198
54812,42.2871
54813,38.5449
54814,39.8264
54815,43.8573
54816,40.3851
54817,41.4111
54818,40.7942
54819,39.8511
54820,38.9962
54821,38.8495
54822,40.0311
54823,40.0912
54824,40.3895
54825,41.7703
54826,38.356
54827,39.4093
54828,39.7866
54829,44.3516
54830,43.5575
54831,39.376
54832,43.6981
54833,40.3936
54834,41.6037
54835,35.3712
54836,42.2266
54837,38.33
54838,39.7308
54839,41.4835
54840,39.7512
54841,40.043
54842,45.3064
54843,39.5553
54844,37.4323
54845,38.6832
54846,39.9135
54847,38.5497
54848,41.3487
54849,41.4336
54850,36.974
54851,44.0459
54852,42.0543
54853,39.1832
54854,40.2497
54855,42.489
54856,43.1231
54857,41.3141
54858,39.1342
54859,38.191
54860,38.3537
54861,39.6343
54862,37.7965
54863,43.2594
54864,39.4625
54865,40.5821
54866,39.8894
54867,43.9522
54868,39.1966
54869,39.8731
54870,43.076
54871,46.3929
54872,37.709
54873,40.5581
54874,39.6011
54875,38.3817
54876,42.4644
54877,38.0096
54878,39.4558
54879,40.4968
54880,40.6211
54881,40.9796
54882,38.6153
54883,42.9465
54884,36.1511
54885,40.6171
54886,40.9158
54887,38.1484
54888,40.5421
54889,45.8339
54890,41.2569
54891,39.9718
54892,44.3537
54893,43.7424
54894,42.4824
54895,38.9231
54896,41.2212
54897,36.4188
54898,40.2878
54899,44.612
54900,40.8112
54901,38.5153
54902,38.5627
54903,38.5725
54904,42.1843
54905,40.2039
54906,38.888
54907,38.3589
54908,36.952
54909,39.1132
54910,37.7433
54911,38.0877
54912,40.6252
54913,40.7027
54914,41.5555
54915,42.0355
54916,40.4608
54917,42.4871
54918,38.7454
54919,40.7538
54920,42.9395
54921,39.1499
54922,43.4174
54923,38.508
54924,39.5164
54925,39.7304
54926,41.912
54927,36.9836
54928,39.1791
54929,39.4776
54930,39.5737
54931,39.1101
54932,40.1764
54933,45.4353
54934,40.5503
54935,42.0205
54936,39.4881
54937,42.7903
54938,39.0457
54939,43.4223
54940,40.4914
54941,41.7664
54942,41.6927
54943,36.8715
54944,37.9253
54945,39.062
54946,39.2212
54947,38.2297
54948,38.8612
54949,36.2665
54950,37.2854
54951,40.3953
54952,37.6743
54953,38.2408
54954,39.488
54955,41.5749
54956,41.7859
54957,39.9666
54958,42.2705
54959,39.3406
54960,41.6661
54961,42.6942
54962,43.8097
54963,42.1751
54964,39.4839
54965,40.3189
54966,43.5371
54967,37.3533
54968,39.5642
54969,41.0534
54970,38.4924
54971,40.0091
54972,42.1893
54973,41.1446
54974,40.4795
54975,37.5895
54976,42.2313
54977,36.97
54978,39.2474
54979,41.1188
54980,37.8358
54981,39.0066
54982,41.0177
54983,40.1967
54984,40.3037
54985,38.8272
54986,39.903
54987,41.076
54988,41.5097
54989,38.4876
54990,39.4838
54991,38.4276
54992,37.6555
54993,40.9429
54994,40.0418
54995,40.7031
54996,40.7571
54997,38.9185
54998,39.8603
54999,37.4101
55000,40.5998
55001,39.7647
55002,39.4809
55003,40.8563
55004,40.8647
55005,41.3992
55006,36.4863
55007,37.0078
55008,42.7359
55009,39.9311
55010,40.3814
55011,37.452
55012,40.9236
55013,39.518
55014,42.5817
55015,36.7652
55016,39.464
55017,39.7602
55018,43.9376
55019,43.0749
55020,40.0866
55021,39.6118
55022,39.7615
55023,44.8041
55024,38.8235
55025,41.3134
55026,37.5098
55027,43.7431
55028,39.8307
55029,39.7487
55030,36.4876
55031,43.465
55032,43.7276
55033,39.7905
55034,41.0755
55035,39.9882
55036,39.1392
55037,40.7748
55038,40.4295
55039,37.6521
55040,37.7375
55041,40.6086
55042,36.99
55043,38.2527
55044,39.9219
55045,40.1235
55046,40.5534
55047,41.1127
55048,40.2231
55049,37.8662
55050,40.8746
55051,39.9769
55052,40.1043
55053,41.5556
55054,37.6769
55055,37.7204
55056,41.883
55057,39.4981
55058,40.231
55059,43.3866
55060,43.402
55061,38.8327
55062,38.8908
55063,39.1486
55064,39.8074
55065,41.0964
55066,40.2716
55067,42.7442
55068,36.3584
55069,37.5991
55070,36.8064
55071,39.5453
55072,39.9584
55073,38.205
55074,39.4252
55075,40.5907
55076,40.1568
55077,39.3339
55078,39.4423
55079,40.1358
55080,42.2453
55081,41.4263
55082,41.6957
55083,40.735
55084,41.7612
55085,42.8337
55086,39.8688
55087,37.8772
55088,40.1868
55089,44.5456
55090,45.0385
55091,41.4012
55092,41.4096
55093,40.4566
55094,43.8448
55095,42.6537
55096,35.9267
55097,38.5195
55098,40.5769
55099,39.8366
55100,43.3974
55101,36.269
55102,38.8147
55103,42.2831
55104,43.5074
55105,38.5848
55106,37.6045
55107,39.1539
55108,39.2404
55109,38.6797
55110,39.8603
55111,43.0288
55112,40.5418
55113,43.0245
55114,42.1303
55115,41.2865
55116,43.5577
55117,41.82
55118,40.3171
55119,40.486
55120,42.5826
55121,39.0277
55122,41.8596
55123,41.6974
55124,42.0835
55125,42.1653
55126,38.9926
55127,37.5565
55128,39.6331
55129,38.4127
55130,39.5749
55131,38.8173
55132,38.93
55133,35.5598
55134,40.0634
55135,42.5271
55136,45.2488
55137,42.6543
55138,39.148
55139,44.2641
55140,40.4953
55141,40.841
55142,39.1455
55143,41.773
55144,39.4075
55145,37.6088
55146,37.9307
55147,37.3994
55148,40.8824
55149,37.2445
55150,34.5024
55151,40.7149
55152,41.8693
55153,41.3292
55154,41.3427
55155,43.4893
55156,38.9134
55157,38.9553
55158,37.155
55159,39.4697
55160,40.9512
55161,40.8458
55162,42.2007
55163,39.3567
55164,38.5507
55165,42.4583
55166,35.2164
55167,44.0948
55168,39.2588
55169,39.3305
55170,40.0066
55171,38.4556
55172,39.0526
55173,43.4736
55174,39.5453
55175,38.5757
55176,38.5019
55177,40.6947
55178,40.7249
55179,40.8358
55180,41.96
55181,39.7307
55182,43.0568
55183,40.1749
55184,37.2452
55185,39.6305
55186,39.3842
55187,38.3294
55188,41.4152
55189,43.9866
55190,40.1922
55191,36.4066
55192,35.5791
55193,40.6666
55194,41.9658
55195,42.0729
55196,38.4832
55197,39.9047
55198,39.4552
55199,38.9206
55200,41.7679
55201,37.7764
55202,37.9841
55203,39.0685
55204,42.3198
55205,39.3511
55206,38.8251
55207,38.1679
55208,41.4161
55209,39.7271
55210,40.1902
55211,40.4671
55212,38.488
55213,39.0946
55214,42.1184
55215,39.7197
55216,41.3685
55217,36.4332
55218,40.4915
55219,40.4999
55220,39.5918
55221,37.9528
55222,40.8199
55223,40.8374
55224,39.1506
55225,39.2554
55226,38.4064
55227,39.9583
55228,40.5618
55229,40.7459
55230,40.9874
55231,41.3418
55232,41.7094
55233,42.696
55234,42.3625
55235,36.7535
55236,39.1206
55237,36.6914
55238,41.8149
55239,38.1662
55240,38.5102
55241,39.5187
55242,37.5838
55243,41.0447
55244,39.6803
55245,38.7416
55246,38.841
55247,41.3917
55248,41.4224
55249,38.869
55250,41.9725
55251,38.1324
55252,40.3149
55253,37.3295
55254,35.398
55255,37.5862
55256,37.1783
55257,41.2625
55258,41.5031
55259,39.1587
55260,41.4896
55261,39.7838
55262,39.7582
55263,38.8965
55264,39.4035
55265,35.9302
55266,41.274
55267,38.5761
55268,42.5988
55269,42.6312
55270,45.3513
55271,41.3793
55272,40.4066
55273,39.7799
55274,39.8136
55275,39.8876
55276,39.9516
55277,40.0643
55278,43.3744
55279,43.3646
55280,41.0911
55281,36.7159
55282,40.3089
55283,37.4313
55284,42.9063
55285,36.5943
55286,39.6515
55287,38.3891
55288,42.1441
55289,38.441
55290,41.6193
55291,36.0866
55292,39.1601
55293,40.2145
55294,39.863
55295,37.9203
55296,37.8492
55297,38.764
55298,38.8322
55299,39.8202
55300,42.1835
55301,40.5927
55302,44.7951
55303,40.8409
55304,40.1065
55305,41.4718
55306,39.4976
55307,43.5634
55308,41.857
55309,41.8763
55310,41.1354
55311,43.5868
55312,39.8189
55313,43.8447
55314,40.286
55315,37.352
55316,39.9397
55317,38.2124
55318,42.2923
55319,41.1356
55320,42.6501
55321,40.1475
55322,40.6625
55323,41.131
55324,33.5097
55325,36.7039
55326,37.0385
55327,37.5221
55328,36.8011
55329,38.2143
55330,35.4875
55331,37.4959
55332,38.8317
55333,41.1018
55334,39.184
55335,38.0338
55336,38.0731
55337,38.7584
55338,40.808
55339,42.9701
55340,38.3654
55341,41.5053
55342,39.5537
55343,39.1729
55344,40.7947
55345,40.8265
55346,41.2828
55347,39.882
55348,38.6279
55349,40.0023
55350,43.4436
55351,39.3838
55352,39.4705
55353,41.3526
55354,41.6315
55355,40.5166
55356,37.7056
55357,40.9722
55358,38.3629
55359,39.2401
55360,38.2532
55361,40.749
55362,39.1363
55363,40.174
55364,44.1549
55365,41.3936
55366,40.8544
55367,42.3422
55368,42.5463
55369,43.101
55370,35.2949
55371,40.6039
55372,39.2259
55373,41.3685
55374,36.7706
55375,42.053
55376,42.7209
55377,40.3473
55378,37.3821
55379,39.6796
55380,36.7389
55381,37.8754
55382,38.8951
55383,37.6231
55384,41.7521
55385,38.6953
55386,39.0719
55387,40.2501
55388,42.3887
55389,38.9559
55390,37.442
55391,38.3729
55392,35.4434
55393,40.5569
55394,36.5732
55395,42.9337
55396,36.251
55397,36.2619
55398,40.1525
55399,43.2354
55400,39.46
55401,36.6825
55402,43.7459
55403,39.1318
55404,41.8215
55405,39.0006
55406,41.1653
55407,41.3718
55408,39.8569
55409,36.8859
55410,41.491
55411,38.7599
55412,36.7763
55413,43.9709
55414,38.982
55415,39.1474
55416,44.291
55417,44.3138
55418,43.4242
55419,40.4387
55420,37.5528
55421,38.0173
55422,36.8919
55423,38.9891
55424,39.7099
55425,39.8101
55426,40.9813
55427,41.0976
55428,39.6381
55429,40.0081
55430,40.3572
55431,36.9046
55432,38.5626
55433,37.6348
55434,42.0583
55435,43.0793
55436,43.2427
55437,38.5269
55438,42.5978
55439,42.6216
55440,42.7218
55441,40.5203
55442,39.5333
55443,44.2473
55444,39.8317
55445,42.3343
55446,42.6719
55447,40.6855
55448,42.7156
55449,36.8869
55450,39.0061
55451,36.5557
55452,35.8375
55453,39.832
55454,41.1716
55455,38.2731
55456,38.6422
55457,40.9559
55458,39.9821
55459,40.5867
55460,43.5993
55461,40.7418
55462,40.8308
55463,41.3541
55464,38.399
55465,43.4403
55466,41.7869
55467,38.5718
55468,35.6011
55469,36.936
55470,37.7085
55471,38.3468
55472,38.1795
55473,46.418
55474,39.6195
55475,38.8894
55476,40.6736
55477,41.2288
55478,42.1844
55479,39.6318
55480,36.9236
55481,42.4945
55482,38.5358
55483,42.043
55484,39.217
55485,39.8214
55486,43.4001
55487,40.8397
55488,38.1551
55489,41.4825
55490,44.9926
55491,39.93
55492,40.5467
55493,40.7531
55494,38.811
55495,40.881
55496,37.7833
55497,41.9724
55498,42.5393
55499,39.6314
55500,43.6414
55501,40.9764
55502,40.4065
55503,38.8832
55504,40.2125
55505,40.6755
55506,40.861
55507,39.0121
55508,43.2065
55509,36.0484
55510,40.026
55511,38.4694
55512,37.0692
55513,39.0851
55514,41.1638
55515,37.2877
55516,43.2962
55517,40.1004
55518,40.2526
55519,40.6784
55520,42.6925
55521,40.7486
55522,38.889
55523,39.2076
55524,43.0822
55525,40.7731
55526,40.8363
55527,41.5486
55528,42.7526
55529,42.9529
55530,40.9613
55531,42.9758
55532,40.3873
55533,42.6541
55534,42.9629
55535,45.2293
55536,38.6493
55537,39.6468
55538,40.1574
55539,38.3832
55540,39.8744
55541,37.9656
55542,38.097
55543,36.3708
55544,40.6066
55545,42.9497
55546,36.1687
55547,39.5672
55548,43.5818
55549,39.7523
55550,39.356
55551,38.1265
55552,36.1691
55553,40.4546
55554,45.0202
55555,40.2211
55556,40.2603
55557,43.3654
55558,38.4881
55559,38.6463
55560,42.4313
55561,40.7744
55562,40.9858
55563,40.3417
55564,38.4627
55565,39.1472
55566,41.9352
55567,42.7816
55568,40.8322
55569,38.6191
55570,38.867
55571,40.1474
55572,39.7462
55573,35.2233
55574,37.0686
55575,37.206
55576,43.2378
55577,37.7621
55578,36.9656
55579,37.2013
55580,37.3857
55581,38.7706
55582,39.6476
55583,40.5691
55584,40.6567
55585,39.85
55586,40.0418
55587,39.5264
55588,40.608
55589,40.6344
55590,41.3466
55591,39.471
55592,39.3721
55593,39.704
55594,42.2851
55595,42.6742
55596,42.9115
55597,40.7821
55598,39.3924
55599,36.55
55600,39.8155
55601,36.7307
55602,36.7916
55603,38.0883
55604,37.2614
55605,42.7092
55606,38.7665
55607,38.0976
55608,40.1474
55609,40.1227
55610,41.312
55611,40.802
55612,41.8575
55613,41.7352
55614,41.3723
55615,37.5815
55616,37.0333
55617,39.7879
55618,44.1919
55619,39.0657
55620,40.6445
55621,39.8509
55622,37.8751
55623,36.038
55624,40.5245
55625,38.7925
55626,38.6202
55627,41.5846
55628,39.8766
55629,39.2128
55630,39.9785
55631,40.1475
55632,42.247
55633,38.935
55634,39.1688
55635,37.6786
55636,42.96
55637,38.0543
55638,39.4101
55639,40.7476
55640,40.8957
55641,39.3563
55642,40.7157
55643,40.9308
55644,37.2617
55645,40.5277
55646,37.6487
55647,37.1259
55648,37.7366
55649,39.8928
55650,39.0443
55651,39.0944
55652,39.2047
55653,36.9493
55654,41.1969
55655,40.241
55656,39.3556
55657,39.9603
55658,41.1675
55659,42.3042
55660,40.4604
55661,42.5204
55662,41.7608
55663,44.3332
55664,39.4832
55665,40.0604
55666,42.2707
55667,40.555
55668,40.885
55669,38.9231
55670,43.4735
55671,39.6845
55672,39.3191
55673,35.5246
55674,40.6336
55675,41.5213
55676,41.4867
55677,43.0492
55678,37.1876
55679,43.266
55680,35.6267
55681,37.8082
55682,38.4044
55683,37.0851
55684,41.2317
55685,37.3653
55686,41.7786
55687,38.6743
55688,35.6889
55689,40.6973
55690,37.1429
55691,42.051
55692,35.1678
55693,40.6487
55694,37.9955
55695,36.2435
55696,41.6929
55697,37.7936
55698,36.9551
55699,41.1001
55700,38.1085
55701,37.5053
55702,40.6506
55703,43.2632
55704,37.4893
55705,40.7272
55706,38.8809
55707,42.8904
55708,39.1182
55709,40.4763
55710,38.5132
55711,43.9287
55712,40.3187
55713,39.3646
55714,41.0277
55715,42.1947
55716,41.2814
55717,42.4806
55718,40.9475
55719,43.6472
55720,42.8987
55721,43.1239
55722,42.3464
55723,41.3578
55724,39.7851
55725,40.4477
55726,40.6502
55727,39.7766
55728,39.9511
55729,40.3145
55730,36.9907
55731,42.5079
55732,42.7681
55733,39.8915
55734,42.9591
55735,40.5035
55736,39.3479
55737,39.3753
55738,41.4146
55739,39.9171
55740,39.1525
55741,40.9058
55742,36.9794
55743,39.144
55744,42.2057
55745,36.8294
55746,38.6977
55747,37.7447
55748,36.3555
55749,38.7061
55750,40.822
55751,38.8391
55752,40.9528
55753,40.0849
55754,41.2078
55755,40.468
55756,37.5034
55757,37.5118
55758,41.609
55759,42.6886
55760,43.7808
55761,41.8791
55762,38.9037
55763,38.4007
55764,42.0989
55765,37.8058
55766,40.9813
55767,41.3351
55768,40.7673
55769,38.1276
55770,38.2705
55771,41.3064
55772,38.3787
55773,41.6672
55774,39.0682
55775,39.2533
55776,39.3971
55777,39.4335
55778,43.7523
55779,41.3269
55780,45.3257
55781,40.4622
55782,38.5386
55783,39.5471
55784,39.3857
55785,41.5865
55786,41.1411
55787,41.6941
55788,41.6085
55789,39.1299
55790,41.3097
55791,40.0786
55792,41.2791
55793,38.331
55794,39.0005
55795,40.6607
55796,39.6807
55797,37.7193
55798,39.2689
55799,39.5937
55800,39.8269
55801,40.2427
55802,36.8958
55803,37.6307
55804,42.1643
55805,38.1727
55806,38.3582
55807,38.6744
55808,41.3304
55809,39.9052
55810,38.5585
55811,40.7328
55812,40.9527
55813,41.3844
55814,38.7888
55815,42.4738
55816,40.0985
55817,40.3481
55818,38.0072
55819,42.0379
55820,42.1357
55821,40.305
55822,42.495
55823,38.4443
55824,37.6879
55825,39.3386
55826,40.3266
55827,40.3829
55828,40.5368
55829,41.0316
55830,44.5032
55831,38.7371
55832,38.7703
55833,36.9555
55834,42.8338
55835,43.5867
55836,40.3964
55837,40.9897
55838,37.5253
55839,39.5526
55840,40.1128
55841,40.3183
55842,39.436
55843,36.9283
55844,43.3605
55845,40.6306
55846,39.9443
55847,39.3851
55848,41.8702
55849,39.9267
55850,42.1387
55851,42.594
55852,39.3285
55853,40.4454
55854,39.9578
55855,40.1307
55856,38.4528
55857,38.498
55858,40.9395
55859,39.9863
55860,38.8372
55861,39.9132
55862,39.9227
55863,41.7392
55864,40.9181
55865,42.2716
55866,42.5708
55867,41.9148
55868,40.2952
55869,40.2711
55870,40.9336
55871,41.4084
55872,39.3881
55873,37.3977
55874,39.7406
55875,42.83
55876,40.2677
55877,40.3871
55878,39.0574
55879,38.4922
55880,43.8377
55881,40.7863
55882,42.3123
55883,36.3521
55884,40.5548
55885,39.4956
55886,41.4842
55887,43.9202
55888,39.4553
55889,38.4637
55890,38.673
55891,38.9054
55892,41.5283
55893,37.5458
55894,38.2753
55895,35.4417
55896,40.4501
55897,38.6078
55898,41.0698
55899,42.0099
55900,40.8618
55901,40.7902
55902,39.5828
55903,41.9787
55904,42.7647
55905,35.0109
55906,36.5896
55907,41.6303
55908,44.212
55909,37.435
55910,38.3158
55911,43.8696
55912,36.9572
55913,39.4821
55914,40.2814
55915,41.5659
55916,42.0842
55917,42.1809
55918,41.4267
55919,34.9422
55920,37.0024
55921,41.3936
55922,43.439
55923,41.9918
55924,43.1836
55925,36.5085
55926,36.9267
55927,38.9635
55928,36.1485
55929,41.7811
55930,39.9801
55931,37.3111
55932,37.3196
55933,42.3283
55934,40.5245
55935,38.993
55936,40.1
55937,38.415
55938,40.4044
55939,44.1559
55940,41.9054
55941,41.8687
55942,39.7302
55943,41.8068
55944,38.8152
55945,41.6019
55946,41.1171
55947,42.0594
55948,40.3536
55949,37.8024
55950,38.1761
55951,39.2465
55952,40.2292
55953,41.1316
55954,39.2603
55955,40.7632
55956,42.13
55957,38.4935
55958,37.5456
55959,40.6128
55960,44.0891
55961,37.4501
55962,39.2871
55963,39.376
55964,40.5048
55965,43.5614
55966,36.7377
55967,40.9527
55968,39.3313
55969,39.8652
55970,42.139
55971,41.15
55972,41.3371
55973,42.4308
55974,41.9882
55975,42.875
55976,36.5249
55977,41.9343
55978,43.0417
55979,38.977
55980,36.4342
55981,40.6773
55982,41.322
55983,41.5906
55984,39.8054
55985,39.8546
55986,42.1951
55987,43.0601
55988,42.4086
55989,35.6128
55990,36.7381
55991,43.1993
55992,40.461
55993,41.1436
55994,39.2022
55995,37.9512
55996,43.2433
55997,40.4508
55998,43.7649
55999,38.8835
56000,40.1061
56001,39.4922
56002,41.6018
56003,36.289
56004,36.5731
56005,38.8143
56006,39.9172
56007,37.085
56008,37.6664
56009,40.8659
56010,41.4093
56011,41.5664
56012,41.5288
56013,42.1005
56014,41.2639
56015,44.3466
56016,39.6061
56017,41.965
56018,41.938
56019,40.0196
56020,41.3647
56021,40.187
56022,40.3044
56023,37.4804
56024,40.7624
56025,38.4686
56026,38.3719
56027,38.4789
56028,41.6848
56029,41.8872
56030,38.2301
56031,40.5335
56032,41.1162
56033,36.5308
56034,43.3747
56035,38.453
56036,36.6309
56037,44.5154
56038,38.5959
56039,40.1493
56040,42.3343
56041,40.3427
56042,38.4394
56043,38.7273
56044,41.0886
56045,41.445
56046,40.8921
56047,40.4541
56048,43.0671
56049,35.2042
56050,39.6584
56051,41.7671
56052,36.3836
56053,37.0072
56054,40.4437
56055,41.6027
56056,37.6996
56057,35.708
56058,38.0245
56059,40.2486
56060,38.481
56061,39.8295
56062,39.0709
56063,41.4588
56064,39.5892
56065,39.6356
56066,40.04
56067,39.4304
56068,41.5714
56069,40.7754
56070,36.1482
56071,40.3952
56072,38.4315
56073,38.8483
56074,42.2745
56075,42.0308
56076,42.2173
56077,36.3447
56078,42.1575
56079,38.3052
56080,44.0563
56081,39.7487
56082,35.4509
56083,40.1512
56084,41.7
56085,44.1969
56086,38.0793
56087,41.25
56088,38.6025
56089,39.7272
56090,39.7356
56091,39.3408
56092,39.3492
56093,38.8564
56094,39.5305
56095,40.5563
56096,41.9834
56097,37.7148
56098,38.8243
56099,40.8742
56100,40.081
56101,40.4309
56102,40.0075
56103,39.1925
56104,40.201
56105,39.2218
56106,39.4508
56107,37.7151
56108,40.848
56109,38.4042
56110,38.572
56111,35.0721
56112,38.527
56113,34.7822
56114,40.8217
56115,41.6545
56116,41.8895
56117,41.4039
56118,37.448
56119,35.7709
56120,40.3902
56121,37.5287
56122,39.1539
56123,39.2151
56124,39.8858
56125,43.0097
56126,43.0819
56127,38.1223
56128,35.2877
56129,40.4506
56130,40.4028
56131,38.0137
56132,43.1319
56133,41.5786
56134,39.1942
56135,40.3615
56136,43.5368
56137,40.6497
56138,40.0049
56139,40.1487
56140,38.2329
56141,40.4059
56142,40.4391
56143,42.9165
56144,37.3148
56145,42.5159
56146,37.5243
56147,41.0625
56148,44.278
56149,37.399
56150,42.5957
56151,33.1619
56152,43.2423
56153,40.7551
56154,38.9145
56155,39.1027
56156,41.7051
56157,44.3529
56158,40.9098
56159,37.6946
56160,38.4348
56161,40.2709
56162,36.3647
56163,41.1207
56164,41.7019
56165,39.8611
56166,38.569
56167,39.7353
56168,35.9764
56169,40.1313
56170,39.6073
56171,39.2291
56172,37.6071
56173,37.8182
56174,40.3591
56175,40.5449
56176,36.6693
56177,40.9215
56178,38.0631
56179,39.2787
56180,42.0532
56181,40.7726
56182,41.699
56183,39.9454
56184,42.0582
56185,39.3321
56186,39.7266
56187,41.8306
56188,43.3966
56189,40.4507
56190,40.4819
56191,38.5516
56192,40.9359
56193,37.9486
56194,38.3137
56195,38.3574
56196,40.5802
56197,38.904
56198,37.2154
56199,42.3763
56200,38.9651
56201,41.4092
56202,37.691
56203,41.2505
56204,39.6442
56205,38.689
56206,40.7654
56207,43.9539
56208,40.3794
56209,38.4953
56210,40.6418
56211,38.7719
56212,37.8262
56213,39.0438
56214,37.38
56215,41.4719
56216,41.5576
56217,41.8025
56218,39.5102
56219,38.0423
56220,41.6139
56221,37.7534
56222,44.2423
56223,41.3048
56224,40.996
56225,39.0409
56226,41.222
56227,40.2663
56228,41.374
56229,40.6875
56230,41.8485
56231,39.9753
56232,41.9102
56233,39.5255
56234,43.5961
56235,38.2223
56236,40.4102
56237,39.2904
56238,37.5301
56239,38.5447
56240,39.6883
56241,40.1467
56242,40.1677
56243,39.3519
56244,41.4159
56245,41.4323
56246,41.5579
56247,42.2842
56248,41.5269
56249,46.1873
56250,40.7521
56251,38.7128
56252,40.2891
56253,41.3621
56254,40.0685
56255,36.1988
56256,43.0824
56257,38.2244
56258,37.4915
56259,44.0399
56260,43.7348
56261,41.1658
56262,39.6573
56263,42.2124
56264,37.3481
56265,40.3886
56266,41.473
56267,39.8796
56268,40.4452
56269,41.7817
56270,42.8259
56271,40.8342
56272,39.1716
56273,36.8857
56274,42.005
56275,37.8367
56276,38.3569
56277,38.9506
56278,39.2336
56279,39.3757
56280,37.7877
56281,39.8323
56282,39.3403
56283,40.7944
56284,40.9141
56285,41.0437
56286,39.8106
56287,41.1529
56288,41.1614
56289,43.22
56290,41.548
56291,43.7216
56292,44.0726
56293,42.5847
56294,42.637
56295,44.844
56296,37.8525
56297,41.4594
56298,38.0881
56299,39.3082
56300,38.5098
56301,39.817
56302,39.6174
56303,40.9717
56304,42.1745
56305,42.0498
56306,40.7156
56307,39.7241
56308,40.8982
56309,43.3515
56310,40.682
56311,38.055
56312,40.4852
56313,39.4757
56314,42.1883
56315,38.1967
56316,38.2448
56317,42.5077
56318,36.0369
56319,39.0735
56320,39.3217
56321,36.428
56322,39.6088
56323,39.737
56324,41.1217
56325,40.2256
56326,36.929
56327,40.9125
56328,36.3045
56329,40.3889
56330,39.8366
56331,38.0074
56332,39.0817
56333,39.5006
56334,39.6197
56335,43.2674
56336,41.8674
56337,38.0096
56338,40.3617
56339,41.0148
56340,40.1883
56341,41.3137
56342,42.5364
56343,45.6095
56344,38.7794
56345,40.2282
56346,40.9783
56347,40.6871
56348,35.7998
56349,42.7577
56350,40.4166
56351,39.5409
56352,39.7472
56353,38.8469
56354,38.8554
56355,39.1198
56356,39.9352
56357,40.2376
56358,38.2682
56359,38.3868
56360,38.4013
56361,40.5998
56362,41.0989
56363,36.3584
56364,41.5737
56365,39.7681
56366,37.2937
56367,40.6623
56368,41.1246
56369,41.5726
56370,38.644
56371,43.6593
56372,39.6678
56373,38.7101
56374,39.0154
56375,39.1476
56376,38.6777
56377,37.0007
56378,41.4865
56379,35.689
56380,38.7693
56381,40.7777
56382,41.8048
56383,40.1759
56384,39.2829
56385,38.5955
56386,37.374
56387,36.3941
56388,40.7194
56389,39.3675
56390,37.8105
56391,38.9471
56392,41.0592
56393,37.461
56394,36.6857
56395,39.8958
56396,44.0385
56397,39.5641
56398,41.6233
56399,38.9618
56400,43.4039
56401,41.3525
56402,40.7291
56403,40.8838
56404,42.1367
56405,38.256
56406,38.4043
56407,39.2438
56408,43.2573
56409,41.5705
56410,40.1889
56411,41.6543
56412,42.0419
56413,38.2397
56414,43.2578
56415,42.5199
56416,40.5658
56417,35.0677
56418,41.1344
56419,41.864
56420,42.5668
56421,36.8929
56422,39.7624
56423,41.9251
56424,39.3334
56425,40.2347
56426,40.8571
56427,39.3361
56428,39.4384
56429,41.822
56430,39.8415
56431,38.1218
56432,38.6343
56433,38.6728
56434,43.9967
56435,38.6906
56436,40.3424
56437,39.5551
56438,40.7237
56439,38.1511
56440,40.2176
56441,38.6223
56442,42.6603
56443,42.6874
56444,40.0589
56445,39.654
56446,37.8684
56447,37.13
56448,38.4117
56449,40.5472
56450,38.5896
56451,40.9128
56452,39.9705
56453,40.0506
56454,35.4136
56455,39.725
56456,42.0019
56457,42.402
56458,38.444
56459,42.4759
56460,43.2602
56461,39.6174
56462,40.6947
56463,40.4974
56464,40.6399
56465,38.8622
56466,36.9151
56467,40.0165
56468,40.0249
56469,37.3463
56470,39.668
56471,40.2986
56472,42.066
56473,39.0744
56474,41.0203
56475,37.5018
56476,41.0599
56477,38.5818
56478,38.9928
56479,38.2812
56480,39.406
56481,42.4166
56482,39.2106
56483,43.8018
56484,38.8468
56485,37.3449
56486,42.8454
56487,37.5114
56488,38.344
56489,42.7626
56490,41.8796
56491,39.5253
56492,40.9103
56493,41.1662
56494,35.8646
56495,39.7743
56496,39.4136
56497,38.9308
56498,40.0308
56499,40.6112
56500,39.0164
56501,39.3225
56502,40.4368
56503,40.4452
56504,40.8657
56505,40.9776
56506,41.0514
56507,41.4092
56508,42.4528
56509,41.7205
56510,42.8075
56511,40.8373
56512,42.3348
56513,44.5637
56514,39.0282
56515,44.3997
56516,39.4972
56517,39.0042
56518,41.4697
56519,42.2571
56520,42.5752
56521,40.4906
56522,42.2222
56523,40.3289
56524,37.4499
56525,37.8059
56526,39.8205
56527,38.2098
56528,35.234
56529,43.5628
56530,38.6548
56531,39.4836
56532,39.6939
56533,39.5076
56534,40.516
56535,39.5244
56536,37.9822
56537,41.131
56538,39.075
56539,39.2125
56540,39.5941
56541,39.6107
56542,39.7856
56543,40.0005
56544,38.5438
56545,38.9986
56546,39.2395
56547,38.339
56548,38.6432
56549,38.9
56550,39.0744
56551,41.037
56552,36.7328
56553,41.9475
56554,36.9976
56555,42.2054
56556,39.2624
56557,38.7359
56558,39.9064
56559,39.1045
56560,39.4005
56561,41.9591
56562,40.3712
56563,40.4375
56564,35.6423
56565,37.0954
56566,39.7894
56567,36.6605
56568,38.0432
56569,38.3869
56570,38.4727
56571,38.7724
56572,35.9788
56573,40.4406
56574,39.9767
56575,41.3973
56576,40.6988
56577,43.1178
56578,39.542
56579,39.5108
56580,40.9739
56581,41.2657
56582,41.796
56583,41.1946
56584,40.4053
56585,41.9021
56586,39.672
56587,41.8086
56588,42.9316
56589,41.0559
56590,43.3663
56591,38.7545
56592,39.0435
56593,43.2485
56594,41.74
56595,41.7501
56596,38.8078
56597,41.9332
56598,38.9959
56599,39.3463
56600,39.6264
56601,41.7667
56602,40.9539
56603,40.6495
56604,40.7737
56605,38.768
56606,39.8247
56607,38.3882
56608,42.7614
56609,43.8733
56610,38.4507
56611,42.5354
56612,42.677
56613,39.3905
56614,39.5488
56615,38.0781
56616,39.174
56617,40.6848
56618,35.6419
56619,42.6799
56620,38.6932
56621,37.5517
56622,38.7435
56623,39.8726
56624,37.0129
56625,41.1873
56626,41.3952
56627,38.3854
56628,39.4395
56629,40.8143
56630,41.212
56631,40.2205
56632,39.2805
56633,44.3497
56634,43.4438
56635,40.4712
56636,37.5357
56637,40.8785
56638,41.2855
56639,37.9947
56640,42.7497
56641,39.4053
56642,38.4163
56643,39.6093
56644,39.2276
56645,39.426
56646,40.4917
56647,39.5249
56648,39.6535
56649,41.09
56650,42.3478
56651,42.0737
56652,38.1676
56653,38.3846
56654,38.6166
56655,37.3524
56656,40.1024
56657,37.764
56658,41.1375
56659,41.5933
56660,38.6277
56661,42.1857
56662,39.3583
56663,42.6092
56664,38.5771
56665,38.959
56666,41.8293
56667,43.92
56668,44.0032
56669,38.7523
56670,39.8645
56671,42.0114
56672,39.2315
56673,41.8914
56674,39.96
56675,39.4612
56676,42.504
56677,34.7145
56678,40.3153
56679,39.6936
56680,38.22
56681,39.0157
56682,45.0981
56683,37.1483
56684,39.6523
56685,38.8892
56686,38.0572
56687,38.4645
56688,39.651
56689,40.9974
56690,40.0394
56691,44.3625
56692,38.9723
56693,39.1954
56694,40.7434
56695,39.893
56696,40.2445
56697,40.4712
56698,42.7155
56699,38.0523
56700,41.1943
56701,41.8714
56702,37.0625
56703,44.1265
56704,44.2055
56705,39.5345
56706,42.6147
56707,39.681
56708,41.1398
56709,39.108
56710,38.5281
56711,40.1087
56712,36.8166
56713,41.8845
56714,42.3271
56715,37.9308
56716,39.895
56717,39.2029
56718,38.7942
56719,41.4701
56720,41.3091
56721,42.0954
56722,40.1934
56723,42.2296
56724,35.8193
56725,38.8268
56726,44.9162
56727,38.2149
56728,36.4389
56729,38.8134
56730,38.3444
56731,40.3779
56732,39.5719
56733,38.8929
56734,41.0708
56735,36.5739
56736,40.1773
56737,40.2512
56738,37.7071
56739,39.7466
56740,40.9866
56741,41.1695
56742,41.6247
56743,39.0961
56744,37.2511
56745,41.3786
56746,38.1544
56747,41.3249
56748,38.532
56749,40.8099
56750,40.0439
56751,43.3764
56752,38.7388
56753,44.1215
56754,40.4822
56755,39.1598
56756,40.7238
56757,37.8381
56758,40.268
56759,44.5888
56760,40.5853
56761,38.0671
56762,39.116
56763,39.2271
56764,42.4163
56765,35.4327
56766,42.0662
56767,38.9283
56768,42.853
56769,36.724
56770,40.0106
56771,37.6938
56772,39.9905
56773,41.3216
56774,40.2382
56775,39.9687
56776,36.6234
56777,37.5752
56778,41.9328
56779,38.5409
56780,41.098
56781,37.4072
56782,40.109
56783,38.2825
56784,40.4168
56785,40.4427
56786,38.6354
56787,44.9141
56788,39.975
56789,36.2427
56790,41.4371
56791,38.7731
56792,39.8046
56793,41.8625
56794,40.184
56795,41.0435
56796,41.0861
56797,42.0945
56798,38.4367
56799,40.7784
56800,41.0593
56801,38.2719
56802,40.337
56803,38.5544
56804,38.9461
56805,39.2664
56806,39.8021
56807,42.9173
56808,35.9714
56809,40.0371
56810,37.7664
56811,43.7763
56812,40.9657
56813,42.5322
56814,37.9675
56815,36.0857
56816,39.2448
56817,36.4498
56818,39.4644
56819,40.1576
56820,42.5655
56821,41.5825
56822,38.1991
56823,38.3521
56824,39.9576
56825,40.2693
56826,35.5538
56827,38.0704
56828,35.7154
56829,36.0387
56830,39.0715
56831,37.3009
56832,39.4717
56833,38.8055
56834,39.8715
56835,37.0136
56836,39.696
56837,38.7438
56838,40.1152
56839,38.3434
56840,41.6296
56841,36.711
56842,40.0314
56843,41.0813
56844,40.0959
56845,41.2002
56846,41.5021
56847,40.598
56848,37.6307
56849,41.2504
56850,41.5088
56851,39.6831
56852,39.1811
56853,39.6778
56854,43.0688
56855,40.7735
56856,41.3558
56857,36.3939
56858,40.1216
56859,40.4478
56860,43.5019
56861,38.7401
56862,38.8696
56863,41.2232
56864,40.2946
56865,40.2728
56866,40.3284
56867,40.5356
56868,42.8245
56869,41.1567
56870,41.2503
56871,36.7323
56872,42.7977
56873,38.6107
56874,37.9811
56875,35.7835
56876,38.8275
56877,39.9013
56878,39.4235
56879,41.4554
56880,37.6582
56881,40.5617
56882,40.8221
56883,40.8867
56884,40.9781
56885,38.3474
56886,41.4936
56887,38.8344
56888,35.1359
56889,42.5243
56890,40.2707
56891,41.2119
56892,39.1741
56893,37.5118
56894,37.5993
56895,38.026
56896,39.6101
56897,40.7418
56898,37.8979
56899,39.3918
56900,39.5857
56901,39.0239
56902,39.8957
56903,40.7614
56904,41.6681
56905,42.8716
56906,38.6476
56907,35.9574
56908,39.1927
56909,41.6911
56910,39.7588
56911,39.9703
56912,41.3029
56913,39.2042
56914,41.244
56915,39.4223
56916,40.253
56917,36.6715
56918,40.7294
56919,43.7442
56920,40.8956
56921,38.9099
56922,41.4878
56923,41.6964
56924,38.4384
56925,37.9094
56926,39.8502
56927,39.2222
56928,38.5377
56929,39.7124
56930,40.1156
56931,39.2207
56932,40.2597
56933,42.43
56934,35.4879
56935,42.6689
56936,40.9749
56937,40.3473
56938,43.6439
56939,36.7147
56940,40.4973
56941,41.0998
56942,38.6703
56943,38.6787
56944,43.2188
56945,36.7969
56946,41.0438
56947,41.2537
56948,42.0834
56949,42.31
56950,42.3591
56951,41.284
56952,39.1372
56953,42.4219
56954,39.6857
56955,38.1141
56956,42.2499
56957,40.3158
56958,38.2342
56959,43.7128
56960,40.4949
56961,37.7063
56962,36.2466
56963,37.2025
56964,42.3654
56965,38.4764
56966,43.5302
56967,38.7558
56968,42.1365
56969,40.2646
56970,43.3312
56971,38.6982
56972,36.7067
56973,38.8283
56974,39.1396
56975,39.8078
56976,41.7462
56977,41.1975
56978,39.2312
56979,36.0696
56980,40.0874
56981,37.5248
56982,38.0345
56983,40.4759
56984,42.7564
56985,36.8007
56986,40.8587
56987,39.1595
56988,39.4058
56989,39.622
56990,37.6863
56991,40.834
56992,38.3324
56993,41.4772
56994,39.3868
56995,36.4168
56996,34.6107
56997,37.4879
56998,37.7204
56999,38.2967
57000,39.8956
57001,40.1856
57002,42.7541
57003,40.7635
57004,43.144
57005,38.6928
57006,39.9659
57007,43.1433
57008,39.6676
57009,41.9291
57010,42.9907
57011,40.0642
57012,40.3078
57013,38.5348
57014,42.0909
57015,37.0996
57016,41.211
57017,41.2198
57018,41.5296
57019,37.9196
57020,38.3354
57021,42.4179
57022,37.8701
57023,43.0839
57024,43.4231
57025,44.0881
57026,40.2543
57027,39.4645
57028,39.0045
57029,41.2041
57030,41.947
57031,40.7028
57032,40.7434
57033,40.7704
57034,42.1055
57035,44.4896
57036,40.5084
57037,40.5938
57038,38.138
57039,36.5032
57040,39.0636
57041,39.3489
57042,40.6275
57043,40.8565
57044,41.4185
57045,43.1582
57046,40.8591
57047,41.8675
57048,41.8188
57049,38.0659
57050,39.2568
57051,38.0614
57052,40.3127
57053,36.4186
57054,36.5268
57055,38.939
57056,41.0999
57057,39.1648
57058,41.9553
57059,36.9939
57060,40.2214
57061,38.2298
57062,36.9498
57063,43.8803
57064,41.984
57065,40.2607
57066,40.2916
57067,41.5209
57068,39.6327
57069,38.9671
57070,40.1387
57071,38.3297
57072,38.4289
57073,41.4373
57074,41.7585
57075,41.4043
57076,38.5673
57077,39.7848
57078,38.0031
57079,44.1105
57080,39.2452
57081,34.3119
57082,38.8085
57083,34.8588
57084,35.1018
57085,42.9957
57086,40.6389
57087,41.8476
57088,38.3177
57089,39.5158
57090,39.6694
57091,38.9674
57092,40.109
57093,39.3274
57094,39.362
57095,40.6656
57096,39.7414
57097,40.8887
57098,40.4173
57099,41.446
57100,35.6746
57101,42.829
57102,34.0586
57103,42.7838
57104,42.1458
57105,41.4648
57106,38.0362
57107,37.7274
57108,38.9646
57109,42.2849
57110,39.5685
57111,39.8033
57112,36.2141
57113,42.7666
57114,41.2206
57115,40.5125
57116,42.6058
57117,40.78
57118,41.9364
57119,38.8504
57120,41.6057
57121,38.8757
57122,37.9526
57123,38.9868
57124,41.4292
57125,39.8243
57126,41.9311
57127,41.5576
57128,37.7343
57129,39.8593
57130,41.8945
57131,36.7135
57132,37.6947
57133,40.7031
57134,37.7541
57135,39.9593
57136,38.8642
57137,40.9195
57138,41.6616
57139,42.2507
57140,41.3747
57141,36.8623
57142,40.7477
57143,38.3566
57144,39.5043
57145,38.8604
57146,40.6807
57147,34.9446
57148,36.2246
57149,36.5457
57150,37.7314
57151,37.8961
57152,41.9321
57153,39.9466
57154,38.0756
57155,37.5147
57156,41.6075
57157,38.6897
57158,38.9051
57159,40.0491
57160,40.1571
57161,36.7628
57162,38.4489
57163,33.8412
57164,39.1013
57165,41.1097
57166,39.2607
57167,42.881
57168,42.1749
57169,40.5254
57170,35.772
57171,36.4796
57172,39.2307
57173,38.524
57174,42.6916
57175,39.0871
57176,41.1109
57177,36.9682
57178,39.9924
57179,42.303
57180,37.4816
57181,40.8426
57182,41.3019
57183,38.6685
57184,40.2264
57185,37.7422
57186,36.8909
57187,41.1842
57188,38.4729
57189,37.4982
57190,39.5771
57191,40.1895
57192,37.2646
57193,42.3475
57194,42.0554
57195,41.3767
57196,41.1123
57197,42.3574
57198,35.9898
57199,37.6085
57200,38.8929
57201,40.1625
57202,38.8969
57203,40.037
57204,38.6312
57205,41.4561
57206,40.3812
57207,40.5637
57208,40.9108
57209,37.2626
57210,44.3517
57211,42.7743
57212,38.8172
57213,37.4423
57214,43.7102
57215,38.7871
57216,39.1626
57217,38.3913
57218,38.3998
57219,39.6057
57220,38.9748
57221,40.3901
57222,38.4336
57223,37.9876
57224,43.4311
57225,40.4412
57226,39.1232
57227,39.9309
57228,42.3317
57229,38.7958
57230,44.0173
57231,45.7539
57232,40.4804
57233,38.3405
57234,35.4764
57235,36.6742
57236,40.8789
57237,40.4312
57238,42.1563
57239,35.2258
57240,37.3953
57241,38.6792
57242,37.2583
57243,38.5783
57244,41.5867
57245,37.3761
57246,42.3873
57247,39.5096
57248,40.5534
57249,41.5145
57250,38.466
57251,38.7953
57252,39.0961
57253,41.7834
57254,39.8608
57255,40.5596
57256,40.6101
57257,41.1331
57258,39.663
57259,41.7127
57260,41.9118
57261,42.335
57262,43.0259
57263,41.335
57264,41.386
57265,41.9261
57266,38.2031
57267,39.4382
57268,39.6219
57269,41.7208
57270,39.2994
57271,36.0157
57272,41.0673
57273,39.0721
57274,41.4283
57275,43.5818
57276,42.6988
57277,40.7628
57278,40.5215
57279,39.0706
57280,40.0573
57281,37.0753
57282,40.1494
57283,37.1669
57284,37.1754
57285,37.4622
57286,41.1802
57287,41.2265
57288,38.5323
57289,42.0121
57290,39.3996
57291,42.7226
57292,39.9899
57293,37.7522
57294,41.8561
57295,42.2211
57296,37.3263
57297,38.8047
57298,42.7124
57299,42.9144
57300,40.1057
57301,40.9773
57302,40.3591
57303,41.4208
57304,37.4949
57305,41.6133
57306,38.2131
57307,38.1583
57308,38.1936
57309,38.963
57310,40.0142
57311,38.5005
57312,42.7433
57313,37.6805
57314,41.1818
57315,37.9182
57316,38.9967
57317,38.774
57318,39.1919
57319,38.7449
57320,38.9961
57321,39.5763
57322,40.5811
57323,36.8881
57324,44.0267
57325,42.0831
57326,40.4442
57327,36.76
57328,39.2235
57329,39.0009
57330,40.3735
57331,39.9493
57332,38.2327
57333,38.8661
57334,38.5996
57335,38.153
57336,39.3366
57337,36.4227
57338,39.5946
57339,38.9692
57340,41.0716
57341,37.1919
57342,39.9782
57343,38.0956
57344,37.5198
57345,38.5338
57346,39.5648
57347,38.0762
57348,39.1333
57349,42.2349
57350,39.363
57351,37.4568
57352,40.5
57353,39.7052
57354,38.7269
57355,39.9854
57356,40.2591
57357,41.2749
57358,40.2927
57359,37.443
57360,38.8507
57361,40.0395
57362,40.3333
57363,40.504
57364,41.5683
57365,40.5862
57366,41.7779
57367,43.3429
57368,41.409
57369,36.3814
57370,38.4919
57371,35.7841
57372,37.9821
57373,39.043
57374,37.0522
57375,40.2454
57376,39.5281
57377,37.5264
57378,41.676
57379,41.9018
57380,41.2155
57381,39.3447
57382,42.6724
57383,43.3819
57384,41.4267
57385,39.5288
57386,39.5632
57387,44.7649
57388,40.8449
57389,40.8968
57390,37.9455
57391,40.1813
57392,41.275
57393,38.4228
57394,41.4835
57395,41.8218
57396,36.8839
57397,42.0165
57398,40.376
57399,40.4495
57400,40.5161
57401,41.7577
57402,38.0098
57403,43.3311
57404,35.8635
57405,39.5168
57406,40.4568
57407,40.3611
57408,38.7853
57409,40.0209
57410,36.93
57411,38.2791
57412,36.9142
57413,36.2919
57414,40.6377
57415,39.8611
57416,41.3345
57417,40.9533
57418,37.9821
57419,42.066
57420,41.5479
57421,41.0761
57422,38.1404
57423,39.6276
57424,39.883
57425,40.4424
57426,38.8947
57427,39.0553
57428,41.4405
57429,42.8332
57430,37.9187
57431,37.0819
57432,39.478
57433,38.675
57434,40.2488
57435,38.2608
57436,36.6677
57437,39.7952
57438,45.0984
57439,38.4001
57440,38.3304
57441,37.9836
57442,38.0004
57443,40.0243
57444,41.0966
57445,41.4067
57446,39.3736
57447,39.8424
57448,40.1236
57449,40.7782
57450,40.9897
57451,42.0255
57452,36.5373
57453,38.9778
57454,43.2236
57455,41.5606
57456,38.6871
57457,36.7254
57458,38.8321
57459,39.1619
57460,39.3273
57461,35.5251
57462,39.7716
57463,40.8568
57464,44.3491
57465,39.4455
57466,38.5293
57467,37.5875
57468,38.1602
57469,37.9097
57470,39.9756
57471,40.3309
57472,37.8335
57473,38.8536
57474,43.8159
57475,42.023
57476,42.1573
57477,40.6391
57478,39.9737
57479,38.7396
57480,42.0779
57481,38.3564
57482,43.4057
57483,40.4518
57484,39.4602
57485,38.5384
57486,40.5812
57487,36.1585
57488,37.2141
57489,38.4172
57490,41.7442
57491,42.1875
57492,40.1483
57493,38.4353
57494,36.543
57495,40.6134
57496,36.8746
57497,40.0996
57498,38.6759
57499,41.163
57500,41.7611
57501,41.8177
57502,38.8614
57503,45.9597
57504,42.5309
57505,39.7584
57506,36.6913
57507,42.8015
57508,40.4536
57509,43.6932
57510,38.7591
57511,43.0555
57512,43.1821
57513,40.2983
57514,40.5304
57515,36.8143
57516,40.7844
57517,38.9261
57518,37.0615
57519,41.6081
57520,39.3129
57521,35.5668
57522,38.6905
57523,40.9507
57524,41.0455
57525,42.7113
57526,43.9629
57527,41.5431
57528,37.5275
57529,38.1002
57530,40.3373
57531,41.4515
57532,42.979
57533,45.0476
57534,37.1226
57535,38.5422
57536,36.4772
57537,38.81
57538,44.1069
57539,40.2302
57540,38.2641
57541,36.4363
57542,40.3563
57543,40.7301
57544,41.1212
57545,36.08
57546,38.3219
57547,41.8008
57548,39.2348
57549,39.3946
57550,40.403
57551,38.5422
57552,35.623
57553,37.7512
57554,37.7596
57555,41.034
57556,39.2531
57557,38.3116
57558,40.1431
57559,40.3543
57560,41.1117
57561,37.9327
57562,37.4962
57563,39.7016
57564,40.9337
57565,38.5185
57566,40.2855
57567,39.2998
57568,40.3384
57569,42.5721
57570,39.8468
57571,36.7169
57572,43.6179
57573,39.26
57574,38.7571
57575,42.0649
57576,37.3364
57577,42.6781
57578,41.149
57579,39.5073
57580,39.6194
57581,39.0903
57582,39.1304
57583,39.2032
57584,38.8948
57585,39.9191
57586,39.233
57587,37.4704
57588,41.4944
57589,41.5509
57590,42.5593
57591,41.6807
57592,39.5142
57593,42.7189
57594,39.7755
57595,40.0523
57596,37.0803
57597,40.3307
57598,39.5057
57599,37.2228
57600,38.5528
57601,38.171
57602,38.2209
57603,40.3274
57604,38.418
57605,39.5313
57606,38.5489
57607,37.7917
57608,42.042
57609,38.0569
57610,40.5871
57611,38.83
57612,39.0158
57613,41.7682
57614,41.9326
57615,41.122
57616,40.1504
57617,42.3002
57618,41.4883
57619,37.3227
57620,42.8825
57621,43.9071
57622,42.0966
57623,44.2524
57624,44.3246
57625,41.3846
57626,37.4263
57627,38.49
57628,38.8958
57629,38.3397
57630,43.0001
57631,37.2656
57632,41.4112
57633,38.0997
57634,37.6707
57635,40.1607
57636,40.1221
57637,39.0214
57638,42.2173
57639,40.5554
57640,39.7943
57641,37.383
57642,41.5831
57643,35.5552
57644,41.4313
57645,38.5437
57646,36.3675
57647,39.3417
57648,40.7459
57649,40.0262
57650,37.7383
57651,42.95
57652,41.1962
57653,38.4362
57654,36.5528
57655,42.0823
57656,38.214
57657,42.7944
57658,37.7132
57659,38.9116
57660,38.0951
57661,40.2486
57662,41.329
57663,37.4149
57664,41.7632
57665,41.0955
57666,36.1594
57667,39.3916
57668,41.9515
57669,34.0226
57670,40.3981
57671,42.6243
57672,37.0714
57673,38.3396
57674,37.6818
57675,44.7344
57676,42.2403
57677,38.0695
57678,39.5279
57679,40.1757
57680,39.1026
57681,39.4255
57682,39.9823
57683,39.9907
57684,41.5818
57685,39.8175
57686,41.7968
57687,42.991
57688,39.5787
57689,41.6801
57690,39.0392
57691,39.2557
57692,37.9823
57693,40.1483
57694,38.7052
57695,38.7137
57696,40.7896
57697,39.116
57698,39.2703
57699,40.413
57700,37.4214
57701,40.1696
57702,40.9986
57703,41.0724
57704,39.2409
57705,41.3159
57706,39.5731
57707,43.8051
57708,40.6188
57709,37.8064
57710,37.854
57711,41.3785
57712,38.5469
57713,39.4951
57714,40.0493
57715,36.2516
57716,41.327
57717,41.3408
57718,41.5248
57719,37.5677
57720,40.7853
57721,41.7042
57722,38.1679
57723,41.2682
57724,38.8638
57725,42.0671
57726,41.168
57727,41.1999
57728,44.5112
57729,39.7762
57730,43.6841
57731,37.7226
57732,41.6216
57733,41.6411
57734,38.742
57735,41.018
57736,38.0112
57737,38.1363
57738,37.3861
57739,38.3946
57740,40.8424
57741,40.7727
57742,41.5655
57743,38.5253
57744,36.957
57745,41.8135
57746,40.136
57747,40.8374
57748,38.8267
57749,38.2059
57750,42.2144
57751,38.6959
57752,39.9032
57753,39.0309
57754,38.2491
57755,40.8132
57756,40.9344
57757,40.9521
57758,39.0877
57759,41.2833
57760,36.5318
57761,41.8775
57762,42.6943
57763,39.7673
57764,36.1351
57765,43.4916
57766,43.5158
57767,41.8355
57768,43.927
57769,39.6509
57770,39.9697
57771,38.2135
57772,41.3738
57773,39.2021
57774,38.7272
57775,39.8195
57776,39.8335
57777,42.6352
57778,41.936
57779,36.842
57780,42.8504
57781,37.136
57782,38.1142
57783,41.9424
57784,39.2653
57785,37.7451
57786,40.0345
57787,38.4277
57788,41.0463
57789,38.2226
57790,41.231
57791,41.9492
57792,40.012
57793,43.0512
57794,41.061
57795,40.2926
57796,41.4151
57797,41.3523
57798,40.0254
57799,41.7828
57800,39.786
57801,44.6072
57802,36.7719
57803,38.4585
57804,41.5071
57805,43.0396
57806,38.471
57807,36.4801
57808,39.8664
57809,43.3153
57810,39.6257
57811,40.1609
57812,37.2297
57813,38.6172
57814,38.8737
57815,40.7825
57816,36.1498
57817,40.3375
57818,39.4343
57819,35.9041
57820,39.9126
57821,40.254
57822,37.2828
57823,40.4376
57824,39.4775
57825,40.8303
57826,39.4061
57827,42.833
57828,40.9033
57829,43.0915
57830,40.4673
57831,41.5843
57832,40.6949
57833,42.4643
57834,41.5426
57835,35.929
57836,41.78
57837,36.7884
57838,40.7826
57839,39.6187
57840,38.678
57841,40.802
57842,38.2865
57843,41.336
57844,38.4829
57845,38.6751
57846,39.9164
57847,41.9293
57848,40.3853
57849,45.1091
57850,39.8369
57851,42.143
57852,39.9877
57853,44.487
57854,43.4078
57855,43.7779
57856,39.7046
57857,39.5589
57858,39.6049
57859,39.8969
57860,41.0712
57861,41.3469
57862,38.7261
57863,39.6156
57864,42.8239
57865,43.1795
57866,43.6915
57867,39.5702
57868,38.9352
57869,41.9437
57870,36.9838
57871,38.6501
57872,39.4524
57873,38.7927
57874,39.8702
57875,39.0596
57876,35.1829
57877,38.2418
57878,38.8971
57879,42.1229
57880,36.3707
57881,42.4371
57882,43.7833
57883,39.2497
57884,41.3086
57885,39.5567
57886,39.5754
57887,40.083
57888,40.3396
57889,40.3561
57890,37.7639
57891,38.8392
57892,38.1592
57893,40.9885
57894,39.3022
57895,39.7958
57896,40.6829
57897,41.6914
57898,37.9942
57899,40.3879
57900,36.6512
57901,38.0369
57902,38.1309
57903,40.5792
57904,42.675
57905,41.0807
57906,39.158
57907,37.4115
57908,40.5471
57909,39.8541
57910,38.3946
57911,41.427
57912,38.6678
57913,40.0624
57914,39.1599
57915,40.3917
57916,37.3584
57917,39.4743
57918,40.5326
57919,43.621
57920,37.0494
57921,41.4869
57922,42.6353
57923,39.6888
57924,39.7616
57925,39.7745
57926,43.1027
57927,38.4059
57928,37.4452
57929,38.4816
57930,42.2669
57931,40.1154
57932,38.8604
57933,40.0336
57934,39.8161
57935,39.8245
57936,41.1645
57937,37.5242
57938,42.6402
57939,38.7616
57940,40.9782
57941,39.313
57942,39.6884
57943,39.9672
57944,40.1485
57945,40.2879
57946,38.6992
57947,41.2891
57948,40.8088
57949,41.908
57950,38.4295
57951,39.6586
57952,39.7631
57953,41.4116
57954,37.8914
57955,42.9161
57956,40.0523
57957,40.0743
57958,38.6236
57959,39.729
57960,40.08
57961,34.7043
57962,42.2978
57963,39.3828
57964,35.2474
57965,40.9258
57966,39.9535
57967,40.2131
57968,44.2082
57969,37.9861
57970,43.5751
57971,45.2348
57972,39.6563
57973,39.6879
57974,40.9359
57975,38.5841
57976,41.4651
57977,38.9438
57978,41.5112
57979,39.327
57980,39.3369
57981,41.4429
57982,41.5654
57983,41.7367
57984,42.6507
57985,43.3761
57986,43.4246
57987,40.4851
57988,40.5939
57989,38.0503
57990,41.5896
57991,39.958
57992,36.422
57993,36.5008
57994,38.135
57995,42.2216
57996,39.3514
57997,40.0774
57998,40.3949
57999,41.493
58000,44.4237
58001,39.8095
58002,34.0145
58003,41.5573
58004,40.1345
58005,43.143
58006,41.1514
58007,34.5589
58008,39.6822
58009,37.5192
58010,41.0731
58011,38.2955
58012,41.8782
58013,39.1601
58014,41.9999
58015,41.4129
58016,43.1642
58017,40.2602
58018,41.955
58019,43.0032
58020,41.3932
58021,39.6874
58022,36.8648
58023,38.502
58024,38.1131
58025,38.7861
58026,39.8865
58027,39.4784
58028,38.6523
58029,40.7004
58030,41.0675
58031,40.2472
58032,38.7915
58033,36.9451
58034,41.4821
58035,41.7824
58036,42.0771
58037,43.0042
58038,41.1147
58039,39.5311
58040,37.1535
58041,37.7445
58042,38.4139
58043,35.5644
58044,39.3444
58045,39.3765
58046,43.9775
58047,40.3848
58048,37.5617
58049,39.2207
58050,39.4508
58051,42.6212
58052,39.2552
58053,35.304
58054,39.7063
58055,39.7807
58056,39.8127
58057,40.9197
58058,40.2144
58059,37.5821
58060,36.86
58061,41.127
58062,34.4297
58063,39.6766
58064,42.8199
58065,39.9046
58066,39.1027
58067,38.6366
58068,40.0829
58069,40.3474
58070,43.3405
58071,41.6397
58072,42.1221
58073,39.2055
58074,44.4262
58075,38.9706
58076,39.9891
58077,39.0705
58078,39.9006
58079,39.2267
58080,42.2123
58081,43.0697
58082,37.3478
58083,41.1722
58084,37.8127
58085,39.8055
58086,38.4917
58087,38.0687
58088,37.5428
58089,38.361
58090,36.4541
58091,36.6983
58092,39.1199
58093,36.3209
58094,41.3886
58095,39.5089
58096,40.2462
58097,40.739
58098,40.7791
58099,39.8258
58100,39.7292
58101,38.7981
58102,39.9746
58103,39.3281
58104,40.4531
58105,40.7745
58106,42.9475
58107,41.6597
58108,40.8049
58109,42.9482
58110,42.1739
58111,38.3471
58112,40.2095
58113,43.2284
58114,37.5261
58115,39.409
58116,41.7748
58117,39.5227
58118,39.1216
58119,40.8287
58120,41.1112
58121,42.604
58122,40.7661
58123,37.3756
58124,37.2049
58125,37.8192
58126,40.2977
58127,43.3893
58128,39.6162
58129,40.3496
58130,40.4366
58131,41.694
58132,40.7561
58133,40.0937
58134,40.1864
58135,42.213
58136,41.4413
58137,41.2454
58138,41.8013
58139,42.0954
58140,37.1581
58141,43.2496
58142,35.2578
58143,38.146
58144,40.8612
58145,40.7682
58146,35.8325
58147,38.3224
58148,38.3729
58149,38.635
58150,39.8533
58151,40.1717
58152,40.2995
58153,40.4897
58154,39.6389
58155,37.8805
58156,36.9809
58157,40.017
58158,40.1573
58159,40.172
58160,40.2418
58161,40.3284
58162,40.4029
58163,40.4585
58164,41.5882
58165,41.8943
58166,41.2253
58167,39.2867
58168,41.7387
58169,39.7938
58170,39.8655
58171,38.0243
58172,40.4436
58173,42.638
58174,42.8147
58175,38.1301
58176,41.1385
58177,39.2962
58178,41.6697
58179,40.0627
58180,37.4863
58181,41.7703
58182,41.9127
58183,43.0883
58184,39.9033
58185,40.3435
58186,42.472
58187,40.7853
58188,39.1388
58189,44.8158
58190,37.1029
58191,37.283
58192,40.4954
58193,40.7457
58194,42.3706
58195,38.4433
58196,39.6779
58197,40.2839
58198,42.8647
58199,40.1825
58200,38.9523
58201,40.2663
58202,37.9213
58203,42.331
58204,39.9201
58205,40.8974
58206,41.3282
58207,41.3875
58208,37.8333
58209,39.8903
58210,41.1345
58211,41.0733
58212,38.4193
58213,39.0032
58214,39.0116
58215,44.2324
58216,40.4035
58217,38.6179
58218,40.2281
58219,36.3147
58220,38.7634
58221,41.8479
58222,41.4625
58223,41.4709
58224,42.678
58225,41.972
58226,41.8911
58227,35.5835
58228,38.1427
58229,37.2696
58230,44.6025
58231,38.7206
58232,38.8172
58233,40.0733
58234,40.6484
58235,38.8195
58236,39.8347
58237,39.0724
58238,40.256
58239,40.3365
58240,40.5165
58241,40.525
58242,40.7891
58243,37.0762
58244,44.2051
58245,40.4328
58246,40.9604
58247,43.2216
58248,36.9249
58249,41.0698
58250,41.8372
58251,39.2261
58252,43.5891
58253,39.3648
58254,38.77
58255,39.9449
58256,40.7714
58257,36.836
58258,41.6771
58259,40.8575
58260,38.8697
58261,41.1983
58262,37.4056
58263,41.8846
58264,39.5281
58265,40.7502
58266,40.523
58267,37.9593
58268,38.2988
58269,43.4959
58270,38.6741
58271,42.0229
58272,38.4777
58273,41.4913
58274,40.6836
58275,39.3791
58276,36.604
58277,38.012
58278,43.0687
58279,42.6524
58280,41.2797
58281,40.8211
58282,40.2603
58283,36.4778
58284,40.9986
58285,37.3866
58286,37.5755
58287,38.8978
58288,40.0086
58289,39.1475
58290,37.3048
58291,38.7274
58292,40.008
58293,41.047
58294,39.633
58295,39.357
58296,41.7099
58297,44.0229
58298,39.6854
58299,37.7999
58300,38.008
58301,40.0616
58302,37.2542
58303,40.6278
58304,41.1746
58305,39.891
58306,41.2753
58307,38.3772
58308,38.9389
58309,38.386
58310,40.595
58311,37.5235
58312,40.7739
58313,42.888
58314,37.5027
58315,39.7351
58316,40.6406
58317,41.2822
58318,41.3336
58319,38.7656
58320,41.8367
58321,41.0353
58322,38.5385
58323,37.6518
58324,39.3132
58325,37.3217
58326,40.3505
58327,43.7184
58328,35.3099
58329,40.7414
58330,43.5858
58331,40.6216
58332,37.8727
58333,41.4426
58334,39.0689
58335,38.8063
58336,41.2604
58337,39.3161
58338,41.0683
58339,44.2178
58340,42.3674
58341,41.7733
58342,39.6785
58343,39.7776
58344,35.8656
58345,39.917
58346,36.9686
58347,38.8418
58348,43.4455
58349,41.7559
58350,36.8174
58351,40.8258
58352,41.2013
58353,41.2251
58354,41.6937
58355,37.8943
58356,37.0459
58357,39.0679
58358,41.7643
58359,41.0148
58360,41.1956
58361,39.6204
58362,40.6718
58363,41.9713
58364,39.0563
58365,39.6138
58366,44.2102
58367,37.4059
58368,38.4569
58369,37.8686
58370,39.025
58371,38.1091
58372,41.3726
58373,41.6708
58374,38.6835
58375,40.744
58376,40.2485
58377,36.3059
58378,40.5619
58379,40.8435
58380,41.7189
58381,39.8284
58382,42.0215
58383,42.0854
58384,38.8012
58385,40.8826
58386,35.9325
58387,41.262
58388,41.3768
58389,36.974
58390,36.0478
58391,40.0681
58392,42.3768
58393,40.473
58394,41.2093
58395,41.5512
58396,37.84
58397,39.1934
58398,39.348
58399,42.3669
58400,39.7468
58401,38.7794
58402,39.8883
58403,41.0556
58404,33.3242
58405,40.4351
58406,43.4276
58407,42.8767
58408,42.4888
58409,40.5418
58410,41.8171
58411,41.9968
58412,41.1158
58413,39.6549
58414,42.291
58415,39.7514
58416,38.401
58417,44.032
58418,41.1383
58419,42.2153
58420,41.3412
58421,40.8535
58422,42.0147
58423,38.8321
58424,39.2926
58425,36.2183
58426,39.291
58427,40.5461
58428,37.7635
58429,42.9761
58430,38.1861
58431,36.5362
58432,36.6395
58433,35.5236
58434,37.2656
58435,37.2181
58436,42.3586
58437,40.4152
58438,40.8756
58439,42.9223
58440,35.5696
58441,36.787
58442,39.2262
58443,37.631
58444,38.7083
58445,40.945
58446,42.517
58447,40.1503
58448,42.4871
58449,41.1758
58450,41.3736
58451,42.0217
58452,41.6804
58453,42.2715
58454,40.2899
58455,40.3294
58456,40.3752
58457,36.4584
58458,39.3343
58459,42.6777
58460,43.3417
58461,43.7107
58462,41.4711
58463,37.5975
58464,40.6889
58465,37.4231
58466,40.7976
58467,38.5774
58468,39.7824
58469,39.9055
58470,41.7898
58471,39.0604
58472,43.2971
58473,36.2475
58474,39.6008
58475,45.6404
58476,40.3122
58477,40.6356
58478,40.5291
58479,40.839
58480,41.81
58481,42.0899
58482,42.8271
58483,42.3379
58484,37.7328
58485,38.4029
58486,40.4924
58487,41.058
58488,44.535
58489,37.3566
58490,40.9947
58491,40.0361
58492,41.7558
58493,37.9381
58494,39.3015
58495,39.9112
58496,40.1396
58497,40.2719
58498,42.0927
58499,41.2666
58500,41.8077
58501,42.1846
58502,37.1704
58503,39.0328
58504,40.261
58505,36.5606
58506,38.4659
58507,41.6441
58508,39.1948
58509,38.7021
58510,39.7131
58511,39.0443
58512,39.8515
58513,42.4444
58514,41.0395
58515,41.3837
58516,41.7693
58517,36.613
58518,38.6909
58519,38.9886
58520,39.1725
58521,41.3595
58522,37.9663
58523,41.2133
58524,42.8914
58525,36.0151
58526,41.0847
58527,38.6313
58528,35.4605
58529,36.0024
58530,41.1247
58531,36.7755
58532,40.2735
58533,38.3337
58534,40.4431
58535,41.6783
58536,37.091
58537,43.1103
58538,41.1872
58539,43.367
58540,39.5361
58541,43.139
58542,41.5582
58543,37.1297
58544,42.6527
58545,42.4608
58546,39.5129
58547,41.5427
58548,38.792
58549,39.8464
58550,39.9764
58551,39.0929
58552,40.7323
58553,40.5004
58554,41.7292
58555,34.0586
58556,42.2429
58557,43.6062
58558,36.8575
58559,38.3785
58560,41.4538
58561,41.5865
58562,39.0196
58563,38.3059
58564,38.8043
58565,43.0005
58566,39.0583
58567,42.0955
58568,36.1701
58569,38.7205
58570,39.0899
58571,40.2693
58572,40.3982
58573,40.7148
58574,39.87
58575,40.9345
58576,38.9914
58577,41.0495
58578,41.1478
58579,41.2759
58580,37.7825
58581,42.0382
58582,38.1143
58583,38.7089
58584,38.8897
58585,41.2955
58586,39.8912
58587,39.9418
58588,40.1309
58589,44.2032
58590,40.9525
58591,41.4279
58592,41.4789
58593,41.6365
58594,38.7824
58595,39.7929
58596,37.9376
58597,42.5277
58598,41.2512
58599,39.2596
58600,41.2145
58601,40.3687
58602,43.9203
58603,40.2972
58604,37.4356
58605,43.6433
58606,40.9012
58607,39.4328
58608,43.1217
58609,40.2316
58610,37.3043
58611,37.738
58612,41.1636
58613,38.4966
58614,38.6749
58615,40.2559
58616,36.9039
58617,40.1267
58618,41.291
58619,36.3582
58620,41.7095
58621,37.9258
58622,42.9926
58623,45.0315
58624,40.4224
58625,40.9176
58626,41.5232
58627,41.0307
58628,40.3344
58629,39.6004
58630,39.8581
58631,38.1491
58632,41.4027
58633,43.0157
58634,39.2181
58635,41.8219
58636,42.5443
58637,40.2522
58638,38.5016
58639,36.803
58640,39.834
58641,39.8673
58642,37.9552
58643,36.9889
58644,42.4605
58645,38.7686
58646,43.0221
58647,38.4984
58648,39.7624
58649,40.5383
58650,40.6371
58651,39.6349
58652,39.4755
58653,40.2386
58654,37.5196
58655,37.1331
58656,40.3525
58657,41.5113
58658,37.8476
58659,41.5629
58660,38.678
58661,38.77
58662,37.788
58663,42.2426
58664,38.4536
58665,42.1484
58666,40.6506
58667,40.9382
58668,41.1504
58669,37.3804
58670,42.9592
58671,42.3331
58672,42.8759
58673,43.4547
58674,39.7246
58675,40.7586
58676,40.3161
58677,41.3391
58678,44.3012
58679,41.314
58680,42.2557
58681,40.4723
58682,36.3794
58683,37.8087
58684,42.3685
58685,38.5218
58686,39.5339
58687,40.8354
58688,38.1476
58689,38.4292
58690,42.1371
58691,38.7324
58692,33.7989
58693,40.2865
58694,40.3625
58695,40.508
58696,43.4387
58697,38.9741
58698,40.5504
58699,43.1832
58700,37.6068
58701,38.2833
58702,39.8409
58703,40.0393
58704,42.2905
58705,39.4639
58706,40.3542
58707,41.4582
58708,41.5385
58709,41.5052
58710,37.598
58711,37.7255
58712,40.0072
58713,42.1303
58714,40.7458
58715,42.7868
58716,41.9417
58717,42.3894
58718,34.4833
58719,37.2393
58720,43.7904
58721,40.1225
58722,41.812
58723,38.6714
58724,41.1574
58725,40.5976
58726,44.0724
58727,39.4087
58728,37.1655
58729,39.341
58730,40.9118
58731,41.9376
58732,37.954
58733,40.1901
58734,37.6312
58735,39.1428
58736,38.1632
58737,38.1831
58738,39.3691
58739,40.7961
58740,36.9729
58741,37.831
58742,37.8976
58743,39.615
58744,40.0294
58745,40.0827
58746,40.8212
58747,39.6936
58748,36.921
58749,40.443
58750,40.8197
58751,41.0129
58752,40.4255
58753,37.3095
58754,38.8499
58755,37.6898
58756,40.7642
58757,42.9754
58758,40.1519
58759,37.7604
58760,37.4767
58761,39.5999
58762,41.1458
58763,43.364
58764,36.5867
58765,36.7891
58766,38.9617
58767,38.4801
58768,40.7017
58769,40.7958
58770,41.9368
58771,41.1288
58772,40.4852
58773,41.8386
58774,43.7262
58775,40.7448
58776,40.1267
58777,37.3228
58778,38.6542
58779,38.9896
58780,39.9866
58781,39.1899
58782,41.8215
58783,37.2681
58784,37.7596
58785,43.5404
58786,36.7183
58787,40.3823
58788,37.4451
58789,36.507
58790,41.2339
58791,38.584
58792,40.9211
58793,38.0335
58794,37.6046
58795,39.0074
58796,39.1159
58797,39.4994
58798,37.7869
58799,40.0102
58800,38.074
58801,39.0985
58802,38.3195
58803,40.3485
58804,40.4477
58805,40.464
58806,40.5095
58807,40.7001
58808,39.9285
58809,42.3639
58810,36.3804
58811,39.4874
58812,41.5781
58813,41.8115
58814,36.9295
58815,40.9708
58816,39.0655
58817,37.3549
58818,37.6052
58819,38.4755
58820,35.8119
58821,39.2406
58822,39.3521
58823,40.8695
58824,40.5851
58825,37.6921
58826,38.8037
58827,41.3061
58828,42.2858
58829,42.3762
58830,37.7595
58831,38.4172
58832,36.2042
58833,40.3254
58834,40.4123
58835,41.4664
58836,40.1038
58837,35.4107
58838,41.8278
58839,44.2713
58840,34.9473
58841,40.2574
58842,39.8253
58843,40.2226
58844,39.3225
58845,42.2148
58846,42.806
58847,39.8344
58848,45.3464
58849,39.4799
58850,44.0247
58851,43.3613
58852,41.5824
58853,36.5106
58854,41.8671
58855,38.0552
58856,41.3884
58857,38.7466
58858,43.1481
58859,38.8879
58860,38.1509
58861,39.5009
58862,38.5195
58863,38.0923
58864,41.1007
58865,41.2424
58866,41.3179
58867,39.4812
58868,41.6893
58869,39.3898
58870,42.0291
58871,36.3631
58872,38.3396
58873,34.4552
58874,37.553
58875,37.6289
58876,39.3478
58877,39.4411
58878,38.6097
58879,40.661
58880,43.0246
58881,37.4795
58882,39.1963
58883,39.1196
58884,38.261
58885,40.8256
58886,39.8935
58887,40.0799
58888,41.1153
58889,41.2444
58890,41.2919
58891,44.5751
58892,46.9324
58893,38.1783
58894,39.0583
58895,37.8769
58896,40.2784
58897,40.3888
58898,39.9553
58899,38.4091
58900,36.2193
58901,36.5702
58902,37.3415
58903,40.0592
58904,40.5381
58905,38.9469
58906,39.8466
58907,41.3092
58908,40.346
58909,40.5038
58910,44.1764
58911,35.3403
58912,42.4263
58913,39.5762
58914,42.6671
58915,37.8628
58916,40.2229
58917,38.5703
58918,41.8173
58919,39.2149
58920,42.8203
58921,41.2986
58922,39.8852
58923,40.1781
58924,37.3822
58925,38.4721
58926,40.8274
58927,39.0648
58928,38.0814
58929,42.3583
58930,40.2133
58931,40.0061
58932,40.5118
58933,40.6565
58934,42.9954
58935,44.8886
58936,40.2287
58937,40.7632
58938,40.9994
58939,39.5166
58940,41.8185
58941,41.1262
58942,42.81
58943,37.9367
58944,40.1213
58945,37.4653
58946,39.5182
58947,39.6241
58948,36.8181
58949,39.9204
58950,39.9561
58951,41.1985
58952,41.207
58953,39.3323
58954,41.8879
58955,42.0552
58956,38.3821
58957,34.0956
58958,38.8313
58959,39.6907
58960,40.8107
58961,41.9693
58962,38.3455
58963,44.535
58964,37.9972
58965,39.859
58966,42.8632
58967,38.1303
58968,34.3346
58969,42.3973
58970,41.7003
58971,41.7087
58972,37.9244
58973,40.204
58974,36.9945
58975,39.9335
58976,41.2414
58977,42.1631
58978,43.1335
58979,39.3779
58980,38.4906
58981,41.3778
58982,40.5919
58983,40.3555
58984,40.3032
58985,41.4026
58986,41.3633
58987,38.7805
58988,39.7662
58989,40.5821
58990,38.0134
58991,38.0218
58992,36.2827
58993,38.2639
58994,41.8387
58995,38.2685
58996,35.839
58997,40.3337
58998,37.6916
58999,41.336
59000,41.5443
59001,38.6467
59002,41.8205
59003,36.9906
59004,42.0437
59005,42.3818
59006,39.7509
59007,43.2719
59008,37.4154
59009,40.6992
59010,41.4322
59011,39.6961
59012,38.9184
59013,37.1556
59014,39.4777
59015,40.8558
59016,39.015
59017,41.5263
59018,39.7909
59019,41.8384
59020,40.6717
59021,40.1191
59022,39.2852
59023,42.2275
59024,39.0918
59025,40.1304
59026,39.4404
59027,40.4813
59028,39.521
59029,38.7386
59030,36.1109
59031,40.4034
59032,39.9115
59033,41.8221
59034,45.0256
59035,41.0715
59036,39.6383
59037,42.738
59038,43.5189
59039,39.6584
59040,38.7924
59041,37.9707
59042,40.2815
59043,39.9968
59044,39.049
59045,40.2875
59046,41.4723
59047,42.6688
59048,37.8378
59049,41.1474
59050,38.5753
59051,37.755
59052,41.1599
59053,39.1848
59054,42.2056
59055,39.3178
59056,38.848
59057,43.0926
59058,40.291
59059,36.7407
59060,40.2026
59061,41.6488
59062,41.7882
59063,36.0553
59064,42.1792
59065,41.4275
59066,42.4535
59067,41.7833
59068,43.3157
59069,39.5735
59070,39.1436
59071,42.3943
59072,39.7428
59073,35.9039
59074,41.1415
59075,41.6316
59076,42.0544
59077,39.0221
59078,39.3299
59079,39.571
59080,42.5991
59081,40.1006
59082,41.6795
59083,40.9371
59084,39.3002
59085,41.8669
59086,42.9598
59087,40.3
59088,41.7203
59089,40.9538
59090,38.161
59091,37.185
59092,38.6308
59093,39.3134
59094,39.9611
59095,40.0586
59096,40.1553
59097,36.3399
59098,38.2326
59099,38.7138
59100,43.2453
59101,41.1348
59102,41.2742
59103,41.9361
59104,41.0124
59105,38.3842
59106,39.6108
59107,40.9959
59108,39.5454
59109,37.321
59110,37.7127
59111,37.7393
59112,40.4544
59113,40.8737
59114,39.4262
59115,39.4518
59116,40.0001
59117,37.5233
59118,41.0484
59119,41.2393
59120,38.5565
59121,38.2056
59122,36.303
59123,42.4062
59124,42.1702
59125,41.5176
59126,39.7603
59127,39.9941
59128,40.9073
59129,41.314
59130,37.1517
59131,42.7647
59132,41.2125
59133,38.4052
59134,40.4478
59135,35.9635
59136,38.2402
59137,35.7659
59138,35.9114
59139,36.8781
59140,36.1075
59141,40.6507
59142,44.8529
59143,37.7186
59144,39.1026
59145,39.5151
59146,42.5755
59147,39.6407
59148,33.7649
59149,38.8156
59150,40.1052
59151,39.7084
59152,39.947
59153,41.5554
59154,42.9757
59155,37.0629
59156,41.1105
59157,37.1421
59158,41.178
59159,41.7302
59160,38.53
59161,40.5385
59162,39.8891
59163,42.7487
59164,41.0627
59165,35.6368
59166,38.6632
59167,40.6833
59168,36.9101
59169,41.4485
59170,39.5479
59171,38.753
59172,39.3106
59173,40.0676
59174,38.1295
59175,42.4741
59176,40.5877
59177,40.6049
59178,40.9744
59179,39.6232
59180,40.1245
59181,41.3082
59182,39.5968
59183,42.2284
59184,36.2478
59185,37.942
59186,42.2218
59187,40.874
59188,41.918
59189,39.0429
59190,41.2976
59191,42.1525
59192,40.3133
59193,36.4308
59194,41.6718
59195,39.779
59196,43.47
59197,41.6714
59198,40.9517
59199,38.0184
59200,38.2157
59201,36.4556
59202,41.7105
59203,41.766
59204,37.8976
59205,38.0551
59206,39.7315
59207,38.8529
59208,40.071
59209,41.109
59210,39.3405
59211,39.778
59212,40.9739
59213,40.9836
59214,38.9921
59215,39.3224
59216,40.8364
59217,43.6943
59218,40.7735
59219,41.2154
59220,36.7996
59221,40.8535
59222,38.6305
59223,38.4248
59224,38.5419
59225,40.0159
59226,40.5685
59227,40.9943
59228,39.3561
59229,38.1855
59230,41.4505
59231,39.2745
59232,37.8673
59233,37.2927
59234,43.3325
59235,43.6246
59236,40.756
59237,38.9092
59238,40.0162
59239,41.8671
59240,42.0158
59241,36.2396
59242,39.5625
59243,39.9044
59244,40.0948
59245,40.1409
59246,40.5424
59247,41.9548
59248,38.2962
59249,37.4857
59250,38.7984
59251,38.893
59252,36.4815
59253,41.5951
59254,39.0274
59255,42.6227
59256,38.2148
59257,39.5105
59258,38.6529
59259,38.5765
59260,41.2871
59261,40.3137
59262,37.3407
59263,37.5647
59264,37.8057
59265,40.5318
59266,43.5905
59267,38.3726
59268,40.227
59269,41.4366
59270,42.8547
59271,35.4256
59272,43.4622
59273,43.7054
59274,39.0194
59275,38.6136
59276,38.4728
59277,38.5174
59278,38.5384
59279,40.6466
59280,37.8613
59281,40.9008
59282,42.5012
59283,39.6146
59284,42.279
59285,43.3139
59286,41.4053
59287,41.4314
59288,42.5837
59289,45.102
59290,36.1817
59291,39.3314
59292,35.3849
59293,38.6213
59294,40.0438
59295,37.2206
59296,39.3761
59297,40.4918
59298,40.9805
59299,36.0435
59300,38.7497
59301,36.8902
59302,42.3402
59303,42.6103
59304,39.6734
59305,37.8302
59306,38.6229
59307,37.9178
59308,44.0047
59309,37.4076
59310,38.8679
59311,45.0569
59312,36.2089
59313,40.4117
59314,42.6731
59315,40.9139
59316,41.7723
59317,41.9036
59318,40.9147
59319,43.0911
59320,44.0043
59321,38.7298
59322,39.3802
59323,37.6754
59324,40.5451
59325,39.8736
59326,39.4649
59327,40.0574
59328,41.8205
59329,39.1996
59330,40.86
59331,40.3913
59332,41.5299
59333,37.5751
59334,37.9517
59335,40.0862
59336,38.8978
59337,41.2814
59338,40.3383
59339,38.497
59340,40.6437
59341,40.7695
59342,40.8324
59343,40.9029
59344,37.2567
59345,36.2964
59346,34.355
59347,42.6645
59348,42.7495
59349,36.2064
59350,38.8989
59351,39.0451
59352,39.5964
59353,39.6878
59354,41.9731
59355,42.9565
59356,38.0904
59357,37.181
59358,40.7609
59359,41.7954
59360,38.7933
59361,42.0288
59362,37.3462
59363,39.3958
59364,40.6016
59365,40.1405
59366,40.1591
59367,40.2585
59368,41.6478
59369,40.7757
59370,39.4015
59371,42.6728
59372,45.015
59373,36.3687
59374,41.6622
59375,42.7126
59376,36.899
59377,37.7848
59378,38.0543
59379,42.4354
59380,39.7717
59381,41.252
59382,38.2873
59383,41.5447
59384,38.6961
59385,41.9577
59386,42.0956
59387,39.1584
59388,40.3268
59389,39.808
59390,42.0338
59391,38.2605
59392,40.229
59393,37.2815
59394,37.4466
59395,38.2041
59396,43.3501
59397,39.5956
59398,36.5868
59399,39.2171
59400,38.7015
59401,35.5058
59402,39.9001
59403,40.0433
59404,38.2865
59405,41.1715
59406,39.3325
59407,38.5838
59408,40.0494
59409,42.1255
59410,44.495
59411,37.735
59412,37.8707
59413,38.0134
59414,40.5172
59415,40.5256
59416,38.9452
59417,42.115
59418,41.0975
59419,37.7246
59420,42.1725
59421,38.366
59422,38.7651
59423,35.965
59424,41.9968
59425,38.0303
59426,39.601
59427,38.7577
59428,39.3592
59429,41.5813
59430,39.2003
59431,40.2553
59432,36.3688
59433,42.7744
59434,40.12
59435,41.9537
59436,40.278
59437,39.4251
59438,44.4929
59439,40.6066
59440,40.4771
59441,42.1632
59442,37.4825
59443,38.1495
59444,38.5057
59445,38.5557
59446,43.6604
59447,40.0284
59448,39.3231
59449,40.4889
59450,39.6657
59451,35.5613
59452,41.1243
59453,41.2033
59454,38.6922
59455,39.0902
59456,39.1407
59457,39.9232
59458,35.9853
59459,39.0925
59460,36.2395
59461,38.6426
59462,36.829
59463,39.8579
59464,39.2867
59465,41.4902
59466,38.9141
59467,40.9759
59468,39.5502
59469,38.6522
59470,40.052
59471,40.3143
59472,38.3454
59473,41.3012
59474,38.384
59475,41.3924
59476,44.5183
59477,42.7045
59478,38.8125
59479,39.0144
59480,39.5925
59481,40.7269
59482,37.812
59483,38.0973
59484,40.2723
59485,40.6041
59486,42.45
59487,34.6274
59488,39.6531
59489,37.6574
59490,42.9929
59491,38.6282
59492,37.8679
59493,36.9732
59494,39.7249
59495,39.8424
59496,38.0195
59497,41.0187
59498,37.5376
59499,38.9575
59500,40.3846
59501,38.7527
59502,39.7746
59503,36.9361
59504,43.672
59505,40.2667
59506,40.3078
59507,40.4186
59508,38.5747
59509,39.9656
59510,39.2417
59511,39.3299
59512,38.9127
59513,39.4286
59514,43.6259
59515,39.6521
59516,39.9741
59517,43.101
59518,41.2402
59519,38.6305
59520,42.42
59521,43.9092
59522,39.0401
59523,45.7313
59524,39.9549
59525,38.3367
59526,37.5399
59527,40.8973
59528,41.1827
59529,39.916
59530,37.6912
59531,40.31
59532,41.8936
59533,41.7856
59534,40.4915
59535,40.3447
59536,36.7445
59537,39.8348
59538,41.0496
59539,38.2353
59540,37.2899
59541,39.6857
59542,42.969
59543,41.5567
59544,38.9703
59545,38.9998
59546,39.3097
59547,39.6799
59548,38.014
59549,40.5814
59550,41.0546
59551,41.3275
59552,38.6051
59553,38.6406
59554,37.7042
59555,43.2374
59556,42.3206
59557,40.8522
59558,40.2118
59559,40.7401
59560,37.4598
59561,39.1299
59562,38.9412
59563,39.0748
59564,39.2491
59565,39.4509
59566,38.5476
59567,43.3373
59568,37.5458
59569,38.1505
59570,39.7492
59571,42.7981
59572,39.1583
59573,43.1771
59574,41.5447
59575,37.5591
59576,42.3831
59577,40.47
59578,44.5243
59579,41.1713
59580,41.2448
59581,38.3598
59582,37.6916
59583,39.7579
59584,39.2583
59585,42.4833
59586,38.7434
59587,36.2556
59588,40.6327
59589,42.0619
59590,39.3859
59591,39.7218
59592,40.422
59593,41.8356
59594,40.9117
59595,43.6268
59596,38.2639
59597,39.0572
59598,39.1563
59599,41.2255
59600,40.1718
59601,39.297
59602,40.4596
59603,39.5071
59604,39.5223
59605,39.9727
59606,40.1198
59607,40.2778
59608,39.5919
59609,40.622
59610,36.8315
59611,38.5324
59612,40.9797
59613,39.6837
59614,42.9685
59615,41.1708
59616,42.3008
59617,39.3191
59618,39.6867
59619,42.8588
59620,38.9788
59621,41.1644
59622,41.1537
59623,39.2276
59624,39.5812
59625,42.9916
59626,37.7483
59627,41.0012
59628,39.2065
59629,38.7141
59630,41.3252
59631,34.4601
59632,39.8081
59633,39.5594
59634,45.0945
59635,36.4911
59636,38.0956
59637,38.7941
59638,36.825
59639,37.9802
59640,43.2673
59641,38.7114
59642,39.8685
59643,39.0939
59644,38.1799
59645,40.249
59646,38.7988
59647,40.0148
59648,40.2618
59649,39.7373
59650,41.9049
59651,41.4931
59652,40.6033
59653,41.7623
59654,41.9079
59655,40.9899
59656,42.1791
59657,39.2369
59658,42.5504
59659,42.659
59660,35.7397
59661,42.8792
59662,39.2424
59663,43.3145
59664,38.7232
59665,43.2289
59666,39.6725
59667,41.3425
59668,36.6097
59669,38.2407
59670,38.6457
59671,42.833
59672,40.2311
59673,40.6545
59674,41.8522
59675,43.267
59676,35.2892
59677,42.4448
59678,42.9993
59679,45.6687
59680,40.3455
59681,39.2442
59682,40.3703
59683,40.5503
59684,39.9938
59685,38.7961
59686,39.0947
59687,39.1249
59688,38.363
59689,42.155
59690,38.6412
59691,37.139
59692,36.6112
59693,39.7601
59694,39.9196
59695,38.252
59696,38.5054
59697,42.663
59698,42.3386
59699,42.6739
59700,39.7118
59701,40.5383
59702,40.7168
59703,41.4355
59704,38.5941
59705,40.2148
59706,40.2618
59707,42.3282
59708,36.0322
59709,37.541
59710,41.6417
59711,36.9016
59712,40.2879
59713,37.329
59714,40.4287
59715,38.8315
59716,41.1115
59717,38.4056
59718,40.2785
59719,39.6856
59720,39.9405
59721,40.9582
59722,41.9666
59723,35.0918
59724,40.1378
59725,41.4569
59726,40.9273
59727,41.9383
59728,42.0225
59729,41.528
59730,36.6412
59731,39.6581
59732,38.8456
59733,42.1676
59734,42.56
59735,41.4851
59736,43.6504
59737,38.8439
59738,39.6848
59739,36.7928
59740,39.2437
59741,40.5833
59742,41.9224
59743,37.0124
59744,40.4014
59745,37.744
59746,38.0568
59747,41.4972
59748,38.5663
59749,39.726
59750,39.4549
59751,39.5186
59752,40.0285
59753,40.3304
59754,37.3803
59755,40.4491
59756,40.79
59757,35.1126
59758,39.1578
59759,39.5814
59760,42.9127
59761,40.2862
59762,43.3509
59763,39.952
59764,38.1372
59765,41.0096
59766,39.2713
59767,38.7539
59768,40.7623
59769,36.8305
59770,40.8695
59771,39.8779
59772,39.9252
59773,42.982
59774,42.635
59775,38.6809
59776,37.9767
59777,38.4795
59778,41.6146
59779,36.7901
59780,38.8791
59781,42.3087
59782,42.8183
59783,43.8268
59784,34.943
59785,41.0207
59786,40.2066
59787,40.2918
59788,42.8607
59789,41.1374
59790,43.6435
59791,41.6879
59792,38.8849
59793,41.0402
59794,42.4293
59795,38.487
59796,41.6714
59797,37.1606
59798,38.8788
59799,40.3196
59800,39.3664
59801,37.3967
59802,40.6731
59803,38.6798
59804,38.152
59805,43.1872
59806,40.7481
59807,37.6651
59808,42.4823
59809,41.4556
59810,41.539
59811,40.1784
59812,39.1127
59813,39.5039
59814,37.961
59815,38.5666
59816,36.7951
59817,39.1082
59818,39.667
59819,41.0161
59820,41.077
59821,41.5534
59822,38.7473
59823,38.8793
59824,39.0577
59825,38.6476
59826,38.9873
59827,39.1291
59828,42.8386
59829,42.5328
59830,43.3941
59831,41.6215
59832,38.2275
59833,39.3372
59834,39.4154
59835,40.5759
59836,36.0295
59837,39.1576
59838,40.2446
59839,41.3621
59840,41.4083
59841,41.5173
59842,40.0091
59843,40.2366
59844,41.2521
59845,42.2232
59846,40.3129
59847,41.4054
59848,41.6061
59849,38.9748
59850,40.2905
59851,40.8711
59852,37.4023
59853,38.4451
59854,35.8825
59855,37.9583
59856,40.3472
59857,39.4808
59858,40.5068
59859,37.9814
59860,36.9918
59861,38.3938
59862,38.6508
59863,39.7812
59864,37.3692
59865,41.6841
59866,38.5432
59867,42.0179
59868,36.5306
59869,39.8554
59870,40.1752
59871,39.3616
59872,41.6441
59873,43.2705
59874,37.3434
59875,39.4003
59876,42.6799
59877,39.9553
59878,41.5408
59879,41.4817
59880,43.5749
59881,40.8582
59882,36.8553
59883,41.3586
59884,43.8453
59885,39.5762
59886,37.851
59887,38.9948
59888,43.3843
59889,40.5968
59890,37.8215
59891,40.8377
59892,44.5426
59893,39.6837
59894,39.3625
59895,38.6023
59896,38.6392
59897,39.1239
59898,43.064
59899,41.1827
59900,43.2344
59901,41.4871
59902,37.5487
59903,41.6445
59904,36.6536
59905,38.8131
59906,41.9207
59907,38.0128
59908,41.239
59909,41.249
59910,40.8136
59911,38.0245
59912,38.1969
59913,43.3216
59914,38.7005
59915,39.1216
59916,39.2347
59917,39.4132
59918,40.1943
59919,41.3436
59920,40.8664
59921,38.9304
59922,40.173
59923,42.1891
59924,41.2008
59925,42.3049
59926,41.5298
59927,39.5501
59928,36.663
59929,39.6967
59930,39.8267
59931,39.013
59932,39.0727
59933,41.3413
59934,43.3938
59935,42.4242
59936,40.473
59937,42.5125
59938,38.561
59939,37.6532
59940,40.8605
59941,38.7491
59942,43.907
59943,39.9561
59944,41.3971
59945,40.8419
59946,39.0971
59947,41.5705
59948,40.1784
59949,37.4494
59950,41.9677
59951,42.1887
59952,42.5895
59953,41.9684
59954,39.0821
59955,36.3935
59956,39.5036
59957,40.7971
59958,35.3218
59959,40.5152
59960,40.5715
59961,42.2051
59962,41.6765
59963,44.1323
59964,39.3149
59965,42.3233
59966,39.5328
59967,42.9117
59968,40.2478
59969,40.8683
59970,41.5328
59971,38.8256
59972,37.864
59973,42.6208
59974,43.4697
59975,34.9205
59976,39.3148
59977,40.7434
59978,40.7438
59979,39.0052
59980,40.2377
59981,40.3429
59982,40.429
59983,40.5859
59984,38.2155
59985,44.2744
59986,39.5953
59987,42.6856
59988,37.8111
59989,39.8518
59990,42.9288
59991,42.2324
59992,38.8191
59993,40.0773
59994,37.3375
59995,37.5383
59996,39.8923
59997,39.9646
59998,38.1
59999,44.4044
60000,38.5054
60001,45.5211
60002,40.9591
60003,40.0764
60004,40.4172
60005,35.2872
60006,37.7692
60007,38.8467
60008,42.937
60009,40.3161
60010,37.441
60011,42.2715
60012,38.2999
60013,40.3719
60014,39.1099
60015,39.7277
60016,39.999
60017,40.1605
60018,40.1689
60019,40.3763
60020,37.6329
60021,41.0022
60022,41.2757
60023,41.742
60024,42.2693
60025,43.3744
60026,38.6559
60027,39.8912
60028,40.0952
60029,41.8067
60030,38.7351
60031,36.9134
60032,37.8939
60033,40.0045
60034,40.1345
60035,39.5801
60036,39.9331
60037,40.0739
60038,36.7643
60039,41.9101
60040,41.9974
60041,40.7034
60042,40.8364
60043,39.085
60044,41.1793
60045,43.9963
60046,42.0657
60047,40.7266
60048,37.6867
60049,40.293
60050,40.4596
60051,38.4283
60052,38.7997
60053,41.3864
60054,42.3997
60055,40.7327
60056,39.7584
60057,40.3801
60058,38.4033
60059,37.8569
60060,41.6257
60061,39.8798
60062,41.1644
60063,37.3154
60064,40.4217
60065,42.9084
60066,47.243
60067,41.2805
60068,39.9358
60069,40.7017
60070,37.171
60071,46.5993
60072,39.8209
60073,39.9118
60074,39.1736
60075,39.5294
60076,40.6102
60077,41.1774
60078,41.3984
60079,40.2184
60080,42.3498
60081,37.3913
60082,38.4406
60083,43.378
60084,36.2267
60085,37.3181
60086,38.5662
60087,41.5474
60088,40.2311
60089,40.356
60090,41.6049
60091,40.6134
60092,43.1293
60093,36.6961
60094,44.3218
60095,36.3645
60096,37.9345
60097,38.1151
60098,39.3547
60099,38.407
60100,40.0151
60101,38.1435
60102,40.301
60103,39.6437
60104,39.9152
60105,41.9474
60106,41.7412
60107,42.1633
60108,40.0131
60109,44.8415
60110,39.1731
60111,43.5634
60112,39.7156
60113,40.26
60114,40.2495
60115,40.6815
60116,37.6899
60117,36.96
60118,41.0087
60119,41.4457
60120,33.7625
60121,37.9172
60122,40.9529
60123,36.9968
60124,39.1671
60125,42.3913
60126,43.2176
60127,40.2713
60128,39.4095
60129,44.2407
60130,44.9632
60131,37.0544
60132,43.0714
60133,41.2074
60134,37.2159
60135,43.6259
60136,39.2422
60137,39.4447
60138,34.5466
60139,39.6395
60140,39.1672
60141,41.0667
60142,41.4417
60143,38.5359
60144,40.572
60145,41.1931
60146,40.3332
60147,41.1758
60148,42.5098
60149,43.5695
60150,37.7698
60151,45.0484
60152,38.0959
60153,40.2569
60154,43.5991
60155,44.0856
60156,39.3562
60157,39.3854
60158,39.4563
60159,39.7237
60160,37.8339
60161,39.9382
60162,40.0645
60163,40.1981
60164,40.2174
60165,41.4765
60166,40.7914
60167,40.8936
60168,41.0261
60169,41.3443
60170,42.5922
60171,41.6123
60172,39.8371
60173,39.9407
60174,40.2904
60175,39.4514
60176,41.7403
60177,39.8532
60178,40.1388
60179,42.8249
60180,43.941
60181,42.2604
60182,39.293
60183,41.0642
60184,37.8322
60185,39.26
60186,39.4685
60187,40.7427
60188,38.8703
60189,39.2013
60190,45.674
60191,40.684
60192,39.8382
60193,35.0643
60194,39.2004
60195,40.597
60196,41.1489
60197,41.1727
60198,40.1959
60199,40.666
60200,39.4523
60201,41.5719
60202,41.7533
60203,38.2968
60204,35.5111
60205,38.8427
60206,38.9419
60207,45.3474
60208,34.3682
60209,40.9882
60210,38.1107
60211,40.2623
60212,38.3318
60213,39.9437
60214,41.2828
60215,40.5903
60216,38.4917
60217,38.5146
60218,37.0998
60219,37.2936
60220,41.6042
60221,42.1217
60222,39.8609
60223,38.1818
60224,40.448
60225,39.7219
60226,42.8421
60227,40.4386
60228,40.472
60229,38.6753
60230,39.8327
60231,37.1255
60232,41.1836
60233,39.2576
60234,37.3617
60235,38.8106
60236,35.8446
60237,39.2942
60238,37.0753
60239,42.4462
60240,41.4547
60241,43.5448
60242,39.6797
60243,38.2532
60244,40.2654
60245,42.1528
60246,42.3291
60247,38.5055
60248,38.6004
60249,40.0217
60250,40.8889
60251,41.0244
60252,37.1022
60253,43.6248
60254,37.7301
60255,41.2386
60256,41.3278
60257,37.7693
60258,42.0756
60259,39.663
60260,41.6032
60261,36.5234
60262,41.6984
60263,42.7107
60264,40.3619
60265,39.6751
60266,40.3234
60267,40.7306
60268,40.7488
60269,41.1344
60270,41.295
60271,37.9309
60272,37.9424
60273,42.2421
60274,39.3334
60275,38.3751
60276,41.5186
60277,39.5275
60278,38.041
60279,39.0896
60280,40.2434
60281,41.8363
60282,40.3449
60283,38.3915
60284,39.9819
60285,39.4496
60286,42.4875
60287,42.695
60288,37.79
60289,39.9874
60290,41.5723
60291,45.4197
60292,43.5165
60293,38.9022
60294,36.953
60295,37.8142
60296,43.9438
60297,37.9192
60298,43.3356
60299,41.408
60300,40.4891
60301,38.9364
60302,41.1897
60303,40.6569
60304,43.0899
60305,40.1221
60306,41.2507
60307,37.6807
60308,41.626
60309,42.2174
60310,38.6621
60311,39.6706
60312,43.775
60313,39.8621
60314,39.9437
60315,40.7484
60316,33.6334
60317,40.7225
60318,42.6874
60319,40.1632
60320,38.9337
60321,37.4689
60322,40.9815
60323,40.319
60324,38.8805
60325,42.7714
60326,40.1638
60327,38.2533
60328,40.7551
60329,39.6955
60330,40.1268
60331,40.1385
60332,40.2791
60333,37.3415
60334,41.3334
60335,36.6359
60336,39.9467
60337,39.9845
60338,38.2216
60339,43.5645
60340,39.5736
60341,39.3632
60342,40.5024
60343,39.0553
60344,39.2452
60345,37.2724
60346,42.332
60347,40.7059
60348,38.8207
60349,38.3325
60350,39.9534
60351,39.298
60352,38.4279
60353,38.2241
60354,39.2333
60355,41.5066
60356,39.6377
60357,36.6269
60358,41.7135
60359,39.5065
60360,38.0637
60361,38.1222
60362,39.171
60363,39.3134
60364,39.3834
60365,44.0625
60366,45.3284
60367,40.0393
60368,40.5133
60369,39.8257
60370,38.57
60371,38.0644
60372,39.2461
60373,41.5859
60374,41.832
60375,41.1966
60376,38.1883
60377,39.3029
60378,34.8543
60379,43.7211
60380,41.3292
60381,38.1124
60382,39.3363
60383,39.3931
60384,40.4669
60385,41.6737
60386,42.0754
60387,42.3054
60388,41.4704
60389,39.1324
60390,41.3119
60391,36.7737
60392,39.4209
60393,40.0207
60394,41.2904
60395,42.46
60396,39.8575
60397,38.2351
60398,39.3521
60399,41.6897
60400,38.3685
60401,43.9111
60402,40.0139
60403,36.7872
60404,42.8137
60405,40.668
60406,42.8749
60407,40.9174
60408,37.0258
60409,37.6476
60410,41.402
60411,41.4738
60412,42.491
60413,42.5109
60414,38.3562
60415,37.8209
60416,41.1449
60417,41.6952
60418,36.4853
60419,38.9772
60420,37.3798
60421,38.5008
60422,43.6779
60423,41.2656
60424,42.1707
60425,41.352
60426,38.4992
60427,41.8869
60428,38.4241
60429,41.048
60430,39.0822
60431,41.1323
60432,36.2387
60433,38.6046
60434,37.0914
60435,41.193
60436,38.2492
60437,37.0717
60438,36.1088
60439,42.6101
60440,38.0835
60441,39.4681
60442,40.4056
60443,40.4847
60444,40.0615
60445,41.2119
60446,38.9164
60447,43.0492
60448,37.0778
60449,42.292
60450,39.683
60451,39.7431
60452,42.2415
60453,40.4631
60454,41.5635
60455,41.018
60456,45.1269
60457,42.5816
60458,39.6678
60459,41.4263
60460,37.2375
60461,44.308
60462,42.3989
60463,37.9901
60464,41.3019
60465,41.5085
60466,39.5169
60467,39.4911
60468,37.7199
60469,39.4111
60470,39.1357
60471,37.2116
60472,41.5413
60473,41.0328
60474,40.4335
60475,41.1994
60476,43.5802
60477,41.1695
60478,40.7831
60479,38.9371
60480,36.4296
60481,39.0578
60482,37.1138
60483,39.517
60484,39.5205
60485,37.9884
60486,41.1005
60487,38.4402
60488,40.5823
60489,38.8667
60490,42.1391
60491,37.359
60492,41.6306
60493,43.0059
60494,39.3861
60495,35.4828
60496,40.322
60497,40.6823
60498,40.9613
60499,37.0515
60500,41.2443
60501,41.274
60502,35.5495
60503,41.7132
60504,42.3465
60505,43.9411
60506,41.8134
60507,37.9038
60508,37.9762
60509,42.2359
60510,41.7012
60511,43.1912
60512,40.8122
60513,42.9653
60514,39.8032
60515,40.8516
60516,41.079
60517,41.7188
60518,36.8503
60519,37.8394
60520,38.1888
60521,39.3069
60522,39.167
60523,39.4214
60524,38.3027
60525,40.6074
60526,42.0907
60527,41.5688
60528,37.6575
60529,37.8838
60530,38.0405
60531,38.8164
60532,39.1275
60533,39.2155
60534,39.6111
60535,41.6637
60536,40.4808
60537,41.1194
60538,42.2684
60539,40.5186
60540,38.5484
60541,38.9357
60542,40.3466
60543,40.7906
60544,37.1927
60545,41.3843
60546,41.464
60547,41.2979
60548,41.564
60549,44.5724
60550,41.6758
60551,43.9019
60552,39.5883
60553,40.9392
60554,40.0222
60555,40.8061
60556,39.2198
60557,42.4767
60558,36.0692
60559,36.3786
60560,41.7552
60561,39.5156
60562,40.1034
60563,39.5434
60564,40.5712
60565,36.6634
60566,41.5768
60567,42.1049
60568,42.1611
60569,39.3
60570,43.3325
60571,35.7966
60572,37.2701
60573,44.4017
60574,43.4998
60575,39.7676
60576,40.9485
60577,38.4159
60578,38.2717
60579,39.3626
60580,38.5511
60581,38.9971
60582,41.6373
60583,40.1585
60584,40.3328
60585,34.0632
60586,41.4978
60587,36.7908
60588,43.5112
60589,45.7263
60590,36.8277
60591,36.8698
60592,37.3026
60593,44.4121
60594,43.4716
60595,38.1114
60596,39.3105
60597,38.3734
60598,38.6203
60599,38.7699
60600,42.8901
60601,39.9476
60602,39.2588
60603,39.3652
60604,40.4492
60605,41.5477
60606,38.9039
60607,42.1182
60608,37.9501
60609,37.5697
60610,35.6154
60611,42.7732
60612,39.0334
60613,39.9697
60614,37.1534
60615,43.5473
60616,37.7028
60617,40.7997
60618,38.7592
60619,38.829
60620,38.9759
60621,40.8367
60622,40.9517
60623,40.4172
60624,39.1366
60625,42.2032
60626,38.416
60627,38.7199
60628,38.8358
60629,38.8465
60630,38.8897
60631,41.4405
60632,39.6051
60633,40.077
60634,40.1019
60635,35.1104
60636,39.8589
60637,41.0604
60638,41.6165
60639,44.2934
60640,42.8208
60641,41.5635
60642,40.5562
60643,38.1174
60644,42.184
60645,36.7404
60646,42.2649
60647,42.5448
60648,41.6358
60649,38.8458
60650,45.9574
60651,40.3934
60652,41.4573
60653,40.5487
60654,40.2192
60655,38.1411
60656,40.1735
60657,40.0883
60658,37.5311
60659,36.3171
60660,43.5267
60661,39.7628
60662,39.8804
60663,38.3691
60664,37.5811
60665,38.4381
60666,41.8432
60667,36.9431
60668,39.2558
60669,44.3561
60670,40.1431
60671,40.1865
60672,38.289
60673,40.3034
60674,39.7501
60675,40.8562
60676,41.0967
60677,42.1694
60678,39.3562
60679,39.3787
60680,39.8387
60681,40.1212
60682,37.5757
60683,42.7437
60684,37.8239
60685,41.3713
60686,38.5788
60687,41.6513
60688,41.6863
60689,39.1134
60690,38.14
60691,39.4185
60692,42.7128
60693,39.1894
60694,39.2056
60695,41.8574
60696,41.7259
60697,41.7031
60698,37.87
60699,41.762
60700,39.9508
60701,38.0042
60702,38.4331
60703,42.1331
60704,42.5412
60705,42.1899
60706,37.618
60707,39.2551
60708,39.9368
60709,40.3137
60710,38.7662
60711,40.018
60712,41.5546
60713,43.7915
60714,38.7719
60715,39.4265
60716,41.0822
60717,38.8823
60718,38.9734
60719,40.0275
60720,39.0396
60721,41.1266
60722,37.7344
60723,38.3052
60724,39.7665
60725,39.2357
60726,36.5482
60727,41.9571
60728,38.5594
60729,40.2808
60730,39.3701
60731,42.4965
60732,38.9933
60733,37.2845
60734,37.3602
60735,39.7542
60736,42.0266
60737,38.209
60738,41.4274
60739,42.5241
60740,37.7364
60741,40.1645
60742,37.2387
60743,39.7588
60744,39.8336
60745,33.8759
60746,40.0653
60747,40.5685
60748,39.3085
60749,41.7214
60750,37.7439
60751,36.1728
60752,42.3462
60753,39.8774
60754,36.9197
60755,41.0893
60756,37.4515
60757,39.4715
60758,38.3674
60759,38.8915
60760,41.788
60761,38.8535
60762,42.1069
60763,40.2332
60764,43.5286
60765,38.6908
60766,41.0196
60767,43.3247
60768,35.4079
60769,41.4498
60770,41.5717
60771,40.5229
60772,41.7274
60773,42.1889
60774,40.9826
60775,37.5639
60776,41.6542
60777,43.3596
60778,41.9021
60779,40.9182
60780,42.9378
60781,35.2808
60782,38.182
60783,41.5608
60784,40.28
60785,40.3629
60786,44.4008
60787,44.7117
60788,40.016
60789,36.4525
60790,40.6913
60791,40.3543
60792,40.3904
60793,39.5952
60794,41.122
60795,41.3147
60796,39.4696
60797,36.6992
60798,40.5376
60799,40.9638
60800,38.1824
60801,42.3205
60802,36.9964
60803,37.3279
60804,40.7471
60805,38.3517
60806,39.4578
60807,39.529
60808,40.8568
60809,38.9156
60810,38.1029
60811,40.2773
60812,38.6511
60813,40.8469
60814,39.8591
60815,41.1988
60816,41.2499
60817,41.5201
60818,41.5814
60819,40.7739
60820,40.0089
60821,41.1278
60822,43.1646
60823,40.2441
60824,42.2815
60825,38
60826,43.3064
60827,37.8378
60828,41.1453
60829,43.3762
60830,39.6584
60831,43.7794
60832,37.793
60833,42.6966
60834,37.7956
60835,39.8977
60836,39.0639
60837,39.6082
60838,39.9025
60839,40.0911
60840,40.7021
60841,38.5334
60842,38.7387
60843,41.9029
60844,39.2632
60845,39.3968
60846,38.6836
60847,38.3598
60848,38.6524
60849,39.0465
60850,39.0549
60851,44.5021
60852,42.3309
60853,39.2749
60854,42.0908
60855,38.3485
60856,41.0399
60857,39.3959
60858,38.3228
60859,35.881
60860,37.9151
60861,40.9371
60862,39.7229
60863,38.8633
60864,42.2404
60865,41.4398
60866,37.4531
60867,40.5456
60868,39.7567
60869,41.4421
60870,38.4771
60871,37.5762
60872,38.5772
60873,37.0397
60874,37.1539
60875,37.6244
60876,40.6544
60877,43.9693
60878,38.1968
60879,42.0856
60880,41.2582
60881,40.2873
60882,40.7258
60883,39.7461
60884,40.0814
60885,40.8456
60886,42.1496
60887,40.2679
60888,38.3773
60889,38.5954
60890,35.0879
60891,37.9851
60892,37.0221
60893,42.2784
60894,41.3623
60895,38.8704
60896,41.9824
60897,38.6279
60898,39.2565
60899,38.842
60900,40.156
60901,39.6281
60902,40.7111
60903,40.9313
60904,43.2874
60905,42.3187
60906,39.7112
60907,43.7584
60908,42.9628
60909,37.0625
60910,36.1204
60911,37.3918
60912,40.5836
60913,38.774
60914,37.8165
60915,39.8489
60916,37.9922
60917,38.1871
60918,38.9837
60919,42.3882
60920,41.4014
60921,41.4147
60922,41.8204
60923,40.98
60924,39.1054
60925,39.2019
60926,38.2103
60927,41.6071
60928,38.8153
60929,39.8237
60930,39.943
60931,43.3829
60932,38.5713
60933,42.7621
60934,38.9162
60935,41.0203
60936,43.0587
60937,39.9204
60938,40.5864
60939,40.6911
60940,38.8592
60941,41.0795
60942,42.1263
60943,39.9615
60944,36.8375
60945,41.9287
60946,42.4816
60947,39.7353
60948,40.0412
60949,41.635
60950,39.9412
60951,35.6179
60952,42.1061
60953,38.2803
60954,37.5663
60955,37.1296
60956,38.6449
60957,38.7328
60958,42.257
60959,40.3784
60960,40.4476
60961,38.8126
60962,39.0317
60963,40.269
60964,40.5954
60965,40.8157
60966,39.8854
60967,40.253
60968,38.2578
60969,42.3721
60970,38.7144
60971,40.0471
60972,37.1201
60973,39.3801
60974,39.6374
60975,39.7623
60976,42.0971
60977,41.8385
60978,38.0682
60979,39.2617
60980,39.5554
60981,40.0767
60982,40.1252
60983,42.3033
60984,37.9871
60985,43.1065
60986,38.1674
60987,43.3343
60988,38.6306
60989,40.3923
60990,39.1901
60991,39.2735
60992,41.4105
60993,38.6545
60994,39.5198
60995,37.7268
60996,40.0191
60997,37.0385
60998,39.2482
60999,40.6492
61000,42.3041
61001,37.3611
61002,37.6459
61003,37.0185
61004,37.3192
61005,36.5324
61006,38.8911
61007,43.1218
61008,39.8368
61009,42.1613
61010,40.3068
61011,38.4378
61012,41.4695
61013,39.3445
61014,39.7807
61015,39.3
61016,41.9461
61017,41.4728
61018,39.5491
61019,34.1663
61020,40.4621
61021,37.7778
61022,43.3086
61023,41.5458
61024,36.5576
61025,39.5845
61026,39.9156
61027,39.3315
61028,41.4101
61029,42.5215
61030,40.6015
61031,39.6453
61032,39.7079
61033,43.0321
61034,39.0824
61035,36.0981
61036,41.124
61037,42.213
61038,42.2511
61039,40.5188
61040,39.5459
61041,38.5676
61042,42.7438
61043,40.8024
61044,44.0889
61045,40.0973
61046,41.8833
61047,40.1051
61048,40.1135
61049,39.1409
61050,41.4116
61051,38.588
61052,40.3592
61053,38.7409
61054,42.8383
61055,36.1183
61056,40.1659
61057,42.0949
61058,41.1232
61059,41.9874
61060,37.2943
61061,42.8916
61062,38.3138
61063,39.5168
61064,39.6535
61065,38.9796
61066,36.2052
61067,40.2735
61068,38.4516
61069,37.5212
61070,37.1243
61071,38.6679
61072,40.0576
61073,40.3644
61074,38.7623
61075,40.2716
61076,39.1172
61077,42.0685
61078,40.3104
61079,40.5001
61080,41.8108
61081,43.1416
61082,40.359
61083,39.7936
61084,37.0561
61085,37.2533
61086,37.2823
61087,41.2352
61088,45.4273
61089,39.8047
61090,38.1802
61091,37.3925
61092,43.1711
61093,43.3441
61094,39.9079
61095,39.3718
61096,40.3863
61097,38.8598
61098,39.1394
61099,37.5253
61100,36.5783
61101,41.8794
61102,37.4832
61103,42.5864
61104,40.6625
61105,40.7936
61106,40.6543
61107,39.7526
61108,39.7611
61109,38.9859
61110,40.9943
61111,40.1863
61112,40.557
61113,37.5701
61114,43.6574
61115,39.8036
61116,40.8045
61117,38.8799
61118,41.006
61119,39.7045
61120,42.7462
61121,38.3176
61122,43.0227
61123,40.0577
61124,40.2169
61125,37.6317
61126,41.418
61127,39.5043
61128,42.1835
61129,40.2652
61130,42.3226
61131,37.5032
61132,38.7089
61133,41.7873
61134,39.1761
61135,42.4858
61136,39.938
61137,36.378
61138,44.442
61139,40.4628
61140,41.0665
61141,38.391
61142,37.7246
61143,37.7604
61144,38.1257
61145,38.7917
61146,39.9613
61147,39.1242
61148,40.1806
61149,39.8739
61150,40.753
61151,39.0308
61152,42.2443
61153,40.6148
61154,41.6579
61155,41.9822
61156,38.2901
61157,39.1926
61158,42.2142
61159,40.139
61160,39.9703
61161,42.2292
61162,38.8519
61163,41.1038
61164,36.0414
61165,42.1634
61166,38.341
61167,38.7458
61168,39.9413
61169,38.9302
61170,40.957
61171,41.4078
61172,41.2926
61173,41.3011
61174,40.6685
61175,39.2004
61176,37.6041
61177,38.3183
61178,41.5479
61179,44.7399
61180,38.6933
61181,40.989
61182,42.2842
61183,41.4329
61184,37.4688
61185,41.018
61186,41.3971
61187,40.5857
61188,42.6767
61189,42.7057
61190,40.0416
61191,42.4883
61192,42.5572
61193,38.8832
61194,42.0238
61195,39.5273
61196,40.8811
61197,41.7961
61198,41.6832
